[[[0, 51, 102],
[1, 73, 148],
[2, 90, 118],
[3, 60, 106],
[4, 86, 139],
[5, 82, 111],
[6, 52, 128],
[7, 91, 132],
[8, 66, 150],
[9, 92, 104],
[10, 99, 142],
[11, 97, 147],
[12, 78, 112],
[13, 72, 130],
[14, 88, 135],
[15, 100, 109],
[16, 68, 140],
[17, 59, 129],
[18, 79, 117],
[19, 58, 145],
[20, 69, 134],
[21, 96, 136],
[22, 76, 133],
[23, 70, 141],
[24, 64, 131],
[25, 98, 152],
[26, 55, 103],
[27, 89, 124],
[28, 83, 114],
[29, 77, 122],
[30, 57, 119],
[31, 84, 121],
[32, 95, 110],
[33, 74, 138],
[34, 94, 126],
[35, 85, 115],
[36, 53, 146],
[37, 65, 120],
[38, 81, 125],
[39, 75, 143],
[40, 56, 108],
[41, 54, 113],
[42, 61, 151],
[43, 87, 105],
[44, 62, 123],
[45, 101, 127],
[46, 71, 144],
[47, 67, 116],
[48, 93, 149],
[49, 63, 137],
[50, 80, 107]],

[[0, 81, 108],
[1, 52, 103],
[2, 74, 149],
[3, 91, 119],
[4, 61, 107],
[5, 87, 140],
[6, 83, 112],
[7, 53, 129],
[8, 92, 133],
[9, 67, 151],
[10, 93, 105],
[11, 100, 143],
[12, 98, 148],
[13, 79, 113],
[14, 73, 131],
[15, 89, 136],
[16, 101, 110],
[17, 69, 141],
[18, 60, 130],
[19, 80, 118],
[20, 59, 146],
[21, 70, 135],
[22, 97, 137],
[23, 77, 134],
[24, 71, 142],
[25, 65, 132],
[26, 99, 102],
[27, 56, 104],
[28, 90, 125],
[29, 84, 115],
[30, 78, 123],
[31, 58, 120],
[32, 85, 122],
[33, 96, 111],
[34, 75, 139],
[35, 95, 127],
[36, 86, 116],
[37, 54, 147],
[38, 66, 121],
[39, 82, 126],
[40, 76, 144],
[41, 57, 109],
[42, 55, 114],
[43, 62, 152],
[44, 88, 106],
[45, 63, 124],
[46, 51, 128],
[47, 72, 145],
[48, 68, 117],
[49, 94, 150],
[50, 64, 138]],

[[0, 65, 139],
[1, 82, 109],
[2, 53, 104],
[3, 75, 150],
[4, 92, 120],
[5, 62, 108],
[6, 88, 141],
[7, 84, 113],
[8, 54, 130],
[9, 93, 134],
[10, 68, 152],
[11, 94, 106],
[12, 101, 144],
[13, 99, 149],
[14, 80, 114],
[15, 74, 132],
[16, 90, 137],
[17, 51, 111],
[18, 70, 142],
[19, 61, 131],
[20, 81, 119],
[21, 60, 147],
[22, 71, 136],
[23, 98, 138],
[24, 78, 135],
[25, 72, 143],
[26, 66, 133],
[27, 100, 103],
[28, 57, 105],
[29, 91, 126],
[30, 85, 116],
[31, 79, 124],
[32, 59, 121],
[33, 86, 123],
[34, 97, 112],
[35, 76, 140],
[36, 96, 128],
[37, 87, 117],
[38, 55, 148],
[39, 67, 122],
[40, 83, 127],
[41, 77, 145],
[42, 58, 110],
[43, 56, 115],
[44, 63, 102],
[45, 89, 107],
[46, 64, 125],
[47, 52, 129],
[48, 73, 146],
[49, 69, 118],
[50, 95, 151]],

[[0, 96, 152],
[1, 66, 140],
[2, 83, 110],
[3, 54, 105],
[4, 76, 151],
[5, 93, 121],
[6, 63, 109],
[7, 89, 142],
[8, 85, 114],
[9, 55, 131],
[10, 94, 135],
[11, 69, 102],
[12, 95, 107],
[13, 51, 145],
[14, 100, 150],
[15, 81, 115],
[16, 75, 133],
[17, 91, 138],
[18, 52, 112],
[19, 71, 143],
[20, 62, 132],
[21, 82, 120],
[22, 61, 148],
[23, 72, 137],
[24, 99, 139],
[25, 79, 136],
[26, 73, 144],
[27, 67, 134],
[28, 101, 104],
[29, 58, 106],
[30, 92, 127],
[31, 86, 117],
[32, 80, 125],
[33, 60, 122],
[34, 87, 124],
[35, 98, 113],
[36, 77, 141],
[37, 97, 129],
[38, 88, 118],
[39, 56, 149],
[40, 68, 123],
[41, 84, 128],
[42, 78, 146],
[43, 59, 111],
[44, 57, 116],
[45, 64, 103],
[46, 90, 108],
[47, 65, 126],
[48, 53, 130],
[49, 74, 147],
[50, 70, 119]],

[[0, 71, 120],
[1, 97, 102],
[2, 67, 141],
[3, 84, 111],
[4, 55, 106],
[5, 77, 152],
[6, 94, 122],
[7, 64, 110],
[8, 90, 143],
[9, 86, 115],
[10, 56, 132],
[11, 95, 136],
[12, 70, 103],
[13, 96, 108],
[14, 52, 146],
[15, 101, 151],
[16, 82, 116],
[17, 76, 134],
[18, 92, 139],
[19, 53, 113],
[20, 72, 144],
[21, 63, 133],
[22, 83, 121],
[23, 62, 149],
[24, 73, 138],
[25, 100, 140],
[26, 80, 137],
[27, 74, 145],
[28, 68, 135],
[29, 51, 105],
[30, 59, 107],
[31, 93, 128],
[32, 87, 118],
[33, 81, 126],
[34, 61, 123],
[35, 88, 125],
[36, 99, 114],
[37, 78, 142],
[38, 98, 130],
[39, 89, 119],
[40, 57, 150],
[41, 69, 124],
[42, 85, 129],
[43, 79, 147],
[44, 60, 112],
[45, 58, 117],
[46, 65, 104],
[47, 91, 109],
[48, 66, 127],
[49, 54, 131],
[50, 75, 148]],

[[0, 76, 149],
[1, 72, 121],
[2, 98, 103],
[3, 68, 142],
[4, 85, 112],
[5, 56, 107],
[6, 78, 102],
[7, 95, 123],
[8, 65, 111],
[9, 91, 144],
[10, 87, 116],
[11, 57, 133],
[12, 96, 137],
[13, 71, 104],
[14, 97, 109],
[15, 53, 147],
[16, 51, 152],
[17, 83, 117],
[18, 77, 135],
[19, 93, 140],
[20, 54, 114],
[21, 73, 145],
[22, 64, 134],
[23, 84, 122],
[24, 63, 150],
[25, 74, 139],
[26, 101, 141],
[27, 81, 138],
[28, 75, 146],
[29, 69, 136],
[30, 52, 106],
[31, 60, 108],
[32, 94, 129],
[33, 88, 119],
[34, 82, 127],
[35, 62, 124],
[36, 89, 126],
[37, 100, 115],
[38, 79, 143],
[39, 99, 131],
[40, 90, 120],
[41, 58, 151],
[42, 70, 125],
[43, 86, 130],
[44, 80, 148],
[45, 61, 113],
[46, 59, 118],
[47, 66, 105],
[48, 92, 110],
[49, 67, 128],
[50, 55, 132]],

[[0, 56, 133],
[1, 77, 150],
[2, 73, 122],
[3, 99, 104],
[4, 69, 143],
[5, 86, 113],
[6, 57, 108],
[7, 79, 103],
[8, 96, 124],
[9, 66, 112],
[10, 92, 145],
[11, 88, 117],
[12, 58, 134],
[13, 97, 138],
[14, 72, 105],
[15, 98, 110],
[16, 54, 148],
[17, 52, 102],
[18, 84, 118],
[19, 78, 136],
[20, 94, 141],
[21, 55, 115],
[22, 74, 146],
[23, 65, 135],
[24, 85, 123],
[25, 64, 151],
[26, 75, 140],
[27, 51, 142],
[28, 82, 139],
[29, 76, 147],
[30, 70, 137],
[31, 53, 107],
[32, 61, 109],
[33, 95, 130],
[34, 89, 120],
[35, 83, 128],
[36, 63, 125],
[37, 90, 127],
[38, 101, 116],
[39, 80, 144],
[40, 100, 132],
[41, 91, 121],
[42, 59, 152],
[43, 71, 126],
[44, 87, 131],
[45, 81, 149],
[46, 62, 114],
[47, 60, 119],
[48, 67, 106],
[49, 93, 111],
[50, 68, 129]],

[[0, 69, 130],
[1, 57, 134],
[2, 78, 151],
[3, 74, 123],
[4, 100, 105],
[5, 70, 144],
[6, 87, 114],
[7, 58, 109],
[8, 80, 104],
[9, 97, 125],
[10, 67, 113],
[11, 93, 146],
[12, 89, 118],
[13, 59, 135],
[14, 98, 139],
[15, 73, 106],
[16, 99, 111],
[17, 55, 149],
[18, 53, 103],
[19, 85, 119],
[20, 79, 137],
[21, 95, 142],
[22, 56, 116],
[23, 75, 147],
[24, 66, 136],
[25, 86, 124],
[26, 65, 152],
[27, 76, 141],
[28, 52, 143],
[29, 83, 140],
[30, 77, 148],
[31, 71, 138],
[32, 54, 108],
[33, 62, 110],
[34, 96, 131],
[35, 90, 121],
[36, 84, 129],
[37, 64, 126],
[38, 91, 128],
[39, 51, 117],
[40, 81, 145],
[41, 101, 133],
[42, 92, 122],
[43, 60, 102],
[44, 72, 127],
[45, 88, 132],
[46, 82, 150],
[47, 63, 115],
[48, 61, 120],
[49, 68, 107],
[50, 94, 112]],

[[0, 95, 113],
[1, 70, 131],
[2, 58, 135],
[3, 79, 152],
[4, 75, 124],
[5, 101, 106],
[6, 71, 145],
[7, 88, 115],
[8, 59, 110],
[9, 81, 105],
[10, 98, 126],
[11, 68, 114],
[12, 94, 147],
[13, 90, 119],
[14, 60, 136],
[15, 99, 140],
[16, 74, 107],
[17, 100, 112],
[18, 56, 150],
[19, 54, 104],
[20, 86, 120],
[21, 80, 138],
[22, 96, 143],
[23, 57, 117],
[24, 76, 148],
[25, 67, 137],
[26, 87, 125],
[27, 66, 102],
[28, 77, 142],
[29, 53, 144],
[30, 84, 141],
[31, 78, 149],
[32, 72, 139],
[33, 55, 109],
[34, 63, 111],
[35, 97, 132],
[36, 91, 122],
[37, 85, 130],
[38, 65, 127],
[39, 92, 129],
[40, 52, 118],
[41, 82, 146],
[42, 51, 134],
[43, 93, 123],
[44, 61, 103],
[45, 73, 128],
[46, 89, 133],
[47, 83, 151],
[48, 64, 116],
[49, 62, 121],
[50, 69, 108]],

[[0, 70, 109],
[1, 96, 114],
[2, 71, 132],
[3, 59, 136],
[4, 80, 102],
[5, 76, 125],
[6, 51, 107],
[7, 72, 146],
[8, 89, 116],
[9, 60, 111],
[10, 82, 106],
[11, 99, 127],
[12, 69, 115],
[13, 95, 148],
[14, 91, 120],
[15, 61, 137],
[16, 100, 141],
[17, 75, 108],
[18, 101, 113],
[19, 57, 151],
[20, 55, 105],
[21, 87, 121],
[22, 81, 139],
[23, 97, 144],
[24, 58, 118],
[25, 77, 149],
[26, 68, 138],
[27, 88, 126],
[28, 67, 103],
[29, 78, 143],
[30, 54, 145],
[31, 85, 142],
[32, 79, 150],
[33, 73, 140],
[34, 56, 110],
[35, 64, 112],
[36, 98, 133],
[37, 92, 123],
[38, 86, 131],
[39, 66, 128],
[40, 93, 130],
[41, 53, 119],
[42, 83, 147],
[43, 52, 135],
[44, 94, 124],
[45, 62, 104],
[46, 74, 129],
[47, 90, 134],
[48, 84, 152],
[49, 65, 117],
[50, 63, 122]],

[[0, 64, 123],
[1, 71, 110],
[2, 97, 115],
[3, 72, 133],
[4, 60, 137],
[5, 81, 103],
[6, 77, 126],
[7, 52, 108],
[8, 73, 147],
[9, 90, 117],
[10, 61, 112],
[11, 83, 107],
[12, 100, 128],
[13, 70, 116],
[14, 96, 149],
[15, 92, 121],
[16, 62, 138],
[17, 101, 142],
[18, 76, 109],
[19, 51, 114],
[20, 58, 152],
[21, 56, 106],
[22, 88, 122],
[23, 82, 140],
[24, 98, 145],
[25, 59, 119],
[26, 78, 150],
[27, 69, 139],
[28, 89, 127],
[29, 68, 104],
[30, 79, 144],
[31, 55, 146],
[32, 86, 143],
[33, 80, 151],
[34, 74, 141],
[35, 57, 111],
[36, 65, 113],
[37, 99, 134],
[38, 93, 124],
[39, 87, 132],
[40, 67, 129],
[41, 94, 131],
[42, 54, 120],
[43, 84, 148],
[44, 53, 136],
[45, 95, 125],
[46, 63, 105],
[47, 75, 130],
[48, 91, 135],
[49, 85, 102],
[50, 66, 118]],

[[0, 67, 119],
[1, 65, 124],
[2, 72, 111],
[3, 98, 116],
[4, 73, 134],
[5, 61, 138],
[6, 82, 104],
[7, 78, 127],
[8, 53, 109],
[9, 74, 148],
[10, 91, 118],
[11, 62, 113],
[12, 84, 108],
[13, 101, 129],
[14, 71, 117],
[15, 97, 150],
[16, 93, 122],
[17, 63, 139],
[18, 51, 143],
[19, 77, 110],
[20, 52, 115],
[21, 59, 102],
[22, 57, 107],
[23, 89, 123],
[24, 83, 141],
[25, 99, 146],
[26, 60, 120],
[27, 79, 151],
[28, 70, 140],
[29, 90, 128],
[30, 69, 105],
[31, 80, 145],
[32, 56, 147],
[33, 87, 144],
[34, 81, 152],
[35, 75, 142],
[36, 58, 112],
[37, 66, 114],
[38, 100, 135],
[39, 94, 125],
[40, 88, 133],
[41, 68, 130],
[42, 95, 132],
[43, 55, 121],
[44, 85, 149],
[45, 54, 137],
[46, 96, 126],
[47, 64, 106],
[48, 76, 131],
[49, 92, 136],
[50, 86, 103]],

[[0, 87, 104],
[1, 68, 120],
[2, 66, 125],
[3, 73, 112],
[4, 99, 117],
[5, 74, 135],
[6, 62, 139],
[7, 83, 105],
[8, 79, 128],
[9, 54, 110],
[10, 75, 149],
[11, 92, 119],
[12, 63, 114],
[13, 85, 109],
[14, 51, 130],
[15, 72, 118],
[16, 98, 151],
[17, 94, 123],
[18, 64, 140],
[19, 52, 144],
[20, 78, 111],
[21, 53, 116],
[22, 60, 103],
[23, 58, 108],
[24, 90, 124],
[25, 84, 142],
[26, 100, 147],
[27, 61, 121],
[28, 80, 152],
[29, 71, 141],
[30, 91, 129],
[31, 70, 106],
[32, 81, 146],
[33, 57, 148],
[34, 88, 145],
[35, 82, 102],
[36, 76, 143],
[37, 59, 113],
[38, 67, 115],
[39, 101, 136],
[40, 95, 126],
[41, 89, 134],
[42, 69, 131],
[43, 96, 133],
[44, 56, 122],
[45, 86, 150],
[46, 55, 138],
[47, 97, 127],
[48, 65, 107],
[49, 77, 132],
[50, 93, 137]],

[[0, 94, 138],
[1, 88, 105],
[2, 69, 121],
[3, 67, 126],
[4, 74, 113],
[5, 100, 118],
[6, 75, 136],
[7, 63, 140],
[8, 84, 106],
[9, 80, 129],
[10, 55, 111],
[11, 76, 150],
[12, 93, 120],
[13, 64, 115],
[14, 86, 110],
[15, 52, 131],
[16, 73, 119],
[17, 99, 152],
[18, 95, 124],
[19, 65, 141],
[20, 53, 145],
[21, 79, 112],
[22, 54, 117],
[23, 61, 104],
[24, 59, 109],
[25, 91, 125],
[26, 85, 143],
[27, 101, 148],
[28, 62, 122],
[29, 81, 102],
[30, 72, 142],
[31, 92, 130],
[32, 71, 107],
[33, 82, 147],
[34, 58, 149],
[35, 89, 146],
[36, 83, 103],
[37, 77, 144],
[38, 60, 114],
[39, 68, 116],
[40, 51, 137],
[41, 96, 127],
[42, 90, 135],
[43, 70, 132],
[44, 97, 134],
[45, 57, 123],
[46, 87, 151],
[47, 56, 139],
[48, 98, 128],
[49, 66, 108],
[50, 78, 133]],

[[0, 79, 134],
[1, 95, 139],
[2, 89, 106],
[3, 70, 122],
[4, 68, 127],
[5, 75, 114],
[6, 101, 119],
[7, 76, 137],
[8, 64, 141],
[9, 85, 107],
[10, 81, 130],
[11, 56, 112],
[12, 77, 151],
[13, 94, 121],
[14, 65, 116],
[15, 87, 111],
[16, 53, 132],
[17, 74, 120],
[18, 100, 102],
[19, 96, 125],
[20, 66, 142],
[21, 54, 146],
[22, 80, 113],
[23, 55, 118],
[24, 62, 105],
[25, 60, 110],
[26, 92, 126],
[27, 86, 144],
[28, 51, 149],
[29, 63, 123],
[30, 82, 103],
[31, 73, 143],
[32, 93, 131],
[33, 72, 108],
[34, 83, 148],
[35, 59, 150],
[36, 90, 147],
[37, 84, 104],
[38, 78, 145],
[39, 61, 115],
[40, 69, 117],
[41, 52, 138],
[42, 97, 128],
[43, 91, 136],
[44, 71, 133],
[45, 98, 135],
[46, 58, 124],
[47, 88, 152],
[48, 57, 140],
[49, 99, 129],
[50, 67, 109]],

[[0, 68, 110],
[1, 80, 135],
[2, 96, 140],
[3, 90, 107],
[4, 71, 123],
[5, 69, 128],
[6, 76, 115],
[7, 51, 120],
[8, 77, 138],
[9, 65, 142],
[10, 86, 108],
[11, 82, 131],
[12, 57, 113],
[13, 78, 152],
[14, 95, 122],
[15, 66, 117],
[16, 88, 112],
[17, 54, 133],
[18, 75, 121],
[19, 101, 103],
[20, 97, 126],
[21, 67, 143],
[22, 55, 147],
[23, 81, 114],
[24, 56, 119],
[25, 63, 106],
[26, 61, 111],
[27, 93, 127],
[28, 87, 145],
[29, 52, 150],
[30, 64, 124],
[31, 83, 104],
[32, 74, 144],
[33, 94, 132],
[34, 73, 109],
[35, 84, 149],
[36, 60, 151],
[37, 91, 148],
[38, 85, 105],
[39, 79, 146],
[40, 62, 116],
[41, 70, 118],
[42, 53, 139],
[43, 98, 129],
[44, 92, 137],
[45, 72, 134],
[46, 99, 136],
[47, 59, 125],
[48, 89, 102],
[49, 58, 141],
[50, 100, 130]],

[[0, 101, 131],
[1, 69, 111],
[2, 81, 136],
[3, 97, 141],
[4, 91, 108],
[5, 72, 124],
[6, 70, 129],
[7, 77, 116],
[8, 52, 121],
[9, 78, 139],
[10, 66, 143],
[11, 87, 109],
[12, 83, 132],
[13, 58, 114],
[14, 79, 102],
[15, 96, 123],
[16, 67, 118],
[17, 89, 113],
[18, 55, 134],
[19, 76, 122],
[20, 51, 104],
[21, 98, 127],
[22, 68, 144],
[23, 56, 148],
[24, 82, 115],
[25, 57, 120],
[26, 64, 107],
[27, 62, 112],
[28, 94, 128],
[29, 88, 146],
[30, 53, 151],
[31, 65, 125],
[32, 84, 105],
[33, 75, 145],
[34, 95, 133],
[35, 74, 110],
[36, 85, 150],
[37, 61, 152],
[38, 92, 149],
[39, 86, 106],
[40, 80, 147],
[41, 63, 117],
[42, 71, 119],
[43, 54, 140],
[44, 99, 130],
[45, 93, 138],
[46, 73, 135],
[47, 100, 137],
[48, 60, 126],
[49, 90, 103],
[50, 59, 142]],

[[0, 60, 143],
[1, 51, 132],
[2, 70, 112],
[3, 82, 137],
[4, 98, 142],
[5, 92, 109],
[6, 73, 125],
[7, 71, 130],
[8, 78, 117],
[9, 53, 122],
[10, 79, 140],
[11, 67, 144],
[12, 88, 110],
[13, 84, 133],
[14, 59, 115],
[15, 80, 103],
[16, 97, 124],
[17, 68, 119],
[18, 90, 114],
[19, 56, 135],
[20, 77, 123],
[21, 52, 105],
[22, 99, 128],
[23, 69, 145],
[24, 57, 149],
[25, 83, 116],
[26, 58, 121],
[27, 65, 108],
[28, 63, 113],
[29, 95, 129],
[30, 89, 147],
[31, 54, 152],
[32, 66, 126],
[33, 85, 106],
[34, 76, 146],
[35, 96, 134],
[36, 75, 111],
[37, 86, 151],
[38, 62, 102],
[39, 93, 150],
[40, 87, 107],
[41, 81, 148],
[42, 64, 118],
[43, 72, 120],
[44, 55, 141],
[45, 100, 131],
[46, 94, 139],
[47, 74, 136],
[48, 101, 138],
[49, 61, 127],
[50, 91, 104]],

[[0, 92, 105],
[1, 61, 144],
[2, 52, 133],
[3, 71, 113],
[4, 83, 138],
[5, 99, 143],
[6, 93, 110],
[7, 74, 126],
[8, 72, 131],
[9, 79, 118],
[10, 54, 123],
[11, 80, 141],
[12, 68, 145],
[13, 89, 111],
[14, 85, 134],
[15, 60, 116],
[16, 81, 104],
[17, 98, 125],
[18, 69, 120],
[19, 91, 115],
[20, 57, 136],
[21, 78, 124],
[22, 53, 106],
[23, 100, 129],
[24, 70, 146],
[25, 58, 150],
[26, 84, 117],
[27, 59, 122],
[28, 66, 109],
[29, 64, 114],
[30, 96, 130],
[31, 90, 148],
[32, 55, 102],
[33, 67, 127],
[34, 86, 107],
[35, 77, 147],
[36, 97, 135],
[37, 76, 112],
[38, 87, 152],
[39, 63, 103],
[40, 94, 151],
[41, 88, 108],
[42, 82, 149],
[43, 65, 119],
[44, 73, 121],
[45, 56, 142],
[46, 101, 132],
[47, 95, 140],
[48, 75, 137],
[49, 51, 139],
[50, 62, 128]],

[[0, 63, 129],
[1, 93, 106],
[2, 62, 145],
[3, 53, 134],
[4, 72, 114],
[5, 84, 139],
[6, 100, 144],
[7, 94, 111],
[8, 75, 127],
[9, 73, 132],
[10, 80, 119],
[11, 55, 124],
[12, 81, 142],
[13, 69, 146],
[14, 90, 112],
[15, 86, 135],
[16, 61, 117],
[17, 82, 105],
[18, 99, 126],
[19, 70, 121],
[20, 92, 116],
[21, 58, 137],
[22, 79, 125],
[23, 54, 107],
[24, 101, 130],
[25, 71, 147],
[26, 59, 151],
[27, 85, 118],
[28, 60, 123],
[29, 67, 110],
[30, 65, 115],
[31, 97, 131],
[32, 91, 149],
[33, 56, 103],
[34, 68, 128],
[35, 87, 108],
[36, 78, 148],
[37, 98, 136],
[38, 77, 113],
[39, 88, 102],
[40, 64, 104],
[41, 95, 152],
[42, 89, 109],
[43, 83, 150],
[44, 66, 120],
[45, 74, 122],
[46, 57, 143],
[47, 51, 133],
[48, 96, 141],
[49, 76, 138],
[50, 52, 140]],

[[0, 53, 141],
[1, 64, 130],
[2, 94, 107],
[3, 63, 146],
[4, 54, 135],
[5, 73, 115],
[6, 85, 140],
[7, 101, 145],
[8, 95, 112],
[9, 76, 128],
[10, 74, 133],
[11, 81, 120],
[12, 56, 125],
[13, 82, 143],
[14, 70, 147],
[15, 91, 113],
[16, 87, 136],
[17, 62, 118],
[18, 83, 106],
[19, 100, 127],
[20, 71, 122],
[21, 93, 117],
[22, 59, 138],
[23, 80, 126],
[24, 55, 108],
[25, 51, 131],
[26, 72, 148],
[27, 60, 152],
[28, 86, 119],
[29, 61, 124],
[30, 68, 111],
[31, 66, 116],
[32, 98, 132],
[33, 92, 150],
[34, 57, 104],
[35, 69, 129],
[36, 88, 109],
[37, 79, 149],
[38, 99, 137],
[39, 78, 114],
[40, 89, 103],
[41, 65, 105],
[42, 96, 102],
[43, 90, 110],
[44, 84, 151],
[45, 67, 121],
[46, 75, 123],
[47, 58, 144],
[48, 52, 134],
[49, 97, 142],
[50, 77, 139]],

[[0, 78, 140],
[1, 54, 142],
[2, 65, 131],
[3, 95, 108],
[4, 64, 147],
[5, 55, 136],
[6, 74, 116],
[7, 86, 141],
[8, 51, 146],
[9, 96, 113],
[10, 77, 129],
[11, 75, 134],
[12, 82, 121],
[13, 57, 126],
[14, 83, 144],
[15, 71, 148],
[16, 92, 114],
[17, 88, 137],
[18, 63, 119],
[19, 84, 107],
[20, 101, 128],
[21, 72, 123],
[22, 94, 118],
[23, 60, 139],
[24, 81, 127],
[25, 56, 109],
[26, 52, 132],
[27, 73, 149],
[28, 61, 102],
[29, 87, 120],
[30, 62, 125],
[31, 69, 112],
[32, 67, 117],
[33, 99, 133],
[34, 93, 151],
[35, 58, 105],
[36, 70, 130],
[37, 89, 110],
[38, 80, 150],
[39, 100, 138],
[40, 79, 115],
[41, 90, 104],
[42, 66, 106],
[43, 97, 103],
[44, 91, 111],
[45, 85, 152],
[46, 68, 122],
[47, 76, 124],
[48, 59, 145],
[49, 53, 135],
[50, 98, 143]],

[[0, 99, 144],
[1, 79, 141],
[2, 55, 143],
[3, 66, 132],
[4, 96, 109],
[5, 65, 148],
[6, 56, 137],
[7, 75, 117],
[8, 87, 142],
[9, 52, 147],
[10, 97, 114],
[11, 78, 130],
[12, 76, 135],
[13, 83, 122],
[14, 58, 127],
[15, 84, 145],
[16, 72, 149],
[17, 93, 115],
[18, 89, 138],
[19, 64, 120],
[20, 85, 108],
[21, 51, 129],
[22, 73, 124],
[23, 95, 119],
[24, 61, 140],
[25, 82, 128],
[26, 57, 110],
[27, 53, 133],
[28, 74, 150],
[29, 62, 103],
[30, 88, 121],
[31, 63, 126],
[32, 70, 113],
[33, 68, 118],
[34, 100, 134],
[35, 94, 152],
[36, 59, 106],
[37, 71, 131],
[38, 90, 111],
[39, 81, 151],
[40, 101, 139],
[41, 80, 116],
[42, 91, 105],
[43, 67, 107],
[44, 98, 104],
[45, 92, 112],
[46, 86, 102],
[47, 69, 123],
[48, 77, 125],
[49, 60, 146],
[50, 54, 136]],

[[0, 55, 137],
[1, 100, 145],
[2, 80, 142],
[3, 56, 144],
[4, 67, 133],
[5, 97, 110],
[6, 66, 149],
[7, 57, 138],
[8, 76, 118],
[9, 88, 143],
[10, 53, 148],
[11, 98, 115],
[12, 79, 131],
[13, 77, 136],
[14, 84, 123],
[15, 59, 128],
[16, 85, 146],
[17, 73, 150],
[18, 94, 116],
[19, 90, 139],
[20, 65, 121],
[21, 86, 109],
[22, 52, 130],
[23, 74, 125],
[24, 96, 120],
[25, 62, 141],
[26, 83, 129],
[27, 58, 111],
[28, 54, 134],
[29, 75, 151],
[30, 63, 104],
[31, 89, 122],
[32, 64, 127],
[33, 71, 114],
[34, 69, 119],
[35, 101, 135],
[36, 95, 102],
[37, 60, 107],
[38, 72, 132],
[39, 91, 112],
[40, 82, 152],
[41, 51, 140],
[42, 81, 117],
[43, 92, 106],
[44, 68, 108],
[45, 99, 105],
[46, 93, 113],
[47, 87, 103],
[48, 70, 124],
[49, 78, 126],
[50, 61, 147]],

[[0, 62, 148],
[1, 56, 138],
[2, 101, 146],
[3, 81, 143],
[4, 57, 145],
[5, 68, 134],
[6, 98, 111],
[7, 67, 150],
[8, 58, 139],
[9, 77, 119],
[10, 89, 144],
[11, 54, 149],
[12, 99, 116],
[13, 80, 132],
[14, 78, 137],
[15, 85, 124],
[16, 60, 129],
[17, 86, 147],
[18, 74, 151],
[19, 95, 117],
[20, 91, 140],
[21, 66, 122],
[22, 87, 110],
[23, 53, 131],
[24, 75, 126],
[25, 97, 121],
[26, 63, 142],
[27, 84, 130],
[28, 59, 112],
[29, 55, 135],
[30, 76, 152],
[31, 64, 105],
[32, 90, 123],
[33, 65, 128],
[34, 72, 115],
[35, 70, 120],
[36, 51, 136],
[37, 96, 103],
[38, 61, 108],
[39, 73, 133],
[40, 92, 113],
[41, 83, 102],
[42, 52, 141],
[43, 82, 118],
[44, 93, 107],
[45, 69, 109],
[46, 100, 106],
[47, 94, 114],
[48, 88, 104],
[49, 71, 125],
[50, 79, 127]],

[[0, 80, 128],
[1, 63, 149],
[2, 57, 139],
[3, 51, 147],
[4, 82, 144],
[5, 58, 146],
[6, 69, 135],
[7, 99, 112],
[8, 68, 151],
[9, 59, 140],
[10, 78, 120],
[11, 90, 145],
[12, 55, 150],
[13, 100, 117],
[14, 81, 133],
[15, 79, 138],
[16, 86, 125],
[17, 61, 130],
[18, 87, 148],
[19, 75, 152],
[20, 96, 118],
[21, 92, 141],
[22, 67, 123],
[23, 88, 111],
[24, 54, 132],
[25, 76, 127],
[26, 98, 122],
[27, 64, 143],
[28, 85, 131],
[29, 60, 113],
[30, 56, 136],
[31, 77, 102],
[32, 65, 106],
[33, 91, 124],
[34, 66, 129],
[35, 73, 116],
[36, 71, 121],
[37, 52, 137],
[38, 97, 104],
[39, 62, 109],
[40, 74, 134],
[41, 93, 114],
[42, 84, 103],
[43, 53, 142],
[44, 83, 119],
[45, 94, 108],
[46, 70, 110],
[47, 101, 107],
[48, 95, 115],
[49, 89, 105],
[50, 72, 126]],

[[0, 73, 127],
[1, 81, 129],
[2, 64, 150],
[3, 58, 140],
[4, 52, 148],
[5, 83, 145],
[6, 59, 147],
[7, 70, 136],
[8, 100, 113],
[9, 69, 152],
[10, 60, 141],
[11, 79, 121],
[12, 91, 146],
[13, 56, 151],
[14, 101, 118],
[15, 82, 134],
[16, 80, 139],
[17, 87, 126],
[18, 62, 131],
[19, 88, 149],
[20, 76, 102],
[21, 97, 119],
[22, 93, 142],
[23, 68, 124],
[24, 89, 112],
[25, 55, 133],
[26, 77, 128],
[27, 99, 123],
[28, 65, 144],
[29, 86, 132],
[30, 61, 114],
[31, 57, 137],
[32, 78, 103],
[33, 66, 107],
[34, 92, 125],
[35, 67, 130],
[36, 74, 117],
[37, 72, 122],
[38, 53, 138],
[39, 98, 105],
[40, 63, 110],
[41, 75, 135],
[42, 94, 115],
[43, 85, 104],
[44, 54, 143],
[45, 84, 120],
[46, 95, 109],
[47, 71, 111],
[48, 51, 108],
[49, 96, 116],
[50, 90, 106]],

[[0, 91, 107],
[1, 74, 128],
[2, 82, 130],
[3, 65, 151],
[4, 59, 141],
[5, 53, 149],
[6, 84, 146],
[7, 60, 148],
[8, 71, 137],
[9, 101, 114],
[10, 70, 102],
[11, 61, 142],
[12, 80, 122],
[13, 92, 147],
[14, 57, 152],
[15, 51, 119],
[16, 83, 135],
[17, 81, 140],
[18, 88, 127],
[19, 63, 132],
[20, 89, 150],
[21, 77, 103],
[22, 98, 120],
[23, 94, 143],
[24, 69, 125],
[25, 90, 113],
[26, 56, 134],
[27, 78, 129],
[28, 100, 124],
[29, 66, 145],
[30, 87, 133],
[31, 62, 115],
[32, 58, 138],
[33, 79, 104],
[34, 67, 108],
[35, 93, 126],
[36, 68, 131],
[37, 75, 118],
[38, 73, 123],
[39, 54, 139],
[40, 99, 106],
[41, 64, 111],
[42, 76, 136],
[43, 95, 116],
[44, 86, 105],
[45, 55, 144],
[46, 85, 121],
[47, 96, 110],
[48, 72, 112],
[49, 52, 109],
[50, 97, 117]],

[[0, 98, 118],
[1, 92, 108],
[2, 75, 129],
[3, 83, 131],
[4, 66, 152],
[5, 60, 142],
[6, 54, 150],
[7, 85, 147],
[8, 61, 149],
[9, 72, 138],
[10, 51, 115],
[11, 71, 103],
[12, 62, 143],
[13, 81, 123],
[14, 93, 148],
[15, 58, 102],
[16, 52, 120],
[17, 84, 136],
[18, 82, 141],
[19, 89, 128],
[20, 64, 133],
[21, 90, 151],
[22, 78, 104],
[23, 99, 121],
[24, 95, 144],
[25, 70, 126],
[26, 91, 114],
[27, 57, 135],
[28, 79, 130],
[29, 101, 125],
[30, 67, 146],
[31, 88, 134],
[32, 63, 116],
[33, 59, 139],
[34, 80, 105],
[35, 68, 109],
[36, 94, 127],
[37, 69, 132],
[38, 76, 119],
[39, 74, 124],
[40, 55, 140],
[41, 100, 107],
[42, 65, 112],
[43, 77, 137],
[44, 96, 117],
[45, 87, 106],
[46, 56, 145],
[47, 86, 122],
[48, 97, 111],
[49, 73, 113],
[50, 53, 110]],

[[0, 54, 111],
[1, 99, 119],
[2, 93, 109],
[3, 76, 130],
[4, 84, 132],
[5, 67, 102],
[6, 61, 143],
[7, 55, 151],
[8, 86, 148],
[9, 62, 150],
[10, 73, 139],
[11, 52, 116],
[12, 72, 104],
[13, 63, 144],
[14, 82, 124],
[15, 94, 149],
[16, 59, 103],
[17, 53, 121],
[18, 85, 137],
[19, 83, 142],
[20, 90, 129],
[21, 65, 134],
[22, 91, 152],
[23, 79, 105],
[24, 100, 122],
[25, 96, 145],
[26, 71, 127],
[27, 92, 115],
[28, 58, 136],
[29, 80, 131],
[30, 51, 126],
[31, 68, 147],
[32, 89, 135],
[33, 64, 117],
[34, 60, 140],
[35, 81, 106],
[36, 69, 110],
[37, 95, 128],
[38, 70, 133],
[39, 77, 120],
[40, 75, 125],
[41, 56, 141],
[42, 101, 108],
[43, 66, 113],
[44, 78, 138],
[45, 97, 118],
[46, 88, 107],
[47, 57, 146],
[48, 87, 123],
[49, 98, 112],
[50, 74, 114]],

[[0, 75, 115],
[1, 55, 112],
[2, 100, 120],
[3, 94, 110],
[4, 77, 131],
[5, 85, 133],
[6, 68, 103],
[7, 62, 144],
[8, 56, 152],
[9, 87, 149],
[10, 63, 151],
[11, 74, 140],
[12, 53, 117],
[13, 73, 105],
[14, 64, 145],
[15, 83, 125],
[16, 95, 150],
[17, 60, 104],
[18, 54, 122],
[19, 86, 138],
[20, 84, 143],
[21, 91, 130],
[22, 66, 135],
[23, 92, 102],
[24, 80, 106],
[25, 101, 123],
[26, 97, 146],
[27, 72, 128],
[28, 93, 116],
[29, 59, 137],
[30, 81, 132],
[31, 52, 127],
[32, 69, 148],
[33, 90, 136],
[34, 65, 118],
[35, 61, 141],
[36, 82, 107],
[37, 70, 111],
[38, 96, 129],
[39, 71, 134],
[40, 78, 121],
[41, 76, 126],
[42, 57, 142],
[43, 51, 109],
[44, 67, 114],
[45, 79, 139],
[46, 98, 119],
[47, 89, 108],
[48, 58, 147],
[49, 88, 124],
[50, 99, 113]],

[[0, 100, 114],
[1, 76, 116],
[2, 56, 113],
[3, 101, 121],
[4, 95, 111],
[5, 78, 132],
[6, 86, 134],
[7, 69, 104],
[8, 63, 145],
[9, 57, 102],
[10, 88, 150],
[11, 64, 152],
[12, 75, 141],
[13, 54, 118],
[14, 74, 106],
[15, 65, 146],
[16, 84, 126],
[17, 96, 151],
[18, 61, 105],
[19, 55, 123],
[20, 87, 139],
[21, 85, 144],
[22, 92, 131],
[23, 67, 136],
[24, 93, 103],
[25, 81, 107],
[26, 51, 124],
[27, 98, 147],
[28, 73, 129],
[29, 94, 117],
[30, 60, 138],
[31, 82, 133],
[32, 53, 128],
[33, 70, 149],
[34, 91, 137],
[35, 66, 119],
[36, 62, 142],
[37, 83, 108],
[38, 71, 112],
[39, 97, 130],
[40, 72, 135],
[41, 79, 122],
[42, 77, 127],
[43, 58, 143],
[44, 52, 110],
[45, 68, 115],
[46, 80, 140],
[47, 99, 120],
[48, 90, 109],
[49, 59, 148],
[50, 89, 125]],

[[0, 90, 126],
[1, 101, 115],
[2, 77, 117],
[3, 57, 114],
[4, 51, 122],
[5, 96, 112],
[6, 79, 133],
[7, 87, 135],
[8, 70, 105],
[9, 64, 146],
[10, 58, 103],
[11, 89, 151],
[12, 65, 102],
[13, 76, 142],
[14, 55, 119],
[15, 75, 107],
[16, 66, 147],
[17, 85, 127],
[18, 97, 152],
[19, 62, 106],
[20, 56, 124],
[21, 88, 140],
[22, 86, 145],
[23, 93, 132],
[24, 68, 137],
[25, 94, 104],
[26, 82, 108],
[27, 52, 125],
[28, 99, 148],
[29, 74, 130],
[30, 95, 118],
[31, 61, 139],
[32, 83, 134],
[33, 54, 129],
[34, 71, 150],
[35, 92, 138],
[36, 67, 120],
[37, 63, 143],
[38, 84, 109],
[39, 72, 113],
[40, 98, 131],
[41, 73, 136],
[42, 80, 123],
[43, 78, 128],
[44, 59, 144],
[45, 53, 111],
[46, 69, 116],
[47, 81, 141],
[48, 100, 121],
[49, 91, 110],
[50, 60, 149]],

[[0, 61, 150],
[1, 91, 127],
[2, 51, 116],
[3, 78, 118],
[4, 58, 115],
[5, 52, 123],
[6, 97, 113],
[7, 80, 134],
[8, 88, 136],
[9, 71, 106],
[10, 65, 147],
[11, 59, 104],
[12, 90, 152],
[13, 66, 103],
[14, 77, 143],
[15, 56, 120],
[16, 76, 108],
[17, 67, 148],
[18, 86, 128],
[19, 98, 102],
[20, 63, 107],
[21, 57, 125],
[22, 89, 141],
[23, 87, 146],
[24, 94, 133],
[25, 69, 138],
[26, 95, 105],
[27, 83, 109],
[28, 53, 126],
[29, 100, 149],
[30, 75, 131],
[31, 96, 119],
[32, 62, 140],
[33, 84, 135],
[34, 55, 130],
[35, 72, 151],
[36, 93, 139],
[37, 68, 121],
[38, 64, 144],
[39, 85, 110],
[40, 73, 114],
[41, 99, 132],
[42, 74, 137],
[43, 81, 124],
[44, 79, 129],
[45, 60, 145],
[46, 54, 112],
[47, 70, 117],
[48, 82, 142],
[49, 101, 122],
[50, 92, 111]],

[[0, 93, 112],
[1, 62, 151],
[2, 92, 128],
[3, 52, 117],
[4, 79, 119],
[5, 59, 116],
[6, 53, 124],
[7, 98, 114],
[8, 81, 135],
[9, 89, 137],
[10, 72, 107],
[11, 66, 148],
[12, 60, 105],
[13, 91, 102],
[14, 67, 104],
[15, 78, 144],
[16, 57, 121],
[17, 77, 109],
[18, 68, 149],
[19, 87, 129],
[20, 99, 103],
[21, 64, 108],
[22, 58, 126],
[23, 90, 142],
[24, 88, 147],
[25, 95, 134],
[26, 70, 139],
[27, 96, 106],
[28, 84, 110],
[29, 54, 127],
[30, 101, 150],
[31, 76, 132],
[32, 97, 120],
[33, 63, 141],
[34, 85, 136],
[35, 56, 131],
[36, 73, 152],
[37, 94, 140],
[38, 69, 122],
[39, 65, 145],
[40, 86, 111],
[41, 74, 115],
[42, 100, 133],
[43, 75, 138],
[44, 82, 125],
[45, 80, 130],
[46, 61, 146],
[47, 55, 113],
[48, 71, 118],
[49, 83, 143],
[50, 51, 123]],

[[0, 52, 124],
[1, 94, 113],
[2, 63, 152],
[3, 93, 129],
[4, 53, 118],
[5, 80, 120],
[6, 60, 117],
[7, 54, 125],
[8, 99, 115],
[9, 82, 136],
[10, 90, 138],
[11, 73, 108],
[12, 67, 149],
[13, 61, 106],
[14, 92, 103],
[15, 68, 105],
[16, 79, 145],
[17, 58, 122],
[18, 78, 110],
[19, 69, 150],
[20, 88, 130],
[21, 100, 104],
[22, 65, 109],
[23, 59, 127],
[24, 91, 143],
[25, 89, 148],
[26, 96, 135],
[27, 71, 140],
[28, 97, 107],
[29, 85, 111],
[30, 55, 128],
[31, 51, 151],
[32, 77, 133],
[33, 98, 121],
[34, 64, 142],
[35, 86, 137],
[36, 57, 132],
[37, 74, 102],
[38, 95, 141],
[39, 70, 123],
[40, 66, 146],
[41, 87, 112],
[42, 75, 116],
[43, 101, 134],
[44, 76, 139],
[45, 83, 126],
[46, 81, 131],
[47, 62, 147],
[48, 56, 114],
[49, 72, 119],
[50, 84, 144]],

[[0, 85, 145],
[1, 53, 125],
[2, 95, 114],
[3, 64, 102],
[4, 94, 130],
[5, 54, 119],
[6, 81, 121],
[7, 61, 118],
[8, 55, 126],
[9, 100, 116],
[10, 83, 137],
[11, 91, 139],
[12, 74, 109],
[13, 68, 150],
[14, 62, 107],
[15, 93, 104],
[16, 69, 106],
[17, 80, 146],
[18, 59, 123],
[19, 79, 111],
[20, 70, 151],
[21, 89, 131],
[22, 101, 105],
[23, 66, 110],
[24, 60, 128],
[25, 92, 144],
[26, 90, 149],
[27, 97, 136],
[28, 72, 141],
[29, 98, 108],
[30, 86, 112],
[31, 56, 129],
[32, 52, 152],
[33, 78, 134],
[34, 99, 122],
[35, 65, 143],
[36, 87, 138],
[37, 58, 133],
[38, 75, 103],
[39, 96, 142],
[40, 71, 124],
[41, 67, 147],
[42, 88, 113],
[43, 76, 117],
[44, 51, 135],
[45, 77, 140],
[46, 84, 127],
[47, 82, 132],
[48, 63, 148],
[49, 57, 115],
[50, 73, 120]],

[[0, 74, 121],
[1, 86, 146],
[2, 54, 126],
[3, 96, 115],
[4, 65, 103],
[5, 95, 131],
[6, 55, 120],
[7, 82, 122],
[8, 62, 119],
[9, 56, 127],
[10, 101, 117],
[11, 84, 138],
[12, 92, 140],
[13, 75, 110],
[14, 69, 151],
[15, 63, 108],
[16, 94, 105],
[17, 70, 107],
[18, 81, 147],
[19, 60, 124],
[20, 80, 112],
[21, 71, 152],
[22, 90, 132],
[23, 51, 106],
[24, 67, 111],
[25, 61, 129],
[26, 93, 145],
[27, 91, 150],
[28, 98, 137],
[29, 73, 142],
[30, 99, 109],
[31, 87, 113],
[32, 57, 130],
[33, 53, 102],
[34, 79, 135],
[35, 100, 123],
[36, 66, 144],
[37, 88, 139],
[38, 59, 134],
[39, 76, 104],
[40, 97, 143],
[41, 72, 125],
[42, 68, 148],
[43, 89, 114],
[44, 77, 118],
[45, 52, 136],
[46, 78, 141],
[47, 85, 128],
[48, 83, 133],
[49, 64, 149],
[50, 58, 116]],

[[0, 59, 117],
[1, 75, 122],
[2, 87, 147],
[3, 55, 127],
[4, 97, 116],
[5, 66, 104],
[6, 96, 132],
[7, 56, 121],
[8, 83, 123],
[9, 63, 120],
[10, 57, 128],
[11, 51, 118],
[12, 85, 139],
[13, 93, 141],
[14, 76, 111],
[15, 70, 152],
[16, 64, 109],
[17, 95, 106],
[18, 71, 108],
[19, 82, 148],
[20, 61, 125],
[21, 81, 113],
[22, 72, 102],
[23, 91, 133],
[24, 52, 107],
[25, 68, 112],
[26, 62, 130],
[27, 94, 146],
[28, 92, 151],
[29, 99, 138],
[30, 74, 143],
[31, 100, 110],
[32, 88, 114],
[33, 58, 131],
[34, 54, 103],
[35, 80, 136],
[36, 101, 124],
[37, 67, 145],
[38, 89, 140],
[39, 60, 135],
[40, 77, 105],
[41, 98, 144],
[42, 73, 126],
[43, 69, 149],
[44, 90, 115],
[45, 78, 119],
[46, 53, 137],
[47, 79, 142],
[48, 86, 129],
[49, 84, 134],
[50, 65, 150]],

[[0, 66, 151],
[1, 60, 118],
[2, 76, 123],
[3, 88, 148],
[4, 56, 128],
[5, 98, 117],
[6, 67, 105],
[7, 97, 133],
[8, 57, 122],
[9, 84, 124],
[10, 64, 121],
[11, 58, 129],
[12, 52, 119],
[13, 86, 140],
[14, 94, 142],
[15, 77, 112],
[16, 71, 102],
[17, 65, 110],
[18, 96, 107],
[19, 72, 109],
[20, 83, 149],
[21, 62, 126],
[22, 82, 114],
[23, 73, 103],
[24, 92, 134],
[25, 53, 108],
[26, 69, 113],
[27, 63, 131],
[28, 95, 147],
[29, 93, 152],
[30, 100, 139],
[31, 75, 144],
[32, 101, 111],
[33, 89, 115],
[34, 59, 132],
[35, 55, 104],
[36, 81, 137],
[37, 51, 125],
[38, 68, 146],
[39, 90, 141],
[40, 61, 136],
[41, 78, 106],
[42, 99, 145],
[43, 74, 127],
[44, 70, 150],
[45, 91, 116],
[46, 79, 120],
[47, 54, 138],
[48, 80, 143],
[49, 87, 130],
[50, 85, 135]],

[[0, 86, 136],
[1, 67, 152],
[2, 61, 119],
[3, 77, 124],
[4, 89, 149],
[5, 57, 129],
[6, 99, 118],
[7, 68, 106],
[8, 98, 134],
[9, 58, 123],
[10, 85, 125],
[11, 65, 122],
[12, 59, 130],
[13, 53, 120],
[14, 87, 141],
[15, 95, 143],
[16, 78, 113],
[17, 72, 103],
[18, 66, 111],
[19, 97, 108],
[20, 73, 110],
[21, 84, 150],
[22, 63, 127],
[23, 83, 115],
[24, 74, 104],
[25, 93, 135],
[26, 54, 109],
[27, 70, 114],
[28, 64, 132],
[29, 96, 148],
[30, 94, 102],
[31, 101, 140],
[32, 76, 145],
[33, 51, 112],
[34, 90, 116],
[35, 60, 133],
[36, 56, 105],
[37, 82, 138],
[38, 52, 126],
[39, 69, 147],
[40, 91, 142],
[41, 62, 137],
[42, 79, 107],
[43, 100, 146],
[44, 75, 128],
[45, 71, 151],
[46, 92, 117],
[47, 80, 121],
[48, 55, 139],
[49, 81, 144],
[50, 88, 131]],

[[0, 89, 132],
[1, 87, 137],
[2, 68, 102],
[3, 62, 120],
[4, 78, 125],
[5, 90, 150],
[6, 58, 130],
[7, 100, 119],
[8, 69, 107],
[9, 99, 135],
[10, 59, 124],
[11, 86, 126],
[12, 66, 123],
[13, 60, 131],
[14, 54, 121],
[15, 88, 142],
[16, 96, 144],
[17, 79, 114],
[18, 73, 104],
[19, 67, 112],
[20, 98, 109],
[21, 74, 111],
[22, 85, 151],
[23, 64, 128],
[24, 84, 116],
[25, 75, 105],
[26, 94, 136],
[27, 55, 110],
[28, 71, 115],
[29, 65, 133],
[30, 97, 149],
[31, 95, 103],
[32, 51, 141],
[33, 77, 146],
[34, 52, 113],
[35, 91, 117],
[36, 61, 134],
[37, 57, 106],
[38, 83, 139],
[39, 53, 127],
[40, 70, 148],
[41, 92, 143],
[42, 63, 138],
[43, 80, 108],
[44, 101, 147],
[45, 76, 129],
[46, 72, 152],
[47, 93, 118],
[48, 81, 122],
[49, 56, 140],
[50, 82, 145]],

[[0, 83, 146],
[1, 90, 133],
[2, 88, 138],
[3, 69, 103],
[4, 63, 121],
[5, 79, 126],
[6, 91, 151],
[7, 59, 131],
[8, 101, 120],
[9, 70, 108],
[10, 100, 136],
[11, 60, 125],
[12, 87, 127],
[13, 67, 124],
[14, 61, 132],
[15, 55, 122],
[16, 89, 143],
[17, 97, 145],
[18, 80, 115],
[19, 74, 105],
[20, 68, 113],
[21, 99, 110],
[22, 75, 112],
[23, 86, 152],
[24, 65, 129],
[25, 85, 117],
[26, 76, 106],
[27, 95, 137],
[28, 56, 111],
[29, 72, 116],
[30, 66, 134],
[31, 98, 150],
[32, 96, 104],
[33, 52, 142],
[34, 78, 147],
[35, 53, 114],
[36, 92, 118],
[37, 62, 135],
[38, 58, 107],
[39, 84, 140],
[40, 54, 128],
[41, 71, 149],
[42, 93, 144],
[43, 64, 139],
[44, 81, 109],
[45, 51, 148],
[46, 77, 130],
[47, 73, 102],
[48, 94, 119],
[49, 82, 123],
[50, 57, 141]],

[[0, 58, 142],
[1, 84, 147],
[2, 91, 134],
[3, 89, 139],
[4, 70, 104],
[5, 64, 122],
[6, 80, 127],
[7, 92, 152],
[8, 60, 132],
[9, 51, 121],
[10, 71, 109],
[11, 101, 137],
[12, 61, 126],
[13, 88, 128],
[14, 68, 125],
[15, 62, 133],
[16, 56, 123],
[17, 90, 144],
[18, 98, 146],
[19, 81, 116],
[20, 75, 106],
[21, 69, 114],
[22, 100, 111],
[23, 76, 113],
[24, 87, 102],
[25, 66, 130],
[26, 86, 118],
[27, 77, 107],
[28, 96, 138],
[29, 57, 112],
[30, 73, 117],
[31, 67, 135],
[32, 99, 151],
[33, 97, 105],
[34, 53, 143],
[35, 79, 148],
[36, 54, 115],
[37, 93, 119],
[38, 63, 136],
[39, 59, 108],
[40, 85, 141],
[41, 55, 129],
[42, 72, 150],
[43, 94, 145],
[44, 65, 140],
[45, 82, 110],
[46, 52, 149],
[47, 78, 131],
[48, 74, 103],
[49, 95, 120],
[50, 83, 124]],

[[0, 84, 125],
[1, 59, 143],
[2, 85, 148],
[3, 92, 135],
[4, 90, 140],
[5, 71, 105],
[6, 65, 123],
[7, 81, 128],
[8, 93, 102],
[9, 61, 133],
[10, 52, 122],
[11, 72, 110],
[12, 51, 138],
[13, 62, 127],
[14, 89, 129],
[15, 69, 126],
[16, 63, 134],
[17, 57, 124],
[18, 91, 145],
[19, 99, 147],
[20, 82, 117],
[21, 76, 107],
[22, 70, 115],
[23, 101, 112],
[24, 77, 114],
[25, 88, 103],
[26, 67, 131],
[27, 87, 119],
[28, 78, 108],
[29, 97, 139],
[30, 58, 113],
[31, 74, 118],
[32, 68, 136],
[33, 100, 152],
[34, 98, 106],
[35, 54, 144],
[36, 80, 149],
[37, 55, 116],
[38, 94, 120],
[39, 64, 137],
[40, 60, 109],
[41, 86, 142],
[42, 56, 130],
[43, 73, 151],
[44, 95, 146],
[45, 66, 141],
[46, 83, 111],
[47, 53, 150],
[48, 79, 132],
[49, 75, 104],
[50, 96, 121]],

[[0, 97, 122],
[1, 85, 126],
[2, 60, 144],
[3, 86, 149],
[4, 93, 136],
[5, 91, 141],
[6, 72, 106],
[7, 66, 124],
[8, 82, 129],
[9, 94, 103],
[10, 62, 134],
[11, 53, 123],
[12, 73, 111],
[13, 52, 139],
[14, 63, 128],
[15, 90, 130],
[16, 70, 127],
[17, 64, 135],
[18, 58, 125],
[19, 92, 146],
[20, 100, 148],
[21, 83, 118],
[22, 77, 108],
[23, 71, 116],
[24, 51, 113],
[25, 78, 115],
[26, 89, 104],
[27, 68, 132],
[28, 88, 120],
[29, 79, 109],
[30, 98, 140],
[31, 59, 114],
[32, 75, 119],
[33, 69, 137],
[34, 101, 102],
[35, 99, 107],
[36, 55, 145],
[37, 81, 150],
[38, 56, 117],
[39, 95, 121],
[40, 65, 138],
[41, 61, 110],
[42, 87, 143],
[43, 57, 131],
[44, 74, 152],
[45, 96, 147],
[46, 67, 142],
[47, 84, 112],
[48, 54, 151],
[49, 80, 133],
[50, 76, 105]],

[[0, 77, 106],
[1, 98, 123],
[2, 86, 127],
[3, 61, 145],
[4, 87, 150],
[5, 94, 137],
[6, 92, 142],
[7, 73, 107],
[8, 67, 125],
[9, 83, 130],
[10, 95, 104],
[11, 63, 135],
[12, 54, 124],
[13, 74, 112],
[14, 53, 140],
[15, 64, 129],
[16, 91, 131],
[17, 71, 128],
[18, 65, 136],
[19, 59, 126],
[20, 93, 147],
[21, 101, 149],
[22, 84, 119],
[23, 78, 109],
[24, 72, 117],
[25, 52, 114],
[26, 79, 116],
[27, 90, 105],
[28, 69, 133],
[29, 89, 121],
[30, 80, 110],
[31, 99, 141],
[32, 60, 115],
[33, 76, 120],
[34, 70, 138],
[35, 51, 103],
[36, 100, 108],
[37, 56, 146],
[38, 82, 151],
[39, 57, 118],
[40, 96, 122],
[41, 66, 139],
[42, 62, 111],
[43, 88, 144],
[44, 58, 132],
[45, 75, 102],
[46, 97, 148],
[47, 68, 143],
[48, 85, 113],
[49, 55, 152],
[50, 81, 134]],

[[0, 82, 135],
[1, 78, 107],
[2, 99, 124],
[3, 87, 128],
[4, 62, 146],
[5, 88, 151],
[6, 95, 138],
[7, 93, 143],
[8, 74, 108],
[9, 68, 126],
[10, 84, 131],
[11, 96, 105],
[12, 64, 136],
[13, 55, 125],
[14, 75, 113],
[15, 54, 141],
[16, 65, 130],
[17, 92, 132],
[18, 72, 129],
[19, 66, 137],
[20, 60, 127],
[21, 94, 148],
[22, 51, 150],
[23, 85, 120],
[24, 79, 110],
[25, 73, 118],
[26, 53, 115],
[27, 80, 117],
[28, 91, 106],
[29, 70, 134],
[30, 90, 122],
[31, 81, 111],
[32, 100, 142],
[33, 61, 116],
[34, 77, 121],
[35, 71, 139],
[36, 52, 104],
[37, 101, 109],
[38, 57, 147],
[39, 83, 152],
[40, 58, 119],
[41, 97, 123],
[42, 67, 140],
[43, 63, 112],
[44, 89, 145],
[45, 59, 133],
[46, 76, 103],
[47, 98, 149],
[48, 69, 144],
[49, 86, 114],
[50, 56, 102]],

[[0, 57, 103],
[1, 83, 136],
[2, 79, 108],
[3, 100, 125],
[4, 88, 129],
[5, 63, 147],
[6, 89, 152],
[7, 96, 139],
[8, 94, 144],
[9, 75, 109],
[10, 69, 127],
[11, 85, 132],
[12, 97, 106],
[13, 65, 137],
[14, 56, 126],
[15, 76, 114],
[16, 55, 142],
[17, 66, 131],
[18, 93, 133],
[19, 73, 130],
[20, 67, 138],
[21, 61, 128],
[22, 95, 149],
[23, 52, 151],
[24, 86, 121],
[25, 80, 111],
[26, 74, 119],
[27, 54, 116],
[28, 81, 118],
[29, 92, 107],
[30, 71, 135],
[31, 91, 123],
[32, 82, 112],
[33, 101, 143],
[34, 62, 117],
[35, 78, 122],
[36, 72, 140],
[37, 53, 105],
[38, 51, 110],
[39, 58, 148],
[40, 84, 102],
[41, 59, 120],
[42, 98, 124],
[43, 68, 141],
[44, 64, 113],
[45, 90, 146],
[46, 60, 134],
[47, 77, 104],
[48, 99, 150],
[49, 70, 145],
[50, 87, 115]],

[[0, 88, 116],
[1, 58, 104],
[2, 84, 137],
[3, 80, 109],
[4, 101, 126],
[5, 89, 130],
[6, 64, 148],
[7, 90, 102],
[8, 97, 140],
[9, 95, 145],
[10, 76, 110],
[11, 70, 128],
[12, 86, 133],
[13, 98, 107],
[14, 66, 138],
[15, 57, 127],
[16, 77, 115],
[17, 56, 143],
[18, 67, 132],
[19, 94, 134],
[20, 74, 131],
[21, 68, 139],
[22, 62, 129],
[23, 96, 150],
[24, 53, 152],
[25, 87, 122],
[26, 81, 112],
[27, 75, 120],
[28, 55, 117],
[29, 82, 119],
[30, 93, 108],
[31, 72, 136],
[32, 92, 124],
[33, 83, 113],
[34, 51, 144],
[35, 63, 118],
[36, 79, 123],
[37, 73, 141],
[38, 54, 106],
[39, 52, 111],
[40, 59, 149],
[41, 85, 103],
[42, 60, 121],
[43, 99, 125],
[44, 69, 142],
[45, 65, 114],
[46, 91, 147],
[47, 61, 135],
[48, 78, 105],
[49, 100, 151],
[50, 71, 146]],

[[0, 72, 147],
[1, 89, 117],
[2, 59, 105],
[3, 85, 138],
[4, 81, 110],
[5, 51, 127],
[6, 90, 131],
[7, 65, 149],
[8, 91, 103],
[9, 98, 141],
[10, 96, 146],
[11, 77, 111],
[12, 71, 129],
[13, 87, 134],
[14, 99, 108],
[15, 67, 139],
[16, 58, 128],
[17, 78, 116],
[18, 57, 144],
[19, 68, 133],
[20, 95, 135],
[21, 75, 132],
[22, 69, 140],
[23, 63, 130],
[24, 97, 151],
[25, 54, 102],
[26, 88, 123],
[27, 82, 113],
[28, 76, 121],
[29, 56, 118],
[30, 83, 120],
[31, 94, 109],
[32, 73, 137],
[33, 93, 125],
[34, 84, 114],
[35, 52, 145],
[36, 64, 119],
[37, 80, 124],
[38, 74, 142],
[39, 55, 107],
[40, 53, 112],
[41, 60, 150],
[42, 86, 104],
[43, 61, 122],
[44, 100, 126],
[45, 70, 143],
[46, 66, 115],
[47, 92, 148],
[48, 62, 136],
[49, 79, 106],
[50, 101, 152]],

[[0, 25, 50],
[1, 17, 49],
[5, 24, 27],
[2, 23, 35],
[10, 22, 41],
[4, 16, 45],
[19, 20, 32],
[7, 9, 33],
[8, 18, 38],
[13, 14, 36],
[6, 11, 46],
[3, 21, 37],
[12, 15, 26],
[30, 31, 44],
[28, 34, 48],
[40, 43, 47],
[29, 39, 42],
[51, 76, 101],
[52, 68, 100],
[56, 75, 78],
[53, 74, 86],
[61, 73, 92],
[55, 67, 96],
[70, 71, 83],
[58, 60, 84],
[59, 69, 89],
[64, 65, 87],
[57, 62, 97],
[54, 72, 88],
[63, 66, 77],
[81, 82, 95],
[79, 85, 99],
[91, 94, 98],
[80, 90, 93],
[102, 127, 152],
[103, 119, 151],
[107, 126, 129],
[104, 125, 137],
[112, 124, 143],
[106, 118, 147],
[121, 122, 134],
[109, 111, 135],
[110, 120, 140],
[115, 116, 138],
[108, 113, 148],
[105, 123, 139],
[114, 117, 128],
[132, 133, 146],
[130, 136, 150],
[142, 145, 149],
[131, 141, 144]],

[[1, 26, 50],
[2, 18, 45],
[6, 20, 28],
[3, 24, 36],
[11, 23, 42],
[0, 17, 46],
[15, 21, 33],
[5, 8, 34],
[9, 19, 39],
[10, 14, 37],
[7, 12, 47],
[4, 22, 38],
[13, 16, 27],
[31, 32, 40],
[29, 30, 49],
[41, 44, 48],
[25, 35, 43],
[52, 77, 101],
[53, 69, 96],
[57, 71, 79],
[54, 75, 87],
[62, 74, 93],
[51, 68, 97],
[66, 72, 84],
[56, 59, 85],
[60, 70, 90],
[61, 65, 88],
[58, 63, 98],
[55, 73, 89],
[64, 67, 78],
[82, 83, 91],
[80, 81, 100],
[92, 95, 99],
[76, 86, 94],
[103, 128, 152],
[104, 120, 147],
[108, 122, 130],
[105, 126, 138],
[113, 125, 144],
[102, 119, 148],
[117, 123, 135],
[107, 110, 136],
[111, 121, 141],
[112, 116, 139],
[109, 114, 149],
[106, 124, 140],
[115, 118, 129],
[133, 134, 142],
[131, 132, 151],
[143, 146, 150],
[127, 137, 145]],

[[5, 30, 50],
[6, 22, 29],
[4, 10, 32],
[3, 7, 40],
[2, 15, 46],
[9, 21, 25],
[0, 24, 37],
[12, 14, 38],
[13, 23, 43],
[18, 19, 41],
[11, 16, 26],
[1, 8, 42],
[17, 20, 31],
[35, 36, 49],
[28, 33, 39],
[27, 45, 48],
[34, 44, 47],
[56, 81, 101],
[57, 73, 80],
[55, 61, 83],
[54, 58, 91],
[53, 66, 97],
[60, 72, 76],
[51, 75, 88],
[63, 65, 89],
[64, 74, 94],
[69, 70, 92],
[62, 67, 77],
[52, 59, 93],
[68, 71, 82],
[86, 87, 100],
[79, 84, 90],
[78, 96, 99],
[85, 95, 98],
[107, 132, 152],
[108, 124, 131],
[106, 112, 134],
[105, 109, 142],
[104, 117, 148],
[111, 123, 127],
[102, 126, 139],
[114, 116, 140],
[115, 125, 145],
[120, 121, 143],
[113, 118, 128],
[103, 110, 144],
[119, 122, 133],
[137, 138, 151],
[130, 135, 141],
[129, 147, 150],
[136, 146, 149]],

[[23, 48, 50],
[10, 24, 42],
[3, 17, 45],
[16, 20, 33],
[8, 15, 39],
[14, 22, 43],
[12, 18, 25],
[0, 2, 26],
[1, 11, 31],
[6, 7, 34],
[4, 9, 44],
[19, 21, 30],
[5, 13, 49],
[28, 29, 37],
[27, 41, 46],
[36, 38, 40],
[32, 35, 47],
[74, 99, 101],
[61, 75, 93],
[54, 68, 96],
[67, 71, 84],
[59, 66, 90],
[65, 73, 94],
[63, 69, 76],
[51, 53, 77],
[52, 62, 82],
[57, 58, 85],
[55, 60, 95],
[70, 72, 81],
[56, 64, 100],
[79, 80, 88],
[78, 92, 97],
[87, 89, 91],
[83, 86, 98],
[125, 150, 152],
[112, 126, 144],
[105, 119, 147],
[118, 122, 135],
[110, 117, 141],
[116, 124, 145],
[114, 120, 127],
[102, 104, 128],
[103, 113, 133],
[108, 109, 136],
[106, 111, 146],
[121, 123, 132],
[107, 115, 151],
[130, 131, 139],
[129, 143, 148],
[138, 140, 142],
[134, 137, 149]],

[[22, 47, 50],
[14, 23, 41],
[2, 16, 49],
[15, 24, 32],
[7, 19, 38],
[13, 21, 42],
[11, 17, 29],
[1, 4, 25],
[0, 10, 30],
[5, 6, 33],
[3, 8, 43],
[18, 20, 34],
[9, 12, 48],
[27, 28, 36],
[26, 40, 45],
[35, 37, 44],
[31, 39, 46],
[73, 98, 101],
[65, 74, 92],
[53, 67, 100],
[66, 75, 83],
[58, 70, 89],
[64, 72, 93],
[62, 68, 80],
[52, 55, 76],
[51, 61, 81],
[56, 57, 84],
[54, 59, 94],
[69, 71, 85],
[60, 63, 99],
[78, 79, 87],
[77, 91, 96],
[86, 88, 95],
[82, 90, 97],
[124, 149, 152],
[116, 125, 143],
[104, 118, 151],
[117, 126, 134],
[109, 121, 140],
[115, 123, 144],
[113, 119, 131],
[103, 106, 127],
[102, 112, 132],
[107, 108, 135],
[105, 110, 145],
[120, 122, 136],
[111, 114, 150],
[129, 130, 138],
[128, 142, 147],
[137, 139, 146],
[133, 141, 148]],

[[17, 42, 50],
[9, 18, 36],
[11, 22, 44],
[10, 19, 27],
[2, 14, 33],
[8, 16, 37],
[6, 12, 49],
[21, 24, 45],
[5, 20, 25],
[0, 1, 28],
[3, 23, 38],
[13, 15, 29],
[4, 7, 43],
[31, 47, 48],
[35, 40, 46],
[30, 32, 39],
[26, 34, 41],
[68, 93, 101],
[60, 69, 87],
[62, 73, 95],
[61, 70, 78],
[53, 65, 84],
[59, 67, 88],
[57, 63, 100],
[72, 75, 96],
[56, 71, 76],
[51, 52, 79],
[54, 74, 89],
[64, 66, 80],
[55, 58, 94],
[82, 98, 99],
[86, 91, 97],
[81, 83, 90],
[77, 85, 92],
[119, 144, 152],
[111, 120, 138],
[113, 124, 146],
[112, 121, 129],
[104, 116, 135],
[110, 118, 139],
[108, 114, 151],
[123, 126, 147],
[107, 122, 127],
[102, 103, 130],
[105, 125, 140],
[115, 117, 131],
[106, 109, 145],
[133, 149, 150],
[137, 142, 148],
[132, 134, 141],
[128, 136, 143]],

[[24, 49, 50],
[11, 20, 43],
[4, 18, 46],
[17, 21, 34],
[9, 16, 35],
[10, 23, 44],
[13, 19, 26],
[1, 3, 27],
[2, 12, 32],
[7, 8, 30],
[0, 5, 40],
[15, 22, 31],
[6, 14, 45],
[25, 29, 38],
[28, 42, 47],
[37, 39, 41],
[33, 36, 48],
[75, 100, 101],
[62, 71, 94],
[55, 69, 97],
[68, 72, 85],
[60, 67, 86],
[61, 74, 95],
[64, 70, 77],
[52, 54, 78],
[53, 63, 83],
[58, 59, 81],
[51, 56, 91],
[66, 73, 82],
[57, 65, 96],
[76, 80, 89],
[79, 93, 98],
[88, 90, 92],
[84, 87, 99],
[126, 151, 152],
[113, 122, 145],
[106, 120, 148],
[119, 123, 136],
[111, 118, 137],
[112, 125, 146],
[115, 121, 128],
[103, 105, 129],
[104, 114, 134],
[109, 110, 132],
[102, 107, 142],
[117, 124, 133],
[108, 116, 147],
[127, 131, 140],
[130, 144, 149],
[139, 141, 143],
[135, 138, 150]],

[[2, 27, 50],
[3, 19, 46],
[7, 21, 29],
[4, 20, 37],
[12, 24, 43],
[1, 18, 47],
[16, 22, 34],
[6, 9, 30],
[5, 15, 35],
[10, 11, 38],
[8, 13, 48],
[0, 23, 39],
[14, 17, 28],
[32, 33, 41],
[25, 31, 45],
[40, 42, 49],
[26, 36, 44],
[53, 78, 101],
[54, 70, 97],
[58, 72, 80],
[55, 71, 88],
[63, 75, 94],
[52, 69, 98],
[67, 73, 85],
[57, 60, 81],
[56, 66, 86],
[61, 62, 89],
[59, 64, 99],
[51, 74, 90],
[65, 68, 79],
[83, 84, 92],
[76, 82, 96],
[91, 93, 100],
[77, 87, 95],
[104, 129, 152],
[105, 121, 148],
[109, 123, 131],
[106, 122, 139],
[114, 126, 145],
[103, 120, 149],
[118, 124, 136],
[108, 111, 132],
[107, 117, 137],
[112, 113, 140],
[110, 115, 150],
[102, 125, 141],
[116, 119, 130],
[134, 135, 143],
[127, 133, 147],
[142, 144, 151],
[128, 138, 146]],

[[10, 35, 50],
[2, 11, 34],
[9, 15, 37],
[8, 12, 45],
[7, 20, 26],
[1, 14, 30],
[4, 5, 42],
[17, 19, 43],
[3, 18, 48],
[23, 24, 46],
[16, 21, 31],
[6, 13, 47],
[0, 22, 36],
[29, 40, 41],
[33, 38, 44],
[25, 28, 32],
[27, 39, 49],
[61, 86, 101],
[53, 62, 85],
[60, 66, 88],
[59, 63, 96],
[58, 71, 77],
[52, 65, 81],
[55, 56, 93],
[68, 70, 94],
[54, 69, 99],
[74, 75, 97],
[67, 72, 82],
[57, 64, 98],
[51, 73, 87],
[80, 91, 92],
[84, 89, 95],
[76, 79, 83],
[78, 90, 100],
[112, 137, 152],
[104, 113, 136],
[111, 117, 139],
[110, 114, 147],
[109, 122, 128],
[103, 116, 132],
[106, 107, 144],
[119, 121, 145],
[105, 120, 150],
[125, 126, 148],
[118, 123, 133],
[108, 115, 149],
[102, 124, 138],
[131, 142, 143],
[135, 140, 146],
[127, 130, 134],
[129, 141, 151]],

[[16, 41, 50],
[8, 17, 35],
[10, 21, 43],
[14, 18, 26],
[1, 13, 32],
[7, 15, 36],
[5, 11, 48],
[20, 23, 49],
[9, 24, 29],
[0, 4, 27],
[2, 22, 37],
[12, 19, 28],
[3, 6, 42],
[30, 46, 47],
[39, 44, 45],
[31, 34, 38],
[25, 33, 40],
[67, 92, 101],
[59, 68, 86],
[61, 72, 94],
[65, 69, 77],
[52, 64, 83],
[58, 66, 87],
[56, 62, 99],
[71, 74, 100],
[60, 75, 80],
[51, 55, 78],
[53, 73, 88],
[63, 70, 79],
[54, 57, 93],
[81, 97, 98],
[90, 95, 96],
[82, 85, 89],
[76, 84, 91],
[118, 143, 152],
[110, 119, 137],
[112, 123, 145],
[116, 120, 128],
[103, 115, 134],
[109, 117, 138],
[107, 113, 150],
[122, 125, 151],
[111, 126, 131],
[102, 106, 129],
[104, 124, 139],
[114, 121, 130],
[105, 108, 144],
[132, 148, 149],
[141, 146, 147],
[133, 136, 140],
[127, 135, 142]],

[[19, 44, 50],
[6, 15, 38],
[13, 24, 41],
[12, 16, 29],
[4, 11, 30],
[5, 18, 39],
[8, 14, 46],
[21, 23, 47],
[7, 22, 27],
[2, 3, 25],
[0, 20, 35],
[10, 17, 26],
[1, 9, 40],
[33, 45, 49],
[37, 42, 48],
[32, 34, 36],
[28, 31, 43],
[70, 95, 101],
[57, 66, 89],
[64, 75, 92],
[63, 67, 80],
[55, 62, 81],
[56, 69, 90],
[59, 65, 97],
[72, 74, 98],
[58, 73, 78],
[53, 54, 76],
[51, 71, 86],
[61, 68, 77],
[52, 60, 91],
[84, 96, 100],
[88, 93, 99],
[83, 85, 87],
[79, 82, 94],
[121, 146, 152],
[108, 117, 140],
[115, 126, 143],
[114, 118, 131],
[106, 113, 132],
[107, 120, 141],
[110, 116, 148],
[123, 125, 149],
[109, 124, 129],
[104, 105, 127],
[102, 122, 137],
[112, 119, 128],
[103, 111, 142],
[135, 147, 151],
[139, 144, 150],
[134, 136, 138],
[130, 133, 145]],

[[9, 34, 50],
[5, 21, 28],
[3, 14, 31],
[2, 6, 44],
[1, 19, 45],
[8, 20, 29],
[4, 23, 36],
[11, 13, 37],
[12, 22, 42],
[17, 18, 40],
[10, 15, 25],
[0, 7, 41],
[16, 24, 30],
[35, 39, 48],
[27, 32, 38],
[26, 47, 49],
[33, 43, 46],
[60, 85, 101],
[56, 72, 79],
[54, 65, 82],
[53, 57, 95],
[52, 70, 96],
[59, 71, 80],
[55, 74, 87],
[62, 64, 88],
[63, 73, 93],
[68, 69, 91],
[61, 66, 76],
[51, 58, 92],
[67, 75, 81],
[86, 90, 99],
[78, 83, 89],
[77, 98, 100],
[84, 94, 97],
[111, 136, 152],
[107, 123, 130],
[105, 116, 133],
[104, 108, 146],
[103, 121, 147],
[110, 122, 131],
[106, 125, 138],
[113, 115, 139],
[114, 124, 144],
[119, 120, 142],
[112, 117, 127],
[102, 109, 143],
[118, 126, 132],
[137, 141, 150],
[129, 134, 140],
[128, 149, 151],
[135, 145, 148]],

[[18, 43, 50],
[5, 19, 37],
[12, 23, 40],
[11, 15, 28],
[3, 10, 34],
[9, 17, 38],
[7, 13, 45],
[20, 22, 46],
[6, 21, 26],
[1, 2, 29],
[4, 24, 39],
[14, 16, 25],
[0, 8, 44],
[32, 48, 49],
[36, 41, 47],
[31, 33, 35],
[27, 30, 42],
[69, 94, 101],
[56, 70, 88],
[63, 74, 91],
[62, 66, 79],
[54, 61, 85],
[60, 68, 89],
[58, 64, 96],
[71, 73, 97],
[57, 72, 77],
[52, 53, 80],
[55, 75, 90],
[65, 67, 76],
[51, 59, 95],
[83, 99, 100],
[87, 92, 98],
[82, 84, 86],
[78, 81, 93],
[120, 145, 152],
[107, 121, 139],
[114, 125, 142],
[113, 117, 130],
[105, 112, 136],
[111, 119, 140],
[109, 115, 147],
[122, 124, 148],
[108, 123, 128],
[103, 104, 131],
[106, 126, 141],
[116, 118, 127],
[102, 110, 146],
[134, 150, 151],
[138, 143, 149],
[133, 135, 137],
[129, 132, 144]],

[[4, 29, 50],
[0, 16, 48],
[9, 23, 26],
[1, 22, 39],
[14, 21, 40],
[3, 15, 49],
[18, 24, 31],
[6, 8, 32],
[7, 17, 37],
[12, 13, 35],
[5, 10, 45],
[2, 20, 36],
[11, 19, 25],
[30, 34, 43],
[27, 33, 47],
[42, 44, 46],
[28, 38, 41],
[55, 80, 101],
[51, 67, 99],
[60, 74, 77],
[52, 73, 90],
[65, 72, 91],
[54, 66, 100],
[69, 75, 82],
[57, 59, 83],
[58, 68, 88],
[63, 64, 86],
[56, 61, 96],
[53, 71, 87],
[62, 70, 76],
[81, 85, 94],
[78, 84, 98],
[93, 95, 97],
[79, 89, 92],
[106, 131, 152],
[102, 118, 150],
[111, 125, 128],
[103, 124, 141],
[116, 123, 142],
[105, 117, 151],
[120, 126, 133],
[108, 110, 134],
[109, 119, 139],
[114, 115, 137],
[107, 112, 147],
[104, 122, 138],
[113, 121, 127],
[132, 136, 145],
[129, 135, 149],
[144, 146, 148],
[130, 140, 143]],

[[20, 45, 50],
[12, 21, 44],
[0, 19, 47],
[18, 22, 30],
[5, 17, 36],
[11, 24, 40],
[14, 15, 27],
[2, 4, 28],
[3, 13, 33],
[8, 9, 31],
[1, 6, 41],
[16, 23, 32],
[7, 10, 46],
[25, 26, 39],
[29, 43, 48],
[35, 38, 42],
[34, 37, 49],
[71, 96, 101],
[63, 72, 95],
[51, 70, 98],
[69, 73, 81],
[56, 68, 87],
[62, 75, 91],
[65, 66, 78],
[53, 55, 79],
[54, 64, 84],
[59, 60, 82],
[52, 57, 92],
[67, 74, 83],
[58, 61, 97],
[76, 77, 90],
[80, 94, 99],
[86, 89, 93],
[85, 88, 100],
[122, 147, 152],
[114, 123, 146],
[102, 121, 149],
[120, 124, 132],
[107, 119, 138],
[113, 126, 142],
[116, 117, 129],
[104, 106, 130],
[105, 115, 135],
[110, 111, 133],
[103, 108, 143],
[118, 125, 134],
[109, 112, 148],
[127, 128, 141],
[131, 145, 150],
[137, 140, 144],
[136, 139, 151]],

[[7, 32, 50],
[8, 24, 26],
[1, 12, 34],
[0, 9, 42],
[4, 17, 48],
[6, 23, 27],
[2, 21, 39],
[11, 14, 35],
[10, 20, 40],
[15, 16, 43],
[13, 18, 28],
[3, 5, 44],
[19, 22, 33],
[37, 38, 46],
[25, 30, 36],
[29, 45, 47],
[31, 41, 49],
[58, 83, 101],
[59, 75, 77],
[52, 63, 85],
[51, 60, 93],
[55, 68, 99],
[57, 74, 78],
[53, 72, 90],
[62, 65, 86],
[61, 71, 91],
[66, 67, 94],
[64, 69, 79],
[54, 56, 95],
[70, 73, 84],
[88, 89, 97],
[76, 81, 87],
[80, 96, 98],
[82, 92, 100],
[109, 134, 152],
[110, 126, 128],
[103, 114, 136],
[102, 111, 144],
[106, 119, 150],
[108, 125, 129],
[104, 123, 141],
[113, 116, 137],
[112, 122, 142],
[117, 118, 145],
[115, 120, 130],
[105, 107, 146],
[121, 124, 135],
[139, 140, 148],
[127, 132, 138],
[131, 147, 149],
[133, 143, 151]],

[[8, 33, 50],
[9, 20, 27],
[2, 13, 30],
[1, 5, 43],
[0, 18, 49],
[7, 24, 28],
[3, 22, 35],
[10, 12, 36],
[11, 21, 41],
[16, 17, 44],
[14, 19, 29],
[4, 6, 40],
[15, 23, 34],
[38, 39, 47],
[26, 31, 37],
[25, 46, 48],
[32, 42, 45],
[59, 84, 101],
[60, 71, 78],
[53, 64, 81],
[52, 56, 94],
[51, 69, 100],
[58, 75, 79],
[54, 73, 86],
[61, 63, 87],
[62, 72, 92],
[67, 68, 95],
[65, 70, 80],
[55, 57, 91],
[66, 74, 85],
[89, 90, 98],
[77, 82, 88],
[76, 97, 99],
[83, 93, 96],
[110, 135, 152],
[111, 122, 129],
[104, 115, 132],
[103, 107, 145],
[102, 120, 151],
[109, 126, 130],
[105, 124, 137],
[112, 114, 138],
[113, 123, 143],
[118, 119, 146],
[116, 121, 131],
[106, 108, 142],
[117, 125, 136],
[140, 141, 149],
[128, 133, 139],
[127, 148, 150],
[134, 144, 147]],

[[13, 38, 50],
[0, 14, 32],
[7, 18, 35],
[6, 10, 48],
[5, 23, 29],
[4, 12, 33],
[2, 8, 40],
[15, 17, 41],
[1, 16, 46],
[21, 22, 49],
[19, 24, 34],
[9, 11, 45],
[3, 20, 39],
[27, 43, 44],
[31, 36, 42],
[26, 28, 30],
[25, 37, 47],
[64, 89, 101],
[51, 65, 83],
[58, 69, 86],
[57, 61, 99],
[56, 74, 80],
[55, 63, 84],
[53, 59, 91],
[66, 68, 92],
[52, 67, 97],
[72, 73, 100],
[70, 75, 85],
[60, 62, 96],
[54, 71, 90],
[78, 94, 95],
[82, 87, 93],
[77, 79, 81],
[76, 88, 98],
[115, 140, 152],
[102, 116, 134],
[109, 120, 137],
[108, 112, 150],
[107, 125, 131],
[106, 114, 135],
[104, 110, 142],
[117, 119, 143],
[103, 118, 148],
[123, 124, 151],
[121, 126, 136],
[111, 113, 147],
[105, 122, 141],
[129, 145, 146],
[133, 138, 144],
[128, 130, 132],
[127, 139, 149]],

[[6, 31, 50],
[7, 23, 25],
[0, 11, 33],
[4, 8, 41],
[3, 16, 47],
[5, 22, 26],
[1, 20, 38],
[10, 13, 39],
[14, 24, 44],
[15, 19, 42],
[12, 17, 27],
[2, 9, 43],
[18, 21, 32],
[36, 37, 45],
[29, 34, 35],
[28, 46, 49],
[30, 40, 48],
[57, 82, 101],
[58, 74, 76],
[51, 62, 84],
[55, 59, 92],
[54, 67, 98],
[56, 73, 77],
[52, 71, 89],
[61, 64, 90],
[65, 75, 95],
[66, 70, 93],
[63, 68, 78],
[53, 60, 94],
[69, 72, 83],
[87, 88, 96],
[80, 85, 86],
[79, 97, 100],
[81, 91, 99],
[108, 133, 152],
[109, 125, 127],
[102, 113, 135],
[106, 110, 143],
[105, 118, 149],
[107, 124, 128],
[103, 122, 140],
[112, 115, 141],
[116, 126, 146],
[117, 121, 144],
[114, 119, 129],
[104, 111, 145],
[120, 123, 134],
[138, 139, 147],
[131, 136, 137],
[130, 148, 151],
[132, 142, 150]],

[[3, 28, 50],
[4, 15, 47],
[8, 22, 25],
[0, 21, 38],
[13, 20, 44],
[2, 19, 48],
[17, 23, 30],
[5, 7, 31],
[6, 16, 36],
[11, 12, 39],
[9, 14, 49],
[1, 24, 35],
[10, 18, 29],
[33, 34, 42],
[26, 32, 46],
[41, 43, 45],
[27, 37, 40],
[54, 79, 101],
[55, 66, 98],
[59, 73, 76],
[51, 72, 89],
[64, 71, 95],
[53, 70, 99],
[68, 74, 81],
[56, 58, 82],
[57, 67, 87],
[62, 63, 90],
[60, 65, 100],
[52, 75, 86],
[61, 69, 80],
[84, 85, 93],
[77, 83, 97],
[92, 94, 96],
[78, 88, 91],
[105, 130, 152],
[106, 117, 149],
[110, 124, 127],
[102, 123, 140],
[115, 122, 146],
[104, 121, 150],
[119, 125, 132],
[107, 109, 133],
[108, 118, 138],
[113, 114, 141],
[111, 116, 151],
[103, 126, 137],
[112, 120, 131],
[135, 136, 144],
[128, 134, 148],
[143, 145, 147],
[129, 139, 142]],

[[15, 40, 50],
[7, 16, 39],
[14, 20, 42],
[13, 17, 25],
[0, 12, 31],
[6, 19, 35],
[9, 10, 47],
[22, 24, 48],
[8, 23, 28],
[3, 4, 26],
[1, 21, 36],
[11, 18, 27],
[2, 5, 41],
[34, 45, 46],
[38, 43, 49],
[30, 33, 37],
[29, 32, 44],
[66, 91, 101],
[58, 67, 90],
[65, 71, 93],
[64, 68, 76],
[51, 63, 82],
[57, 70, 86],
[60, 61, 98],
[73, 75, 99],
[59, 74, 79],
[54, 55, 77],
[52, 72, 87],
[62, 69, 78],
[53, 56, 92],
[85, 96, 97],
[89, 94, 100],
[81, 84, 88],
[80, 83, 95],
[117, 142, 152],
[109, 118, 141],
[116, 122, 144],
[115, 119, 127],
[102, 114, 133],
[108, 121, 137],
[111, 112, 149],
[124, 126, 150],
[110, 125, 130],
[105, 106, 128],
[103, 123, 138],
[113, 120, 129],
[104, 107, 143],
[136, 147, 148],
[140, 145, 151],
[132, 135, 139],
[131, 134, 146]],

[[14, 39, 50],
[1, 10, 33],
[8, 19, 36],
[7, 11, 49],
[6, 24, 25],
[0, 13, 34],
[3, 9, 41],
[16, 18, 42],
[2, 17, 47],
[22, 23, 45],
[15, 20, 30],
[5, 12, 46],
[4, 21, 35],
[28, 40, 44],
[32, 37, 43],
[27, 29, 31],
[26, 38, 48],
[65, 90, 101],
[52, 61, 84],
[59, 70, 87],
[58, 62, 100],
[57, 75, 76],
[51, 64, 85],
[54, 60, 92],
[67, 69, 93],
[53, 68, 98],
[73, 74, 96],
[66, 71, 81],
[56, 63, 97],
[55, 72, 86],
[79, 91, 95],
[83, 88, 94],
[78, 80, 82],
[77, 89, 99],
[116, 141, 152],
[103, 112, 135],
[110, 121, 138],
[109, 113, 151],
[108, 126, 127],
[102, 115, 136],
[105, 111, 143],
[118, 120, 144],
[104, 119, 149],
[124, 125, 147],
[117, 122, 132],
[107, 114, 148],
[106, 123, 137],
[130, 142, 146],
[134, 139, 145],
[129, 131, 133],
[128, 140, 150]],

[[11, 36, 50],
[3, 12, 30],
[5, 16, 38],
[9, 13, 46],
[8, 21, 27],
[2, 10, 31],
[0, 6, 43],
[15, 18, 44],
[4, 19, 49],
[20, 24, 47],
[17, 22, 32],
[7, 14, 48],
[1, 23, 37],
[25, 41, 42],
[34, 39, 40],
[26, 29, 33],
[28, 35, 45],
[62, 87, 101],
[54, 63, 81],
[56, 67, 89],
[60, 64, 97],
[59, 72, 78],
[53, 61, 82],
[51, 57, 94],
[66, 69, 95],
[55, 70, 100],
[71, 75, 98],
[68, 73, 83],
[58, 65, 99],
[52, 74, 88],
[76, 92, 93],
[85, 90, 91],
[77, 80, 84],
[79, 86, 96],
[113, 138, 152],
[105, 114, 132],
[107, 118, 140],
[111, 115, 148],
[110, 123, 129],
[104, 112, 133],
[102, 108, 145],
[117, 120, 146],
[106, 121, 151],
[122, 126, 149],
[119, 124, 134],
[109, 116, 150],
[103, 125, 139],
[127, 143, 144],
[136, 141, 142],
[128, 131, 135],
[130, 137, 147]],

[[21, 46, 50],
[13, 22, 40],
[1, 15, 48],
[19, 23, 31],
[6, 18, 37],
[12, 20, 41],
[10, 16, 28],
[0, 3, 29],
[4, 14, 34],
[5, 9, 32],
[2, 7, 42],
[17, 24, 33],
[8, 11, 47],
[26, 27, 35],
[25, 44, 49],
[36, 39, 43],
[30, 38, 45],
[72, 97, 101],
[64, 73, 91],
[52, 66, 99],
[70, 74, 82],
[57, 69, 88],
[63, 71, 92],
[61, 67, 79],
[51, 54, 80],
[55, 65, 85],
[56, 60, 83],
[53, 58, 93],
[68, 75, 84],
[59, 62, 98],
[77, 78, 86],
[76, 95, 100],
[87, 90, 94],
[81, 89, 96],
[123, 148, 152],
[115, 124, 142],
[103, 117, 150],
[121, 125, 133],
[108, 120, 139],
[114, 122, 143],
[112, 118, 130],
[102, 105, 131],
[106, 116, 136],
[107, 111, 134],
[104, 109, 144],
[119, 126, 135],
[110, 113, 149],
[128, 129, 137],
[127, 146, 151],
[138, 141, 145],
[132, 140, 147]],

[[12, 37, 50],
[4, 13, 31],
[6, 17, 39],
[5, 14, 47],
[9, 22, 28],
[3, 11, 32],
[1, 7, 44],
[16, 19, 40],
[0, 15, 45],
[20, 21, 48],
[18, 23, 33],
[8, 10, 49],
[2, 24, 38],
[26, 42, 43],
[30, 35, 41],
[25, 27, 34],
[29, 36, 46],
[63, 88, 101],
[55, 64, 82],
[57, 68, 90],
[56, 65, 98],
[60, 73, 79],
[54, 62, 83],
[52, 58, 95],
[67, 70, 91],
[51, 66, 96],
[71, 72, 99],
[69, 74, 84],
[59, 61, 100],
[53, 75, 89],
[77, 93, 94],
[81, 86, 92],
[76, 78, 85],
[80, 87, 97],
[114, 139, 152],
[106, 115, 133],
[108, 119, 141],
[107, 116, 149],
[111, 124, 130],
[105, 113, 134],
[103, 109, 146],
[118, 121, 142],
[102, 117, 147],
[122, 123, 150],
[120, 125, 135],
[110, 112, 151],
[104, 126, 140],
[128, 144, 145],
[132, 137, 143],
[127, 129, 136],
[131, 138, 148]]]