[[[0,25,50,75,100],
[1,26,52,78,104],
[2,27,53,79,105],
[3,28,54,80,106],
[4,29,55,81,107],
[5,30,56,82,108],
[6,31,57,83,109],
[7,32,58,84,110],
[8,33,59,85,111],
[9,34,60,86,112],
[10,35,61,87,113],
[11,36,62,88,114],
[12,37,63,89,115],
[13,38,64,90,116],
[14,39,65,91,117],
[15,40,66,92,118],
[16,41,67,93,119,125],
[17,42,68,94,120,126],
[18,43,69,95,121,127],
[19,44,70,96,122,128],
[20,45,71,97,123,129],
[21,46,72,98,124],
[22,47,73,99,101],
[23,48,74,76,102],
[24,49,51,77,103]],

[[0,26,51,76,101],
[1,32,68,81,103],
[2,43,56,78,112],
[3,31,53,87,114],
[4,28,62,89,119,127],
[5,37,64,94,122],
[6,39,69,97,105,125],
[7,44,72,80,120],
[8,47,55,95,102],
[9,30,70,77,110],
[10,45,52,85,100,128],
[11,27,60,75,123],
[12,35,50,98,116],
[13,25,73,91,111,126],
[14,48,66,86,121],
[15,41,61,96,115],
[16,36,71,90,113],
[17,46,65,88,109],
[18,40,63,84,108,129],
[19,38,59,83,124],
[20,34,58,99,104],
[21,33,74,79,117],
[22,49,54,92,107],
[23,29,67,82,118],
[24,42,57,93,106]],

[[0,27,52,77,102],
[1,43,58,94,107],
[2,33,69,82,104],
[3,44,57,79,113],
[4,32,54,88,115,125],
[5,29,63,90,120,128],
[6,38,65,95,123],
[7,40,70,98,106,126],
[8,45,73,81,121],
[9,48,56,96,103],
[10,31,71,78,111],
[11,46,53,86,100,129],
[12,28,61,75,124],
[13,36,50,99,117],
[14,25,74,92,112,127],
[15,49,67,87,122],
[16,42,62,97,116],
[17,37,72,91,114],
[18,47,66,89,110],
[19,41,64,85,109],
[20,39,60,84,101],
[21,35,59,76,105],
[22,34,51,80,118],
[23,26,55,93,108],
[24,30,68,83,119]],

[[0,28,53,78,103],
[1,31,69,84,120],
[2,44,59,95,108],
[3,34,70,83,105],
[4,45,58,80,114],
[5,33,55,89,116,126],
[6,30,64,91,121,129],
[7,39,66,96,124],
[8,41,71,99,107,127],
[9,46,74,82,122],
[10,49,57,97,104],
[11,32,72,79,112],
[12,47,54,87,100],
[13,29,62,75,101],
[14,37,50,76,118],
[15,25,51,93,113,128],
[16,26,68,88,123],
[17,43,63,98,117],
[18,38,73,92,115],
[19,48,67,90,111],
[20,42,65,86,110],
[21,40,61,85,102],
[22,36,60,77,106],
[23,35,52,81,119],
[24,27,56,94,109,125]],

[[0,29,54,79,104],
[1,28,57,95,110,126],
[2,32,70,85,121],
[3,45,60,96,109],
[4,35,71,84,106],
[5,46,59,81,115],
[6,34,56,90,117,127],
[7,31,65,92,122],
[8,40,67,97,101],
[9,42,72,76,108,128],
[10,47,51,83,123],
[11,26,58,98,105],
[12,33,73,80,113],
[13,48,55,88,100],
[14,30,63,75,102],
[15,38,50,77,119],
[16,25,52,94,114,129],
[17,27,69,89,124],
[18,44,64,99,118],
[19,39,74,93,116],
[20,49,68,91,112],
[21,43,66,87,111],
[22,41,62,86,103],
[23,37,61,78,107,125],
[24,36,53,82,120]],

[[0,30,55,80,105],
[1,37,54,83,121],
[2,29,58,96,111,127],
[3,33,71,86,122],
[4,46,61,97,110],
[5,36,72,85,107],
[6,47,60,82,116],
[7,35,57,91,118,128],
[8,32,66,93,123],
[9,41,68,98,102],
[10,43,73,77,109,129],
[11,48,52,84,124],
[12,27,59,99,106],
[13,34,74,81,114],
[14,49,56,89,100],
[15,31,64,75,103,125],
[16,39,50,78,120],
[17,25,53,95,115],
[18,28,70,90,101],
[19,45,65,76,119],
[20,40,51,94,117],
[21,26,69,92,113],
[22,44,67,88,112],
[23,42,63,87,104],
[24,38,62,79,108,126]],

[[0,31,56,81,106],
[1,39,63,80,109,127],
[2,38,55,84,122],
[3,30,59,97,112,128],
[4,34,72,87,123],
[5,47,62,98,111],
[6,37,73,86,108],
[7,48,61,83,117],
[8,36,58,92,119,129],
[9,33,67,94,124],
[10,42,69,99,103],
[11,44,74,78,110],
[12,49,53,85,101],
[13,28,60,76,107],
[14,35,51,82,115],
[15,26,57,90,100],
[16,32,65,75,104,126],
[17,40,50,79,121],
[18,25,54,96,116],
[19,29,71,91,102,125],
[20,46,66,77,120],
[21,41,52,95,118],
[22,27,70,93,114],
[23,45,68,89,113],
[24,43,64,88,105]],

[[0,32,57,82,107],
[1,44,65,89,106],
[2,40,64,81,110,128],
[3,39,56,85,123],
[4,31,60,98,113,129],
[5,35,73,88,124],
[6,48,63,99,112],
[7,38,74,87,109],
[8,49,62,84,118,125],
[9,37,59,93,120],
[10,34,68,95,101],
[11,43,70,76,104],
[12,45,51,79,111],
[13,26,54,86,102],
[14,29,61,77,108],
[15,36,52,83,116],
[16,27,58,91,100],
[17,33,66,75,105,127],
[18,41,50,80,122],
[19,25,55,97,117],
[20,30,72,92,103,126],
[21,47,67,78,121],
[22,42,53,96,119],
[23,28,71,94,115],
[24,46,69,90,114]],

[[0,33,58,83,108],
[1,47,70,91,115],
[2,45,66,90,107],
[3,41,65,82,111,129],
[4,40,57,86,124],
[5,32,61,99,114],
[6,36,74,89,101],
[7,49,64,76,113],
[8,39,51,88,110],
[9,26,63,85,119,126],
[10,38,60,94,121],
[11,35,69,96,102],
[12,44,71,77,105],
[13,46,52,80,112],
[14,27,55,87,103],
[15,30,62,78,109],
[16,37,53,84,117],
[17,28,59,92,100],
[18,34,67,75,106,128],
[19,42,50,81,123],
[20,25,56,98,118],
[21,31,73,93,104,127],
[22,48,68,79,122,125],
[23,43,54,97,120],
[24,29,72,95,116]],

[[0,34,59,84,109],
[1,30,73,96,117],
[2,48,71,92,116],
[3,46,67,91,108],
[4,42,66,83,112],
[5,41,58,87,101],
[6,33,62,76,115],
[7,37,51,90,102],
[8,26,65,77,114],
[9,40,52,89,111,125],
[10,27,64,86,120,127],
[11,39,61,95,122],
[12,36,70,97,103],
[13,45,72,78,106],
[14,47,53,81,113],
[15,28,56,88,104],
[16,31,63,79,110],
[17,38,54,85,118],
[18,29,60,93,100],
[19,35,68,75,107,129],
[20,43,50,82,124],
[21,25,57,99,119],
[22,32,74,94,105,128],
[23,49,69,80,123,126],
[24,44,55,98,121]],

[[0,35,60,85,110],
[1,45,56,99,122],
[2,31,74,97,118],
[3,49,72,93,117],
[4,47,68,92,109],
[5,43,67,84,113],
[6,42,59,88,102],
[7,34,63,77,116],
[8,38,52,91,103],
[9,27,66,78,115],
[10,41,53,90,112,126],
[11,28,65,87,121,128],
[12,40,62,96,123],
[13,37,71,98,104],
[14,46,73,79,107],
[15,48,54,82,114],
[16,29,57,89,105],
[17,32,64,80,111],
[18,39,55,86,119],
[19,30,61,94,100],
[20,36,69,75,108],
[21,44,50,83,101,125],
[22,25,58,76,120],
[23,33,51,95,106,129],
[24,26,70,81,124,127]],

[[0,36,61,86,111],
[1,27,71,82,101,128],
[2,46,57,76,123],
[3,32,51,98,119],
[4,26,73,94,118],
[5,48,69,93,110],
[6,44,68,85,114],
[7,43,60,89,103],
[8,35,64,78,117],
[9,39,53,92,104],
[10,28,67,79,116],
[11,42,54,91,113,127],
[12,29,66,88,122,129],
[13,41,63,97,124],
[14,38,72,99,105],
[15,47,74,80,108],
[16,49,55,83,115],
[17,30,58,90,106],
[18,33,65,81,112,125],
[19,40,56,87,120],
[20,31,62,95,100],
[21,37,70,75,109],
[22,45,50,84,102,126],
[23,25,59,77,121],
[24,34,52,96,107]],

[[0,37,62,87,112],
[1,35,53,97,108],
[2,28,72,83,102,129],
[3,47,58,77,124,125],
[4,33,52,99,120],
[5,27,74,95,119],
[6,49,70,94,111],
[7,45,69,86,115],
[8,44,61,90,104],
[9,36,65,79,118],
[10,40,54,93,105],
[11,29,68,80,117],
[12,43,55,92,114,128],
[13,30,67,89,123],
[14,42,64,98,101],
[15,39,73,76,106],
[16,48,51,81,109],
[17,26,56,84,116],
[18,31,59,91,107],
[19,34,66,82,113,126],
[20,41,57,88,121],
[21,32,63,96,100],
[22,38,71,75,110],
[23,46,50,85,103,127],
[24,25,60,78,122]],

[[0,38,63,88,113],
[1,25,61,79,123],
[2,36,54,98,109],
[3,29,73,84,103],
[4,48,59,78,101,126],
[5,34,53,76,121,125],
[6,28,51,96,120],
[7,26,71,95,112],
[8,46,70,87,116],
[9,45,62,91,105],
[10,37,66,80,119],
[11,41,55,94,106],
[12,30,69,81,118],
[13,44,56,93,115,129],
[14,31,68,90,124],
[15,43,65,99,102],
[16,40,74,77,107],
[17,49,52,82,110],
[18,27,57,85,117],
[19,32,60,92,108],
[20,35,67,83,114,127],
[21,42,58,89,122],
[22,33,64,97,100],
[23,39,72,75,111],
[24,47,50,86,104,128]],

[[0,39,64,89,114],
[1,48,50,87,105,129],
[2,25,62,80,124],
[3,37,55,99,110],
[4,30,74,85,104],
[5,49,60,79,102,127],
[6,35,54,77,122,126],
[7,29,52,97,121],
[8,27,72,96,113],
[9,47,71,88,117],
[10,46,63,92,106,125],
[11,38,67,81,120],
[12,42,56,95,107],
[13,31,70,82,119],
[14,45,57,94,116],
[15,32,69,91,101],
[16,44,66,76,103],
[17,41,51,78,108],
[18,26,53,83,111],
[19,28,58,86,118],
[20,33,61,93,109],
[21,36,68,84,115,128],
[22,43,59,90,123],
[23,34,65,98,100],
[24,40,73,75,112]],

[[0,40,65,90,115],
[1,41,74,75,113],
[2,49,50,88,106],
[3,25,63,81,101],
[4,38,56,76,111],
[5,31,51,86,105],
[6,26,61,80,103,128],
[7,36,55,78,123,127],
[8,30,53,98,122],
[9,28,73,97,114],
[10,48,72,89,118],
[11,47,64,93,107,126],
[12,39,68,82,121],
[13,43,57,96,108,125],
[14,32,71,83,120],
[15,46,58,95,117],
[16,33,70,92,102],
[17,45,67,77,104],
[18,42,52,79,109],
[19,27,54,84,112],
[20,29,59,87,119],
[21,34,62,94,110],
[22,37,69,85,116,129],
[23,44,60,91,124],
[24,35,66,99,100]],

[[0,41,66,91,116],
[1,36,67,76,100],
[2,42,51,75,114],
[3,26,50,89,107],
[4,25,64,82,102],
[5,39,57,77,112],
[6,32,52,87,106],
[7,27,62,81,104,129],
[8,37,56,79,124,128],
[9,31,54,99,123],
[10,29,74,98,115],
[11,49,73,90,119],
[12,48,65,94,108,127],
[13,40,69,83,122],
[14,44,58,97,109,126],
[15,33,72,84,121],
[16,47,59,96,118],
[17,34,71,93,103],
[18,46,68,78,105],
[19,43,53,80,110],
[20,28,55,85,113,125],
[21,30,60,88,120],
[22,35,63,95,111],
[23,38,70,86,117],
[24,45,61,92,101]],

[[0,42,67,92,117],
[1,46,62,93,102],
[2,37,68,77,100],
[3,43,52,75,115],
[4,27,50,90,108],
[5,25,65,83,103],
[6,40,58,78,113],
[7,33,53,88,107],
[8,28,63,82,105],
[9,38,57,80,101,129],
[10,32,55,76,124],
[11,30,51,99,116,125],
[12,26,74,91,120],
[13,49,66,95,109,128],
[14,41,70,84,123],
[15,45,59,98,110,127],
[16,34,73,85,122],
[17,48,60,97,119],
[18,35,72,94,104],
[19,47,69,79,106],
[20,44,54,81,111],
[21,29,56,86,114,126],
[22,31,61,89,121],
[23,36,64,96,112],
[24,39,71,87,118]],

[[0,43,68,93,118],
[1,40,72,88,119],
[2,47,63,94,103],
[3,38,69,78,100],
[4,44,53,75,116],
[5,28,50,91,109],
[6,25,66,84,104],
[7,41,59,79,114],
[8,34,54,89,108],
[9,29,64,83,106],
[10,39,58,81,102],
[11,33,56,77,101],
[12,31,52,76,117,126],
[13,27,51,92,121],
[14,26,67,96,110,129],
[15,42,71,85,124],
[16,46,60,99,111,128],
[17,35,74,86,123,125],
[18,49,61,98,120],
[19,36,73,95,105],
[20,48,70,80,107],
[21,45,55,82,112],
[22,30,57,87,115,127],
[23,32,62,90,122],
[24,37,65,97,113]],

[[0,44,69,94,119],
[1,38,66,98,114,125],
[2,41,73,89,120],
[3,48,64,95,104],
[4,39,70,79,100],
[5,45,54,75,117],
[6,29,50,92,110],
[7,25,67,85,105],
[8,42,60,80,115],
[9,35,55,90,109],
[10,30,65,84,107],
[11,40,59,82,103],
[12,34,57,78,102],
[13,32,53,77,118,127],
[14,28,52,93,122],
[15,27,68,97,111],
[16,43,72,86,101],
[17,47,61,76,112,129],
[18,36,51,87,124,126],
[19,26,62,99,121],
[20,37,74,96,106],
[21,49,71,81,108],
[22,46,56,83,113],
[23,31,58,88,116,128],
[24,33,63,91,123]],

[[0,45,70,95,120,125],
[1,34,64,92,124],
[2,39,67,99,115,126],
[3,42,74,90,121],
[4,49,65,96,105],
[5,40,71,80,100],
[6,46,55,75,118],
[7,30,50,93,111],
[8,25,68,86,106],
[9,43,61,81,116],
[10,36,56,91,110],
[11,31,66,85,108],
[12,41,60,83,104],
[13,35,58,79,103],
[14,33,54,78,119,128],
[15,29,53,94,123],
[16,28,69,98,112],
[17,44,73,87,102],
[18,48,62,77,113],
[19,37,52,88,101,127],
[20,27,63,76,122],
[21,38,51,97,107],
[22,26,72,82,109],
[23,47,57,84,114],
[24,32,59,89,117,129]],

[[0,46,71,96,121,126],
[1,33,60,90,118],
[2,35,65,93,101],
[3,40,68,76,116,127],
[4,43,51,91,122],
[5,26,66,97,106],
[6,41,72,81,100],
[7,47,56,75,119],
[8,31,50,94,112],
[9,25,69,87,107],
[10,44,62,82,117],
[11,37,57,92,111],
[12,32,67,86,109],
[13,42,61,84,105],
[14,36,59,80,104,125],
[15,34,55,79,120,129],
[16,30,54,95,124],
[17,29,70,99,113],
[18,45,74,88,103],
[19,49,63,78,114],
[20,38,53,89,102,128],
[21,28,64,77,123],
[22,39,52,98,108],
[23,27,73,83,110],
[24,48,58,85,115]],

[[0,47,72,97,122,127],
[1,49,59,86,116],
[2,34,61,91,119],
[3,36,66,94,102],
[4,41,69,77,117,128],
[5,44,52,92,123],
[6,27,67,98,107],
[7,42,73,82,100,125],
[8,48,57,75,120],
[9,32,50,95,113],
[10,25,70,88,108],
[11,45,63,83,118],
[12,38,58,93,112],
[13,33,68,87,110],
[14,43,62,85,106],
[15,37,60,81,105,126],
[16,35,56,80,121],
[17,31,55,96,101],
[18,30,71,76,114],
[19,46,51,89,104],
[20,26,64,79,115],
[21,39,54,90,103,129],
[22,29,65,78,124],
[23,40,53,99,109],
[24,28,74,84,111]],

[[0,48,73,98,123,128],
[1,29,51,85,112],
[2,26,60,87,117,125],
[3,35,62,92,120],
[4,37,67,95,103],
[5,42,70,78,118,129],
[6,45,53,93,124],
[7,28,68,99,108],
[8,43,74,83,100,126],
[9,49,58,75,121],
[10,33,50,96,114],
[11,25,71,89,109],
[12,46,64,84,119],
[13,39,59,94,113],
[14,34,69,88,111],
[15,44,63,86,107],
[16,38,61,82,106,127],
[17,36,57,81,122],
[18,32,56,97,102],
[19,31,72,77,115],
[20,47,52,90,105],
[21,27,65,80,116],
[22,40,55,91,104],
[23,30,66,79,101],
[24,41,54,76,110]],

[[0,49,74,99,124,129],
[1,42,55,77,111],
[2,30,52,86,113],
[3,27,61,88,118,126],
[4,36,63,93,121],
[5,38,68,96,104],
[6,43,71,79,119],
[7,46,54,94,101],
[8,29,69,76,109],
[9,44,51,84,100,127],
[10,26,59,75,122],
[11,34,50,97,115],
[12,25,72,90,110,125],
[13,47,65,85,120],
[14,40,60,95,114],
[15,35,70,89,112],
[16,45,64,87,108],
[17,39,62,83,107,128],
[18,37,58,82,123],
[19,33,57,98,103],
[20,32,73,78,116],
[21,48,53,91,106],
[22,28,66,81,117],
[23,41,56,92,105],
[24,31,67,80,102]]

]