[[[0,27,54,81],
[1,28,56,84],
[2,29,57,85],
[3,30,58,86],
[4,31,59,87,108],
[5,32,60,88,109],
[6,33,61,89,110],
[7,34,62,90,111],
[8,35,63,91,112],
[9,36,64,92,113],
[10,37,65,93,114],
[11,38,66,94,115],
[12,39,67,95,116],
[13,40,68,96,117],
[14,41,69,97,118],
[15,42,70,98,119],
[16,43,71,99,120],
[17,44,72,100,121],
[18,45,73,101,122],
[19,46,74,102,123],
[20,47,75,103,124],
[21,48,76,104,125],
[22,49,77,105,126],
[23,50,78,106,127],
[24,51,79,107],
[25,52,80,82],
[26,53,55,83]],

[[0,28,55,82],
[1,41,64,103],
[2,37,76,83,120],
[3,49,56,100,119],
[4,29,73,99,113],
[5,46,72,93],
[6,45,66,86,117],
[7,39,59,97],
[8,32,70,85,108],
[9,43,58,88,112],
[10,31,61,92],
[11,34,65,84],
[12,38,57,81,118],
[13,30,54,98,127],
[14,27,71,107,124],
[15,44,80,104,122],
[16,53,77,102,109],
[17,50,75,89,125],
[18,48,62,105],
[19,35,78,87,114],
[20,51,60,94,116],
[21,33,67,96,126],
[22,40,69,106,121],
[23,42,79,101,110],
[24,52,74,90,115],
[25,47,63,95,111],
[26,36,68,91,123]],

[[0,29,56,83],
[1,37,69,92,124],
[2,42,65,104],
[3,38,77,84,121],
[4,50,57,101,120],
[5,30,74,100,114],
[6,47,73,94],
[7,46,67,87,118],
[8,40,60,98],
[9,33,71,86,109],
[10,44,59,89,113],
[11,32,62,93],
[12,35,66,85],
[13,39,58,81,119],
[14,31,54,99],
[15,27,72,82,125],
[16,45,55,105,123],
[17,28,78,103,110],
[18,51,76,90,126],
[19,49,63,106,108],
[20,36,79,88,115],
[21,52,61,95,117],
[22,34,68,97,127],
[23,41,70,107,122],
[24,43,80,102,111],
[25,53,75,91,116],
[26,48,64,96,112]],

[[0,30,57,84],
[1,49,65,97,113],
[2,38,70,93,125],
[3,43,66,105],
[4,39,78,85,122],
[5,51,58,102,121],
[6,31,75,101,115],
[7,48,74,95,108],
[8,47,68,88,119],
[9,41,61,99],
[10,34,72,87,110],
[11,45,60,90,114],
[12,33,63,94],
[13,36,67,86],
[14,40,59,81,120],
[15,32,54,100],
[16,27,73,83,126],
[17,46,56,106,124],
[18,29,79,104,111],
[19,52,77,91,127],
[20,50,64,107,109],
[21,37,80,89,116],
[22,53,62,96,118],
[23,35,69,98],
[24,42,71,82,123],
[25,44,55,103,112],
[26,28,76,92,117]],

[[0,31,58,85],
[1,29,77,93,118],
[2,50,66,98,114],
[3,39,71,94,126],
[4,44,67,106],
[5,40,79,86,123],
[6,52,59,103,122],
[7,32,76,102,116],
[8,49,75,96,109],
[9,48,69,89,120],
[10,42,62,100,108],
[11,35,73,88,111],
[12,46,61,91,115],
[13,34,64,95],
[14,37,68,87],
[15,41,60,81,121],
[16,33,54,101],
[17,27,74,84,127],
[18,47,57,107,125],
[19,30,80,105,112],
[20,53,78,92],
[21,51,65,82,110],
[22,38,55,90,117],
[23,28,63,97,119],
[24,36,70,99],
[25,43,72,83,124],
[26,45,56,104,113]],

[[0,32,59,86],
[1,46,57,105,114],
[2,30,78,94,119],
[3,51,67,99,115],
[4,40,72,95,127],
[5,45,68,107],
[6,41,80,87,124],
[7,53,60,104,123],
[8,33,77,103,117],
[9,50,76,97,110],
[10,49,70,90,121],
[11,43,63,101,109],
[12,36,74,89,112],
[13,47,62,92,116],
[14,35,65,96,108],
[15,38,69,88],
[16,42,61,81,122],
[17,34,54,102],
[18,27,75,85],
[19,48,58,82,126],
[20,31,55,106,113],
[21,28,79,93],
[22,52,66,83,111],
[23,39,56,91,118],
[24,29,64,98,120],
[25,37,71,100],
[26,44,73,84,125]],

[[0,33,60,87],
[1,45,74,85,126],
[2,47,58,106,115],
[3,31,79,95,120],
[4,52,68,100,116],
[5,41,73,96],
[6,46,69,82,108],
[7,42,55,88,125],
[8,28,61,105,124],
[9,34,78,104,118],
[10,51,77,98,111],
[11,50,71,91,122],
[12,44,64,102,110],
[13,37,75,90,113],
[14,48,63,93,117],
[15,36,66,97,109],
[16,39,70,89],
[17,43,62,81,123],
[18,35,54,103],
[19,27,76,86],
[20,49,59,83,127],
[21,32,56,107,114],
[22,29,80,94],
[23,53,67,84,112],
[24,40,57,92,119],
[25,30,65,99,121],
[26,38,72,101]],

[[0,34,61,88,108],
[1,39,73,102],
[2,46,75,86,127],
[3,48,59,107,116],
[4,32,80,96,121],
[5,53,69,101,117],
[6,42,74,97],
[7,47,70,83,109],
[8,43,56,89,126],
[9,29,62,106,125],
[10,35,79,105,119],
[11,52,78,99,112],
[12,51,72,92,123],
[13,45,65,103,111],
[14,38,76,91,114],
[15,49,64,94,118],
[16,37,67,98,110],
[17,40,71,90],
[18,44,63,81,124],
[19,36,54,104],
[20,27,77,87],
[21,50,60,84],
[22,33,57,82,115],
[23,30,55,95],
[24,28,68,85,113],
[25,41,58,93,120],
[26,31,66,100,122]],

[[0,35,62,89,109],
[1,32,67,101,123],
[2,40,74,103],
[3,47,76,87],
[4,49,60,82,117],
[5,33,55,97,122],
[6,28,70,102,118],
[7,43,75,98],
[8,48,71,84,110],
[9,44,57,90,127],
[10,30,63,107,126],
[11,36,80,106,120],
[12,53,79,100,113],
[13,52,73,93,124],
[14,46,66,104,112],
[15,39,77,92,115],
[16,50,65,95,119],
[17,38,68,99,111],
[18,41,72,91],
[19,45,64,81,125],
[20,37,54,105,108],
[21,27,78,88],
[22,51,61,85],
[23,34,58,83,116],
[24,31,56,96],
[25,29,69,86,114],
[26,42,59,94,121]],

[[0,36,63,90,110],
[1,43,60,95,122],
[2,33,68,102,124],
[3,41,75,104,108],
[4,48,77,88],
[5,50,61,83,118],
[6,34,56,98,123],
[7,29,71,103,119],
[8,44,76,99],
[9,49,72,85,111],
[10,45,58,91],
[11,31,64,82,127],
[12,37,55,107,121],
[13,28,80,101,114],
[14,53,74,94,125],
[15,47,67,105,113],
[16,40,78,93,116],
[17,51,66,96,120],
[18,39,69,100,112],
[19,42,73,92],
[20,46,65,81,126],
[21,38,54,106,109],
[22,27,79,89],
[23,52,62,86],
[24,35,59,84,117],
[25,32,57,97],
[26,30,70,87,115]],

[[0,37,64,91,111],
[1,31,71,88,116],
[2,44,61,96,123],
[3,34,69,103,125],
[4,42,76,105,109],
[5,49,78,89],
[6,51,62,84,119],
[7,35,57,99,124],
[8,30,72,104,120],
[9,45,77,100],
[10,50,73,86,112],
[11,46,59,92],
[12,32,65,83],
[13,38,56,82,122],
[14,29,55,102,115],
[15,28,75,95,126],
[16,48,68,106,114],
[17,41,79,94,117],
[18,52,67,97,121],
[19,40,70,101,113],
[20,43,74,93],
[21,47,66,81,127],
[22,39,54,107,110],
[23,27,80,90],
[24,53,63,87],
[25,36,60,85,118],
[26,33,58,98,108]],

[[0,38,65,92,112],
[1,34,59,99,109],
[2,32,72,89,117],
[3,45,62,97,124],
[4,35,70,104,126],
[5,43,77,106,110],
[6,50,79,90],
[7,52,63,85,120],
[8,36,58,100,125],
[9,31,73,105,121],
[10,46,78,101],
[11,51,74,87,113],
[12,47,60,93],
[13,33,66,84],
[14,39,57,83,123],
[15,30,56,103,116],
[16,29,76,96,127],
[17,49,69,107,115],
[18,42,80,95,118],
[19,53,68,98,122],
[20,41,71,102,114],
[21,44,75,94],
[22,48,67,81],
[23,40,54,82,111],
[24,27,55,91,108],
[25,28,64,88],
[26,37,61,86,119]],

[[0,39,66,93,113],
[1,38,62,87,120],
[2,35,60,100,110],
[3,33,73,90,118],
[4,46,63,98,125],
[5,36,71,105,127],
[6,44,78,107,111],
[7,51,80,91],
[8,53,64,86,121],
[9,37,59,101,126],
[10,32,74,106,122],
[11,47,79,102,108],
[12,52,75,88,114],
[13,48,61,94],
[14,34,67,85],
[15,40,58,84,124],
[16,31,57,104,117],
[17,30,77,97],
[18,50,70,82,116],
[19,43,55,96,119],
[20,28,69,99,123],
[21,42,72,103,115],
[22,45,76,95],
[23,49,68,81],
[24,41,54,83,112],
[25,27,56,92,109],
[26,29,65,89]],

[[0,40,67,94,114],
[1,30,66,90,108],
[2,39,63,88,121],
[3,36,61,101,111],
[4,34,74,91,119],
[5,47,64,99,126],
[6,37,72,106],
[7,45,79,82,112],
[8,52,55,92],
[9,28,65,87,122],
[10,38,60,102,127],
[11,33,75,107,123],
[12,48,80,103,109],
[13,53,76,89,115],
[14,49,62,95],
[15,35,68,86],
[16,41,59,85,125],
[17,32,58,105,118],
[18,31,78,98],
[19,51,71,83,117],
[20,44,56,97,120],
[21,29,70,100,124],
[22,43,73,104,116],
[23,46,77,96],
[24,50,69,81],
[25,42,54,84,113],
[26,27,57,93,110]],

[[0,41,68,95,115],
[1,27,58,94,111],
[2,31,67,91,109],
[3,40,64,89,122],
[4,37,62,102,112],
[5,35,75,92,120],
[6,48,65,100,127],
[7,38,73,107],
[8,46,80,83,113],
[9,53,56,93,108],
[10,29,66,88,123],
[11,39,61,103],
[12,34,76,82,124],
[13,49,55,104,110],
[14,28,77,90,116],
[15,50,63,96],
[16,36,69,87],
[17,42,60,86,126],
[18,33,59,106,119],
[19,32,79,99],
[20,52,72,84,118],
[21,45,57,98,121],
[22,30,71,101,125],
[23,44,74,105,117],
[24,47,78,97],
[25,51,70,81],
[26,43,54,85,114]],

[[0,42,69,96,116],
[1,44,54,86,115],
[2,27,59,95,112],
[3,32,68,92,110],
[4,41,65,90,123],
[5,38,63,103,113],
[6,36,76,93,121],
[7,49,66,101],
[8,39,74,82],
[9,47,55,84,114],
[10,28,57,94,109],
[11,30,67,89,124],
[12,40,62,104],
[13,35,77,83,125],
[14,50,56,105,111],
[15,29,78,91,117],
[16,51,64,97,108],
[17,37,70,88],
[18,43,61,87,127],
[19,34,60,107,120],
[20,33,80,100],
[21,53,73,85,119],
[22,46,58,99,122],
[23,31,72,102,126],
[24,45,75,106,118],
[25,48,79,98],
[26,52,71,81]],

[[0,43,70,97,117],
[1,53,72,81],
[2,45,54,87,116],
[3,27,60,96,113],
[4,33,69,93,111],
[5,42,66,91,124],
[6,39,64,104,114],
[7,37,77,94,122],
[8,50,67,102],
[9,40,75,83],
[10,48,56,85,115],
[11,29,58,95,110],
[12,31,68,90,125],
[13,41,63,105],
[14,36,78,84,126],
[15,51,57,106,112],
[16,30,79,92,118],
[17,52,65,98,109],
[18,38,71,89,108],
[19,44,62,88],
[20,35,61,82,121],
[21,34,55,101],
[22,28,74,86,120],
[23,47,59,100,123],
[24,32,73,103,127],
[25,46,76,107,119],
[26,49,80,99]],

[[0,44,71,98,118],
[1,50,55,100],
[2,28,73,81,108],
[3,46,54,88,117],
[4,27,61,97,114],
[5,34,70,94,112],
[6,43,67,92,125],
[7,40,65,105,115],
[8,38,78,95,123],
[9,51,68,103],
[10,41,76,84],
[11,49,57,86,116],
[12,30,59,96,111],
[13,32,69,91,126],
[14,42,64,106],
[15,37,79,85,127],
[16,52,58,107,113],
[17,31,80,93,119],
[18,53,66,99,110],
[19,39,72,90,109],
[20,45,63,89],
[21,36,62,83,122],
[22,35,56,102],
[23,29,75,87,121],
[24,48,60,101,124],
[25,33,74,104],
[26,47,77,82,120]],

[[0,45,72,99,119],
[1,48,78,83,121],
[2,51,56,101],
[3,29,74,81,109],
[4,47,54,89,118],
[5,27,62,98,115],
[6,35,71,95,113],
[7,44,68,93,126],
[8,41,66,106,116],
[9,39,79,96,124],
[10,52,69,104],
[11,42,77,85],
[12,50,58,87,117],
[13,31,60,97,112],
[14,33,70,92,127],
[15,43,65,107],
[16,38,80,86],
[17,53,59,82,114],
[18,32,55,94,120],
[19,28,67,100,111],
[20,40,73,91,110],
[21,46,64,90],
[22,37,63,84,123],
[23,36,57,103,108],
[24,30,76,88,122],
[25,49,61,102,125],
[26,34,75,105]],

[[0,46,73,100,120],
[1,35,76,106],
[2,49,79,84,122],
[3,52,57,102],
[4,30,75,81,110],
[5,48,54,90,119],
[6,27,63,99,116],
[7,36,72,96,114],
[8,45,69,94,127],
[9,42,67,107,117],
[10,40,80,97,125],
[11,53,70,105],
[12,43,78,86,108],
[13,51,59,88,118],
[14,32,61,98,113],
[15,34,71,93],
[16,44,66,82],
[17,39,55,87],
[18,28,60,83,115],
[19,33,56,95,121],
[20,29,68,101,112],
[21,41,74,92,111],
[22,47,65,91],
[23,38,64,85,124],
[24,37,58,104,109],
[25,31,77,89,123],
[26,50,62,103,126]],

[[0,47,74,101,121],
[1,51,63,104,127],
[2,36,77,107],
[3,50,80,85,123],
[4,53,58,103],
[5,31,76,81,111],
[6,49,54,91,120],
[7,27,64,100,117],
[8,37,73,97,115],
[9,46,70,95],
[10,43,68,82,118],
[11,41,55,98,126],
[12,28,71,106],
[13,44,79,87,109],
[14,52,60,89,119],
[15,33,62,99,114],
[16,35,72,94],
[17,45,67,83,108],
[18,40,56,88],
[19,29,61,84,116],
[20,34,57,96,122],
[21,30,69,102,113],
[22,42,75,93,112],
[23,48,66,92],
[24,39,65,86,125],
[25,38,59,105,110],
[26,32,78,90,124]],

[[0,48,75,102,122],
[1,33,79,91,125],
[2,52,64,105],
[3,37,78,82],
[4,51,55,86,124],
[5,28,59,104],
[6,32,77,81,112],
[7,50,54,92,121],
[8,27,65,101,118],
[9,38,74,98,116],
[10,47,71,96],
[11,44,69,83,119],
[12,42,56,99,127],
[13,29,72,107,108],
[14,45,80,88,110],
[15,53,61,90,120],
[16,34,63,100,115],
[17,36,73,95],
[18,46,68,84,109],
[19,41,57,89],
[20,30,62,85,117],
[21,35,58,97,123],
[22,31,70,103,114],
[23,43,76,94,113],
[24,49,67,93],
[25,40,66,87,126],
[26,39,60,106,111]],

[[0,49,76,103,123],
[1,40,61,107,112],
[2,34,80,92,126],
[3,53,65,106],
[4,38,79,83],
[5,52,56,87,125],
[6,29,60,105],
[7,33,78,81,113],
[8,51,54,93,122],
[9,27,66,102,119],
[10,39,75,99,117],
[11,48,72,97],
[12,45,70,84,120],
[13,43,57,100],
[14,30,73,82,109],
[15,46,55,89,111],
[16,28,62,91,121],
[17,35,64,101,116],
[18,37,74,96],
[19,47,69,85,110],
[20,42,58,90],
[21,31,63,86,118],
[22,36,59,98,124],
[23,32,71,104,115],
[24,44,77,95,114],
[25,50,68,94,108],
[26,41,67,88,127]],

[[0,50,77,104,124],
[1,42,68,89],
[2,41,62,82,113],
[3,35,55,93,127],
[4,28,66,107],
[5,39,80,84,108],
[6,53,57,88,126],
[7,30,61,106],
[8,34,79,81,114],
[9,52,54,94,123],
[10,27,67,103,120],
[11,40,76,100,118],
[12,49,73,98],
[13,46,71,85,121],
[14,44,58,101],
[15,31,74,83,110],
[16,47,56,90,112],
[17,29,63,92,122],
[18,36,65,102,117],
[19,38,75,97],
[20,48,70,86,111],
[21,43,59,91],
[22,32,64,87,119],
[23,37,60,99,125],
[24,33,72,105,116],
[25,45,78,96,115],
[26,51,69,95,109]],

[[0,51,78,105,125],
[1,52,70,96,110],
[2,43,69,90],
[3,42,63,83,114],
[4,36,56,94],
[5,29,67,82],
[6,40,55,85,109],
[7,28,58,89,127],
[8,31,62,107],
[9,35,80,81,115],
[10,53,54,95,124],
[11,27,68,104,121],
[12,41,77,101,119],
[13,50,74,99],
[14,47,72,86,122],
[15,45,59,102],
[16,32,75,84,111],
[17,48,57,91,113],
[18,30,64,93,123],
[19,37,66,103,118],
[20,39,76,98],
[21,49,71,87,112],
[22,44,60,92,108],
[23,33,65,88,120],
[24,38,61,100,126],
[25,34,73,106,117],
[26,46,79,97,116]],

[[0,52,79,106,126],
[1,47,80,98,117],
[2,53,71,97,111],
[3,44,70,91],
[4,43,64,84,115],
[5,37,57,95],
[6,30,68,83],
[7,41,56,86,110],
[8,29,59,90],
[9,32,63,82],
[10,36,55,81,116],
[11,28,54,96,125],
[12,27,69,105,122],
[13,42,78,102,120],
[14,51,75,100],
[15,48,73,87,123],
[16,46,60,103],
[17,33,76,85,112],
[18,49,58,92,114],
[19,31,65,94,124],
[20,38,67,104,119],
[21,40,77,99,108],
[22,50,72,88,113],
[23,45,61,93,109],
[24,34,66,89,121],
[25,39,62,101,127],
[26,35,74,107,118]],

[[0,53,80,107,127],
[1,36,75,82,119],
[2,48,55,99,118],
[3,28,72,98,112],
[4,45,71,92],
[5,44,65,85,116],
[6,38,58,96],
[7,31,69,84],
[8,42,57,87,111],
[9,30,60,91],
[10,33,64,83],
[11,37,56,81,117],
[12,29,54,97,126],
[13,27,70,106,123],
[14,43,79,103,121],
[15,52,76,101,108],
[16,49,74,88,124],
[17,47,61,104],
[18,34,77,86,113],
[19,50,59,93,115],
[20,32,66,95,125],
[21,39,68,105,120],
[22,41,78,100,109],
[23,51,73,89,114],
[24,46,62,94,110],
[25,35,67,90,122],
[26,40,63,102]]

]
