[[[0,28,56,84],
[1,47,78,101,113],
[2,52,83,107],
[3,44,69,89,116],
[4,41,67,102],
[5,36,65,108],
[6,53,59,106,117],
[7,50,75,85,115],
[8,40,82,90],
[9,31,64,91,112],
[10,30,57,95,124],
[11,49,81,103,118],
[12,54,74,99],
[13,39,72,96],
[14,37,58,111,122],
[15,35,80,110],
[16,45,61,87],
[17,38,79,98,120],
[18,34,70,105,114],
[19,43,73,86,123],
[20,32,71,94],
[21,46,68,97],
[22,33,63,109,119],
[23,42,66,100],
[24,51,60,92,125],
[25,55,62,104],
[26,29,76,88,121],
[27,48,77,93]],

[[0,54,60,107,118],
[1,29,57,85],
[2,48,79,102,114],
[3,53,77,108],
[4,45,63,90,117],
[5,35,68,103],
[6,37,66,109],
[7,40,73,97],
[8,51,76,86,116],
[9,41,83,84],
[10,32,65,92,113],
[11,31,58,96,125],
[12,50,82,104,112],
[13,55,75,100],
[14,33,72,95],
[15,38,59,105,123],
[16,36,81,111],
[17,46,62,88],
[18,39,80,99,121],
[19,28,71,106,115],
[20,44,74,87,124],
[21,42,78,94],
[22,47,69,91],
[23,34,64,110,120],
[24,43,67,101],
[25,52,61,93,119],
[26,49,56,98],
[27,30,70,89,122]],

[[0,38,67,110],
[1,55,61,108,112],
[2,30,58,86],
[3,42,80,103,115],
[4,54,78,109],
[5,46,64,84,118],
[6,36,69,104],
[7,49,76,101],
[8,41,74,91],
[9,52,70,87,117],
[10,35,77,85],
[11,33,66,93,114],
[12,32,59,97,119],
[13,51,83,98,113],
[14,45,75,88,125],
[15,34,73,96],
[16,39,60,106,124],
[17,37,82,105],
[18,47,56,89],
[19,40,81,100,122],
[20,29,72,107,116],
[21,31,71,90,123],
[22,43,79,95],
[23,48,63,92],
[24,28,65,111,121],
[25,44,68,102],
[26,53,62,94,120],
[27,50,57,99]],

[[0,37,63,98],
[1,39,68,111],
[2,49,62,109,113],
[3,31,59,87],
[4,43,81,104,116],
[5,55,79,110],
[6,47,65,85,112],
[7,52,77,99,114],
[8,50,70,102],
[9,35,75,92],
[10,53,71,88,118],
[11,36,78,86],
[12,34,67,94,115],
[13,33,60,91,120],
[14,30,73,108,117],
[15,46,76,89,119],
[16,28,74,97],
[17,40,61,107,125],
[18,38,83,106],
[19,48,57,90],
[20,41,82,101,123],
[21,51,58,100],
[22,32,72,84,124],
[23,44,80,96],
[24,42,64,93],
[25,29,66,105,122],
[26,45,69,103],
[27,54,56,95,121]],

[[0,48,66,86,113],
[1,38,64,99],
[2,40,69,105],
[3,50,56,110,114],
[4,32,60,88],
[5,44,82,98,117],
[6,49,80,111],
[7,34,61,92,121],
[8,53,78,100,115],
[9,51,71,103],
[10,36,76,93],
[11,54,72,89,112],
[12,37,79,87],
[13,28,68,95,116],
[14,35,83,102,124],
[15,31,74,109,118],
[16,47,70,90,120],
[17,29,75,91],
[18,41,62,108,119],
[19,39,77,107],
[20,42,58,84],
[21,55,57,96,122],
[22,52,59,101],
[23,33,73,85,125],
[24,45,81,97],
[25,43,65,94],
[26,30,67,106,123],
[27,46,63,104]],

[[0,50,81,105],
[1,42,67,87,114],
[2,39,65,100],
[3,41,63,106],
[4,51,57,111,115],
[5,33,61,89],
[6,45,83,99,118],
[7,29,69,96,117],
[8,28,62,93,122],
[9,54,79,101,116],
[10,52,72,104],
[11,37,70,94],
[12,55,73,90,113],
[13,38,80,88],
[14,43,59,85],
[15,36,77,103,125],
[16,32,75,110,112],
[17,48,71,84,121],
[18,30,76,92],
[19,35,56,109,120],
[20,40,78,108],
[21,47,64,98],
[22,49,58,97,123],
[23,53,60,102],
[24,34,74,86,119],
[25,46,82,91],
[26,44,66,95],
[27,31,68,107,124]],

[[0,46,77,100,112],
[1,51,82,106],
[2,43,68,88,115],
[3,40,66,101],
[4,35,64,107],
[5,52,58,105,116],
[6,34,62,90],
[7,39,81,89],
[8,30,63,97,118],
[9,29,56,94,123],
[10,55,80,102,117],
[11,53,73,98],
[12,38,71,95],
[13,49,74,84,114],
[14,41,79,109],
[15,44,60,86],
[16,37,78,104,119],
[17,33,76,111,113],
[18,42,72,85,122],
[19,31,70,93],
[20,36,57,110,121],
[21,32,69,108,125],
[22,48,65,99],
[23,50,59,91,124],
[24,54,61,103],
[25,28,75,87,120],
[26,47,83,92],
[27,45,67,96]],

[[0,43,82,92,122],
[1,33,75,97],
[2,38,57,84,119],
[3,37,64,88,117],
[4,42,74,110,125],
[5,47,81,106],
[6,32,79,89],
[7,35,63,91],
[8,54,71,108,120],
[9,45,76,100],
[10,51,62,96,123],
[11,34,60,109],
[12,29,58,101],
[13,46,66,99,124],
[14,53,61,90],
[15,40,56,102,112],
[16,49,59,107],
[17,44,67,85,118],
[18,48,69,111],
[19,36,83,95,114],
[20,55,70,86],
[21,30,65,104,115],
[22,28,73,103],
[23,52,68,94],
[24,31,72,105,113],
[25,41,77,98,121],
[26,50,80,93,116],
[27,39,78,87]],

[[0,33,80,90],
[1,44,83,93,123],
[2,34,76,91],
[3,39,58,85,120],
[4,38,65,89,118],
[5,43,75,111,119],
[6,48,82,107],
[7,47,67,100,125],
[8,36,64,92],
[9,55,72,109,121],
[10,46,70,101],
[11,52,56,97,124],
[12,28,61,110],
[13,30,59,102],
[14,49,71,87],
[15,54,62,84],
[16,41,57,103,113],
[17,50,60,108],
[18,45,68,86,112],
[19,42,63,105],
[20,37,77,96,115],
[21,40,79,88],
[22,31,66,98,116],
[23,29,74,104],
[24,53,69,95],
[25,32,73,106,114],
[26,35,78,99,122],
[27,51,81,94,117]],

[[0,42,83,108],
[1,34,81,84],
[2,45,77,94,124],
[3,28,70,92],
[4,40,59,86,121],
[5,39,66,90,112],
[6,44,76,105,120],
[7,31,60,103],
[8,48,68,101,119],
[9,37,65,93],
[10,49,73,110,122],
[11,47,71,102],
[12,53,57,91,125],
[13,29,62,111],
[14,38,78,97,116],
[15,50,72,88],
[16,55,56,85],
[17,35,58,104,114],
[18,51,61,109],
[19,46,69,87,113],
[20,43,64,106],
[21,52,82,95,118],
[22,41,80,89],
[23,32,67,99,117],
[24,30,75,98],
[25,54,63,96],
[26,33,74,107,115],
[27,36,79,100,123]],

[[0,45,70,106,121],
[1,43,77,109],
[2,28,82,85],
[3,46,78,95,125],
[4,29,71,93],
[5,41,60,87,122],
[6,40,67,84,113],
[7,30,56,105],
[8,32,61,104],
[9,42,69,102,120],
[10,38,66,94],
[11,50,74,111,123],
[12,48,72,103],
[13,54,58,92,119],
[14,44,65,107],
[15,39,79,91,117],
[16,51,73,89],
[17,49,57,86],
[18,36,59,98,115],
[19,52,62,110],
[20,47,63,88,114],
[21,37,80,101,124],
[22,53,83,96,112],
[23,35,81,90],
[24,33,68,100,118],
[25,31,76,99],
[26,55,64,97],
[27,34,75,108,116]],

[[0,41,68,85,114],
[1,46,71,107,122],
[2,44,78,110],
[3,29,83,86],
[4,47,79,96,119],
[5,30,72,94],
[6,35,61,88,123],
[7,55,59,93,120],
[8,31,57,106],
[9,33,62,98],
[10,43,63,103,121],
[11,39,67,95],
[12,51,75,105,124],
[13,42,73,104],
[14,48,64,89,115],
[15,45,66,108],
[16,40,80,92,118],
[17,52,74,90],
[18,50,58,87],
[19,37,60,99,116],
[20,53,56,111],
[21,28,76,109,117],
[22,38,81,102,125],
[23,54,77,97,113],
[24,36,82,84],
[25,34,69,101,112],
[26,32,70,100],
[27,49,65,91]],

[[0,36,62,89,124],
[1,35,69,86,115],
[2,47,72,108,123],
[3,45,79,111],
[4,30,77,87],
[5,48,80,97,120],
[6,31,73,95],
[7,43,74,98],
[8,49,60,94,121],
[9,32,58,107],
[10,34,56,99],
[11,44,64,104,122],
[12,40,68,96],
[13,52,76,106,125],
[14,54,57,105],
[15,42,65,90,116],
[16,46,67,109],
[17,41,81,93,112],
[18,53,75,84],
[19,51,59,88],
[20,38,61,100,117],
[21,50,66,92],
[22,29,70,110,118],
[23,39,82,103,119],
[24,55,78,91,114],
[25,37,83,85],
[26,28,63,102,113],
[27,33,71,101]],

[[0,32,74,96],
[1,37,56,90,125],
[2,36,63,87,116],
[3,48,73,109,124],
[4,46,80,105],
[5,31,78,88],
[6,42,81,91,121],
[7,53,70,107,119],
[8,44,75,99],
[9,50,61,95,122],
[10,33,59,108],
[11,28,57,100],
[12,45,65,98,123],
[13,41,69,97],
[14,39,62,101,118],
[15,55,58,106],
[16,43,66,84,117],
[17,47,68,110],
[18,35,82,94,113],
[19,54,76,85],
[20,52,60,89],
[21,34,72,102],
[22,51,67,93],
[23,30,71,111,112],
[24,40,83,104,120],
[25,49,79,92,115],
[26,38,77,86],
[27,29,64,103,114]],

[[0,51,72,97],
[1,49,66,96,120],
[2,31,75,101,122],
[3,52,65,84],
[4,48,56,91],
[5,29,59,100],
[6,46,57,108,114],
[7,32,82,111,116],
[8,47,77,95],
[9,28,80,86,125],
[10,37,74,106],
[11,41,76,90,115],
[12,43,62,102],
[13,34,63,107,123],
[14,42,70,98,112],
[15,33,64,87],
[16,38,69,93,121],
[17,30,83,103],
[18,55,81,88,124],
[19,50,79,94,118],
[20,39,73,92],
[21,36,61,99],
[22,54,68,104,117],
[23,45,78,105],
[24,44,71,109],
[25,35,67,89],
[26,40,60,85,119],
[27,53,58,110,113]],

[[0,47,58,109,115],
[1,52,73,91],
[2,50,67,97,121],
[3,32,76,102,123],
[4,53,66,85],
[5,42,57,92],
[6,30,60,101],
[7,28,64,108,124],
[8,33,83,105,117],
[9,48,78,96],
[10,29,81,87,119],
[11,38,75,107],
[12,35,70,84,116],
[13,44,56,103],
[14,40,74,93],
[15,43,71,99,113],
[16,34,65,88],
[17,39,63,94,122],
[18,31,77,104],
[19,49,82,89,125],
[20,51,80,95,112],
[21,54,59,111,114],
[22,37,62,100],
[23,55,69,98,118],
[24,46,79,106],
[25,45,72,110],
[26,36,68,90],
[27,41,61,86,120]],

[[0,31,61,102],
[1,48,59,110,116],
[2,53,74,92],
[3,51,68,91,122],
[4,33,70,103,124],
[5,54,67,86],
[6,43,58,93],
[7,45,57,104],
[8,29,65,109,125],
[9,34,77,106,118],
[10,42,79,97],
[11,30,82,88,120],
[12,39,76,108],
[13,36,71,85,117],
[14,52,81,96,113],
[15,41,75,94],
[16,44,72,100,114],
[17,28,66,89],
[18,40,64,95,123],
[19,32,78,98],
[20,50,83,90,119],
[21,35,62,87,121],
[22,55,60,105,115],
[23,38,56,101],
[24,49,63,99,112],
[25,47,80,107],
[26,46,73,111],
[27,37,69,84]],

[[0,44,59,94],
[1,32,62,103],
[2,42,60,111,117],
[3,54,75,93],
[4,52,69,92,123],
[5,34,71,104,125],
[6,55,68,87],
[7,37,72,86,118],
[8,46,58,98],
[9,30,66,110,119],
[10,28,78,107,112],
[11,43,80,91],
[12,31,83,89,121],
[13,40,70,109],
[14,51,77,84,120],
[15,53,82,97,114],
[16,35,76,95],
[17,45,73,101,115],
[18,29,67,90],
[19,41,65,96,124],
[20,33,79,99],
[21,38,63,85],
[22,36,56,88,122],
[23,49,61,106,116],
[24,39,57,102],
[25,50,64,100,113],
[26,48,81,108],
[27,47,74,105]],

[[0,49,69,88],
[1,45,60,95],
[2,33,56,104],
[3,43,61,105,118],
[4,55,76,94],
[5,53,63,93,124],
[6,28,72,98,119],
[7,41,71,110],
[8,38,73,87,112],
[9,47,59,99],
[10,31,67,111,120],
[11,29,79,108,113],
[12,44,81,92],
[13,32,77,90,122],
[14,34,80,100],
[15,52,78,85,121],
[16,54,83,91,115],
[17,36,70,96],
[18,46,74,102,116],
[19,30,68,84],
[20,35,66,97,125],
[21,48,75,106],
[22,39,64,86],
[23,37,57,89,123],
[24,50,62,107,117],
[25,40,58,103],
[26,51,65,101,114],
[27,42,82,109]],

[[0,29,73,99,120],
[1,50,63,89],
[2,46,61,96],
[3,34,57,98],
[4,44,62,106,112],
[5,49,70,95],
[6,54,64,94,125],
[7,33,78,84,123],
[8,35,72,111],
[9,39,74,88,113],
[10,48,60,100],
[11,32,68,105,121],
[12,30,80,109,114],
[13,45,82,93],
[14,36,67,91,119],
[15,28,81,101],
[16,53,79,86,122],
[17,55,77,92,116],
[18,37,71,97],
[19,47,75,103,117],
[20,31,69,85],
[21,43,83,110],
[22,42,76,107],
[23,40,65,87],
[24,38,58,90,124],
[25,51,56,108,118],
[26,41,59,104],
[27,52,66,102,115]],

[[0,55,65,95,119],
[1,30,74,100,121],
[2,51,64,90],
[3,47,62,97],
[4,28,58,99],
[5,45,56,107,113],
[6,50,71,96],
[7,46,83,94],
[8,34,79,85,124],
[9,36,73,105],
[10,40,75,89,114],
[11,42,61,101],
[12,33,69,106,122],
[13,31,81,110,115],
[14,32,63,86],
[15,37,68,92,120],
[16,29,82,102],
[17,54,80,87,123],
[18,49,78,93,117],
[19,38,72,91],
[20,48,76,104,118],
[21,53,67,103,116],
[22,44,77,111],
[23,43,70,108],
[24,41,66,88],
[25,39,59,84,125],
[26,52,57,109,112],
[27,35,60,98]],

[[0,39,75,104,123],
[1,54,70,88],
[2,35,73,93,118],
[3,30,81,99],
[4,34,83,97,122],
[5,50,69,109],
[6,41,56,100,116],
[7,44,79,90],
[8,42,59,89,113],
[9,38,82,108,115],
[10,45,58,91],
[11,55,63,84],
[12,36,66,107],
[13,53,64,101,121],
[14,29,68,106],
[15,47,61,111,124],
[16,52,71,98],
[17,51,78,102],
[18,28,60,96],
[19,33,67,92,112],
[20,46,65,103,120],
[21,49,77,105,119],
[22,40,57,94],
[23,31,62,86,114],
[24,37,76,110],
[25,48,74,95,117],
[26,43,72,87,125],
[27,32,80,85]],

[[0,35,57,101,117],
[1,40,76,98,124],
[2,55,71,89],
[3,36,74,94,112],
[4,31,82,100],
[5,28,77,91,123],
[6,51,63,110],
[7,54,65,102,122],
[8,45,80,84],
[9,43,60,90,114],
[10,39,83,109,116],
[11,46,59,92],
[12,49,64,85],
[13,37,67,108],
[14,47,66,104,121],
[15,30,69,107],
[16,48,62,105,125],
[17,53,72,99],
[18,52,79,103],
[19,29,61,97],
[20,34,68,93,113],
[21,33,81,86],
[22,50,78,106,120],
[23,41,58,95],
[24,32,56,87,115],
[25,38,70,111],
[26,42,75,96,118],
[27,44,73,88,119]],

[[0,52,64,111],
[1,36,58,102,118],
[2,41,70,99,125],
[3,49,72,90],
[4,37,75,95,113],
[5,32,83,101],
[6,29,78,92,124],
[7,38,68,109],
[8,55,66,103,123],
[9,46,81,85],
[10,44,61,84,115],
[11,40,77,110,117],
[12,47,60,93],
[13,50,65,86],
[14,28,69,94,114],
[15,48,67,98,122],
[16,31,63,108],
[17,42,56,106,119],
[18,54,73,100],
[19,53,80,104],
[20,30,62,91],
[21,45,74,89,120],
[22,34,82,87],
[23,51,79,107,121],
[24,35,59,96],
[25,33,57,88,116],
[26,39,71,105],
[27,43,76,97,112]],

[[0,30,79,93,125],
[1,53,65,105],
[2,37,59,103,112],
[3,35,71,100,119],
[4,50,73,84],
[5,38,76,96,114],
[6,33,77,102],
[7,51,66,87],
[8,39,69,110],
[9,49,67,104,124],
[10,47,82,86],
[11,45,62,85,116],
[12,41,78,111,118],
[13,48,61,94],
[14,31,56,92],
[15,29,63,95,115],
[16,42,68,99,123],
[17,32,64,109],
[18,43,57,107,120],
[19,55,74,101],
[20,54,81,98],
[21,44,70,91,113],
[22,46,75,90,121],
[23,28,83,88],
[24,52,80,108,122],
[25,36,60,97],
[26,34,58,89,117],
[27,40,72,106]],

[[0,34,78,103],
[1,31,80,94,119],
[2,54,66,106],
[3,38,60,104,113],
[4,36,72,101,120],
[5,51,74,85],
[6,39,70,97,115],
[7,42,62,95],
[8,52,67,88],
[9,40,63,111],
[10,50,68,98,125],
[11,48,83,87],
[12,46,56,86,117],
[13,35,79,105,112],
[14,55,82,99],
[15,32,57,93],
[16,30,64,96,116],
[17,43,69,100,124],
[18,33,65,110],
[19,44,58,108,121],
[20,49,75,102],
[21,41,73,107],
[22,45,71,92,114],
[23,47,76,84,122],
[24,29,77,89],
[25,53,81,109,123],
[26,37,61,91],
[27,28,59,90,118]],

[[0,40,71,91,116],
[1,28,79,104],
[2,32,81,95,120],
[3,55,67,107],
[4,39,61,98,114],
[5,37,73,102,121],
[6,52,75,86],
[7,36,80,106,113],
[8,43,56,96],
[9,53,68,89],
[10,41,64,105],
[11,51,69,99,119],
[12,42,77,88],
[13,47,57,87,118],
[14,50,76,103],
[15,49,83,100],
[16,33,58,94],
[17,31,65,97,117],
[18,44,63,101,125],
[19,34,66,111],
[20,45,59,109,122],
[21,29,60,84,112],
[22,35,74,108],
[23,46,72,93,115],
[24,48,70,85,123],
[25,30,78,90],
[26,54,82,110,124],
[27,38,62,92]],

[[0,53,76,87],
[1,41,72,92,117],
[2,29,80,98],
[3,33,82,96,121],
[4,49,68,108],
[5,40,62,99,115],
[6,38,74,103,122],
[7,48,58,88,112],
[8,37,81,107,114],
[9,44,57,97],
[10,54,69,90],
[11,35,65,106],
[12,52,63,100,120],
[13,43,78,89],
[14,46,60,110,123],
[15,51,70,104],
[16,50,77,101],
[17,34,59,95],
[18,32,66,91,118],
[19,45,64,102,119],
[20,28,67,105],
[21,39,56,93],
[22,30,61,85,113],
[23,36,75,109],
[24,47,73,94,116],
[25,42,71,86,124],
[26,31,79,84],
[27,55,83,111,125]]

]
