[[[0,1,2,3,4,5],
[6,7,8,9,10,11],
[12,13,14,15,16,17],
[18,19,20,21,22,23],
[24,25,26,27,28,29],
[30,31,32,33,34,35],
[36,37,38,39,40,41],
[42,43,44,45,46,47],
[48,49,50,51,52,53],
[54,55,56,57,58,59],
[60,61,62,63,64,65],
[66,67,68,69,70,71],
[72,73,74,75,76,77],
[78,79,80,81,82,83],
[84,85,86,87,88,89],
[90,91,92,93,94,95],
[96,97,98,99,100,101],
[102,103,104,105,106,107],
[108,109,110,111,112,113],
[114,115,116,117,118],
[119,120,121,122,123],
[124,125,126,127,128]],

[[0,7,14,21,28,35],
[6,13,20,27,34,41],
[12,19,26,33,40,47],
[18,25,32,39,46,53],
[24,31,38,45,52,59],
[30,37,44,51,58,65],
[36,43,50,57,64,71],
[42,49,56,63,70,77],
[48,55,62,69,76,83],
[54,61,68,75,82,89],
[60,67,74,81,88,95],
[66,73,80,87,94,101],
[72,79,86,93,100,107],
[78,85,92,99,106,113],
[84,91,98,105,112,118],
[90,97,104,111,117,123],
[96,103,110,116,122,128],
[5,102,109,115,121,127],
[4,11,108,114,120,126],
[3,10,17,119,125],
[2,9,16,23,124],
[1,8,15,22,29]],

[[0,8,13,23,33,46],
[6,14,19,29,39,52],
[12,20,25,35,45,58],
[18,26,31,41,51,64],
[24,32,37,47,57,70],
[30,38,43,53,63,76],
[36,44,49,59,69,82],
[42,50,55,65,75,88],
[48,56,61,71,81,94],
[54,62,67,77,87,100],
[60,68,73,83,93,106],
[66,74,79,89,99,112],
[72,80,85,95,105,117],
[78,86,91,101,111,122],
[84,92,97,107,116,127],
[4,90,98,103,113,121],
[10,96,104,109,118,126],
[3,16,102,110,114,123],
[9,22,108,115,119,128],
[5,15,28,120,124],
[1,11,21,34,125],
[2,7,17,27,40]],

[[0,9,17,19,32,58],
[6,15,23,25,38,64],
[12,21,29,31,44,70],
[18,27,35,37,50,76],
[24,33,41,43,56,82],
[30,39,47,49,62,88],
[36,45,53,55,68,94],
[42,51,59,61,74,100],
[48,57,65,67,80,106],
[54,63,71,73,86,112],
[60,69,77,79,92,117],
[66,75,83,85,98,122],
[72,81,89,91,104,127],
[4,78,87,95,97,110],
[10,84,93,101,103,115],
[16,90,99,107,109,120],
[22,96,105,113,114,125],
[2,28,102,111,118,119],
[8,34,108,116,123,124],
[1,14,40,121,128],
[5,7,20,46,126],
[3,11,13,26,52]],

[[0,10,15,20,31,47],
[6,16,21,26,37,53],
[12,22,27,32,43,59],
[18,28,33,38,49,65],
[24,34,39,44,55,71],
[30,40,45,50,61,77],
[36,46,51,56,67,83],
[42,52,57,62,73,89],
[48,58,63,68,79,95],
[54,64,69,74,85,101],
[60,70,75,80,91,107],
[66,76,81,86,97,113],
[72,82,87,92,103,118],
[78,88,93,98,109,123],
[84,94,99,104,114,128],
[5,90,100,105,110,119],
[11,96,106,111,115,124],
[1,17,102,112,116,120],
[7,23,108,117,121,125],
[2,13,29,122,126],
[3,8,19,35,127],
[4,9,14,25,41]],

[[0,11,16,25,44,57],
[6,17,22,31,50,63],
[12,23,28,37,56,69],
[18,29,34,43,62,75],
[24,35,40,49,68,81],
[30,41,46,55,74,87],
[36,47,52,61,80,93],
[42,53,58,67,86,99],
[48,59,64,73,92,105],
[54,65,70,79,98,111],
[60,71,76,85,104,116],
[66,77,82,91,110,121],
[72,83,88,97,115,126],
[3,78,89,94,103,120],
[9,84,95,100,109,125],
[2,15,90,101,106,114],
[8,21,96,107,112,119],
[14,27,102,113,117,124],
[1,20,33,108,118,122],
[7,26,39,123,127],
[4,13,32,45,128],
[5,10,19,38,51]],

[[0,22,26,45,49,71],
[6,28,32,51,55,77],
[12,34,38,57,61,83],
[18,40,44,63,67,89],
[24,46,50,69,73,95],
[30,52,56,75,79,101],
[36,58,62,81,85,107],
[42,64,68,87,91,113],
[48,70,74,93,97,118],
[54,76,80,99,103,123],
[60,82,86,105,109,128],
[5,66,88,92,111,114],
[11,72,94,98,116,119],
[17,78,100,104,121,124],
[1,23,84,106,110,126],
[3,7,29,90,112,115],
[9,13,35,96,117,120],
[15,19,41,102,122,125],
[2,21,25,47,108,127],
[4,8,27,31,53],
[10,14,33,37,59],
[16,20,39,43,65]],

[[0,27,38,55,70,89],
[6,33,44,61,76,95],
[12,39,50,67,82,101],
[18,45,56,73,88,107],
[24,51,62,79,94,113],
[30,57,68,85,100,118],
[36,63,74,91,106,123],
[42,69,80,97,112,128],
[5,48,75,86,103,117],
[11,54,81,92,109,122],
[17,60,87,98,114,127],
[4,23,66,93,104,119],
[10,29,72,99,110,124],
[1,16,35,78,105,115],
[7,22,41,84,111,120],
[13,28,47,90,116,125],
[2,19,34,53,96,121],
[8,25,40,59,102,126],
[3,14,31,46,65,108],
[9,20,37,52,71],
[15,26,43,58,77],
[21,32,49,64,83]],

[[0,29,37,63,80,88],
[6,35,43,69,86,94],
[12,41,49,75,92,100],
[18,47,55,81,98,106],
[24,53,61,87,104,112],
[30,59,67,93,110,117],
[36,65,73,99,115,122],
[42,71,79,105,120,127],
[4,48,77,85,111,125],
[2,10,54,83,91,116],
[8,16,60,89,97,121],
[14,22,66,95,103,126],
[3,20,28,72,101,109],
[9,26,34,78,107,114],
[15,32,40,84,113,119],
[21,38,46,90,118,124],
[1,27,44,52,96,123],
[7,33,50,58,102,128],
[5,13,39,56,64,108],
[11,19,45,62,70],
[17,25,51,68,76],
[23,31,57,74,82]],

[[0,34,50,59,79,87],
[6,40,56,65,85,93],
[12,46,62,71,91,99],
[18,52,68,77,97,105],
[24,58,74,83,103,111],
[30,64,80,89,109,116],
[36,70,86,95,114,121],
[42,76,92,101,119,126],
[3,48,82,98,107,124],
[1,9,54,88,104,113],
[7,15,60,94,110,118],
[13,21,66,100,115,123],
[19,27,72,106,120,128],
[5,25,33,78,112,125],
[2,11,31,39,84,117],
[8,17,37,45,90,122],
[14,23,43,51,96,127],
[4,20,29,49,57,102],
[10,26,35,55,63,108],
[16,32,41,61,69],
[22,38,47,67,75],
[28,44,53,73,81]],

[[0,39,77,86,106,119],
[6,45,83,92,112,124],
[1,12,51,89,98,117],
[7,18,57,95,104,122],
[13,24,63,101,110,127],
[4,19,30,69,107,115],
[10,25,36,75,113,120],
[16,31,42,81,118,125],
[2,22,37,48,87,123],
[8,28,43,54,93,128],
[5,14,34,49,60,99],
[11,20,40,55,66,105],
[17,26,46,61,72,111],
[23,32,52,67,78,116],
[29,38,58,73,84,121],
[35,44,64,79,90,126],
[3,41,50,70,85,96],
[9,47,56,76,91,102],
[15,53,62,82,97,108],
[21,59,68,88,103],
[27,65,74,94,109],
[33,71,80,100,114]],

[[0,40,53,69,103,125],
[2,6,46,59,75,109],
[8,12,52,65,81,114],
[14,18,58,71,87,119],
[20,24,64,77,93,124],
[1,26,30,70,83,99],
[7,32,36,76,89,105],
[13,38,42,82,95,111],
[19,44,48,88,101,116],
[25,50,54,94,107,121],
[31,56,60,100,113,126],
[3,37,62,66,106,118],
[9,43,68,72,112,123],
[15,49,74,78,117,128],
[5,21,55,80,84,122],
[11,27,61,86,90,127],
[4,17,33,67,92,96],
[10,23,39,73,98,102],
[16,29,45,79,104,108],
[22,35,51,85,110],
[28,41,57,91,115],
[34,47,63,97,120]],

[[0,41,62,93,112,114],
[6,47,68,99,117,119],
[12,53,74,105,122,124],
[1,18,59,80,111,127],
[4,7,24,65,86,116],
[10,13,30,71,92,121],
[16,19,36,77,98,126],
[3,22,25,42,83,104],
[9,28,31,48,89,110],
[15,34,37,54,95,115],
[21,40,43,60,101,120],
[27,46,49,66,107,125],
[2,33,52,55,72,113],
[8,39,58,61,78,118],
[14,45,64,67,84,123],
[20,51,70,73,90,128],
[5,26,57,76,79,96],
[11,32,63,82,85,102],
[17,38,69,88,91,108],
[23,44,75,94,97],
[29,50,81,100,103],
[35,56,87,106,109]],

[[0,43,52,74,107,126],
[3,6,49,58,80,113],
[9,12,55,64,86,118],
[15,18,61,70,92,123],
[21,24,67,76,98,128],
[5,27,30,73,82,104],
[11,33,36,79,88,110],
[17,39,42,85,94,115],
[23,45,48,91,100,120],
[29,51,54,97,106,125],
[2,35,57,60,103,112],
[8,41,63,66,109,117],
[14,47,69,72,114,122],
[20,53,75,78,119,127],
[4,26,59,81,84,124],
[1,10,32,65,87,90],
[7,16,38,71,93,96],
[13,22,44,77,99,102],
[19,28,50,83,105,108],
[25,34,56,89,111],
[31,40,62,95,116],
[37,46,68,101,121]]

]
