[[[0,1,2,3,4,5],
[6,7,8,9,10,11],
[12,13,14,15,16,17],
[18,19,20,21,22,23],
[24,25,26,27,28,29],
[30,31,32,33,34,35],
[36,37,38,39,40,41],
[42,43,44,45,46,47],
[48,49,50,51,52,53],
[54,55,56,57,58,59],
[60,61,62,63,64,65],
[66,67,68,69,70,71],
[72,73,74,75,76,77],
[78,79,80,81,82,83],
[84,85,86,87,88,89],
[90,91,92,93,94,95],
[96,97,98,99,100],
[101,102,103,104,105],
[106,107,108,109,110],
[111,112,113,114,115],
[116,117,118,119,120],
[121,122,123,124,125]],

[[0,7,14,21,28,35],
[6,13,20,27,34,41],
[12,19,26,33,40,47],
[18,25,32,39,46,53],
[24,31,38,45,52,59],
[30,37,44,51,58,65],
[36,43,50,57,64,71],
[42,49,56,63,70,77],
[48,55,62,69,76,83],
[54,61,68,75,82,89],
[60,67,74,81,88,95],
[66,73,80,87,94,100],
[72,79,86,93,99,105],
[78,85,92,98,104,110],
[84,91,97,103,109,115],
[90,96,102,108,114,120],
[101,107,113,119,125],
[5,106,112,118,124],
[4,11,111,117,123],
[3,10,17,116,122],
[2,9,16,23,121],
[1,8,15,22,29]],

[[0,8,13,23,33,46],
[6,14,19,29,39,52],
[12,20,25,35,45,58],
[18,26,31,41,51,64],
[24,32,37,47,57,70],
[30,38,43,53,63,76],
[36,44,49,59,69,82],
[42,50,55,65,75,88],
[48,56,61,71,81,94],
[54,62,67,77,87,99],
[60,68,73,83,93,104],
[66,74,79,89,98,109],
[72,80,85,95,103,114],
[78,86,91,100,108,119],
[84,92,96,105,113,124],
[4,90,97,101,110,118],
[10,102,106,115,123],
[3,16,107,111,120],
[9,22,112,116,125],
[5,15,28,117,121],
[1,11,21,34,122],
[2,7,17,27,40]],

[[0,9,17,19,32,58],
[6,15,23,25,38,64],
[12,21,29,31,44,70],
[18,27,35,37,50,76],
[24,33,41,43,56,82],
[30,39,47,49,62,88],
[36,45,53,55,68,94],
[42,51,59,61,74,99],
[48,57,65,67,80,104],
[54,63,71,73,86,109],
[60,69,77,79,92,114],
[66,75,83,85,97,119],
[72,81,89,91,102,124],
[4,78,87,95,96,107],
[10,84,93,100,101,112],
[16,90,98,105,106,117],
[22,103,110,111,122],
[2,28,108,115,116],
[8,34,113,120,121],
[1,14,40,118,125],
[5,7,20,46,123],
[3,11,13,26,52]],

[[0,10,15,20,31,47],
[6,16,21,26,37,53],
[12,22,27,32,43,59],
[18,28,33,38,49,65],
[24,34,39,44,55,71],
[30,40,45,50,61,77],
[36,46,51,56,67,83],
[42,52,57,62,73,89],
[48,58,63,68,79,95],
[54,64,69,74,85,100],
[60,70,75,80,91,105],
[66,76,81,86,96,110],
[72,82,87,92,101,115],
[78,88,93,97,106,120],
[84,94,98,102,111,125],
[5,90,99,103,107,116],
[11,104,108,112,121],
[1,17,109,113,117],
[7,23,114,118,122],
[2,13,29,119,123],
[3,8,19,35,124],
[4,9,14,25,41]],

[[0,11,16,25,44,57],
[6,17,22,31,50,63],
[12,23,28,37,56,69],
[18,29,34,43,62,75],
[24,35,40,49,68,81],
[30,41,46,55,74,87],
[36,47,52,61,80,93],
[42,53,58,67,86,98],
[48,59,64,73,92,103],
[54,65,70,79,97,108],
[60,71,76,85,102,113],
[66,77,82,91,107,118],
[72,83,88,96,112,123],
[3,78,89,94,101,117],
[9,84,95,99,106,122],
[2,15,90,100,104,111],
[8,21,105,109,116],
[14,27,110,114,121],
[1,20,33,115,119],
[7,26,39,120,124],
[4,13,32,45,125],
[5,10,19,38,51]],

[[0,22,26,45,49,71],
[6,28,32,51,55,77],
[12,34,38,57,61,83],
[18,40,44,63,67,89],
[24,46,50,69,73,95],
[30,52,56,75,79,100],
[36,58,62,81,85,105],
[42,64,68,87,91,110],
[48,70,74,93,96,115],
[54,76,80,98,101,120],
[60,82,86,103,106,125],
[5,66,88,92,108,111],
[11,72,94,97,113,116],
[17,78,99,102,118,121],
[1,23,84,104,107,123],
[3,7,29,90,109,112],
[9,13,35,114,117],
[15,19,41,119,122],
[2,21,25,47,124],
[4,8,27,31,53],
[10,14,33,37,59],
[16,20,39,43,65]],

[[0,27,38,55,70,89],
[6,33,44,61,76,95],
[12,39,50,67,82,100],
[18,45,56,73,88,105],
[24,51,62,79,94,110],
[30,57,68,85,99,115],
[36,63,74,91,104,120],
[42,69,80,96,109,125],
[5,48,75,86,101,114],
[11,54,81,92,106,119],
[17,60,87,97,111,124],
[4,23,66,93,102,116],
[10,29,72,98,107,121],
[1,16,35,78,103,112],
[7,22,41,84,108,117],
[13,28,47,90,113,122],
[2,19,34,53,118],
[8,25,40,59,123],
[3,14,31,46,65],
[9,20,37,52,71],
[15,26,43,58,77],
[21,32,49,64,83]],

[[0,29,37,63,80,88],
[6,35,43,69,86,94],
[12,41,49,75,92,99],
[18,47,55,81,97,104],
[24,53,61,87,102,109],
[30,59,67,93,107,114],
[36,65,73,98,112,119],
[42,71,79,103,117,124],
[4,48,77,85,108,122],
[2,10,54,83,91,113],
[8,16,60,89,96,118],
[14,22,66,95,101,123],
[3,20,28,72,100,106],
[9,26,34,78,105,111],
[15,32,40,84,110,116],
[21,38,46,90,115,121],
[1,27,44,52,120],
[7,33,50,58,125],
[5,13,39,56,64],
[11,19,45,62,70],
[17,25,51,68,76],
[23,31,57,74,82]],

[[0,34,50,59,79,87],
[6,40,56,65,85,93],
[12,46,62,71,91,98],
[18,52,68,77,96,103],
[24,58,74,83,101,108],
[30,64,80,89,106,113],
[36,70,86,95,111,118],
[42,76,92,100,116,123],
[3,48,82,97,105,121],
[1,9,54,88,102,110],
[7,15,60,94,107,115],
[13,21,66,99,112,120],
[19,27,72,104,117,125],
[5,25,33,78,109,122],
[2,11,31,39,84,114],
[8,17,37,45,90,119],
[14,23,43,51,124],
[4,20,29,49,57],
[10,26,35,55,63],
[16,32,41,61,69],
[22,38,47,67,75],
[28,44,53,73,81]],

[[0,39,77,86,104,116],
[6,45,83,92,109,121],
[1,12,51,89,97,114],
[7,18,57,95,102,119],
[13,24,63,100,107,124],
[4,19,30,69,105,112],
[10,25,36,75,110,117],
[16,31,42,81,115,122],
[2,22,37,48,87,120],
[8,28,43,54,93,125],
[5,14,34,49,60,98],
[11,20,40,55,66,103],
[17,26,46,61,72,108],
[23,32,52,67,78,113],
[29,38,58,73,84,118],
[35,44,64,79,90,123],
[3,41,50,70,85],
[9,47,56,76,91],
[15,53,62,82,96],
[21,59,68,88,101],
[27,65,74,94,106],
[33,71,80,99,111]],

[[0,40,53,69,101,122],
[2,6,46,59,75,106],
[8,12,52,65,81,111],
[14,18,58,71,87,116],
[20,24,64,77,93,121],
[1,26,30,70,83,98],
[7,32,36,76,89,103],
[13,38,42,82,95,108],
[19,44,48,88,100,113],
[25,50,54,94,105,118],
[31,56,60,99,110,123],
[3,37,62,66,104,115],
[9,43,68,72,109,120],
[15,49,74,78,114,125],
[5,21,55,80,84,119],
[11,27,61,86,90,124],
[4,17,33,67,92],
[10,23,39,73,97],
[16,29,45,79,102],
[22,35,51,85,107],
[28,41,57,91,112],
[34,47,63,96,117]],

[[0,41,62,93,109,111],
[6,47,68,98,114,116],
[12,53,74,103,119,121],
[1,18,59,80,108,124],
[4,7,24,65,86,113],
[10,13,30,71,92,118],
[16,19,36,77,97,123],
[3,22,25,42,83,102],
[9,28,31,48,89,107],
[15,34,37,54,95,112],
[21,40,43,60,100,117],
[27,46,49,66,105,122],
[2,33,52,55,72,110],
[8,39,58,61,78,115],
[14,45,64,67,84,120],
[20,51,70,73,90,125],
[5,26,57,76,79],
[11,32,63,82,85],
[17,38,69,88,91],
[23,44,75,94,96],
[29,50,81,99,101],
[35,56,87,104,106]],

[[0,43,52,74,105,123],
[3,6,49,58,80,110],
[9,12,55,64,86,115],
[15,18,61,70,92,120],
[21,24,67,76,97,125],
[5,27,30,73,82,102],
[11,33,36,79,88,107],
[17,39,42,85,94,112],
[23,45,48,91,99,117],
[29,51,54,96,104,122],
[2,35,57,60,101,109],
[8,41,63,66,106,114],
[14,47,69,72,111,119],
[20,53,75,78,116,124],
[4,26,59,81,84,121],
[1,10,32,65,87,90],
[7,16,38,71,93],
[13,22,44,77,98],
[19,28,50,83,103],
[25,34,56,89,108],
[31,40,62,95,113],
[37,46,68,100,118]]

]
