[[[0,30,60,90],
[1,40,63,94,125],
[2,50,85,100],
[3,35,61,115],
[4,55,67,112],
[5,34,79,103],
[6,44,77,102,126],
[7,54,86,113],
[8,39,75,116],
[9,56,81,95],
[10,33,68,111],
[11,43,66,110,127],
[12,53,87,96],
[13,38,69,117,123],
[14,57,70,108],
[15,32,82,99,124],
[16,42,80,98,128],
[17,52,88,109],
[18,37,83,118],
[19,58,64,91,122],
[20,31,71,107],
[21,41,74,106,129],
[22,51,89,92,120],
[23,36,72,119],
[24,59,78,104],
[25,45,62,97],
[26,49,76,105],
[27,48,65,93],
[28,47,84,101],
[29,46,73,114,121]],

[[0,55,68,113],
[1,31,61,91],
[2,41,64,90,125],
[3,51,85,101],
[4,36,62,115],
[5,56,82,96],
[6,30,75,104],
[7,40,78,103,126],
[8,50,86,114],
[9,35,76,116],
[10,57,71,109],
[11,34,69,112],
[12,44,67,111,127],
[13,54,87,97],
[14,39,65,117,124],
[15,58,60,92,123],
[16,33,83,95,120],
[17,43,81,99,128],
[18,53,88,105],
[19,38,84,118],
[20,59,79,100],
[21,32,72,108],
[22,42,70,107,129],
[23,52,89,93,121],
[24,37,73,119],
[25,46,63,98],
[26,45,77,106],
[27,49,66,94],
[28,48,80,102],
[29,47,74,110,122]],

[[0,37,63,115],
[1,55,69,114],
[2,32,62,92],
[3,42,60,91,125],
[4,52,85,102],
[5,36,77,116],
[6,56,83,97],
[7,31,76,100],
[8,41,79,104,126],
[9,51,86,110],
[10,35,66,117,120],
[11,57,72,105],
[12,30,65,113],
[13,40,68,112,127],
[14,50,87,98],
[15,39,80,118],
[16,58,61,93,124],
[17,34,84,96,121],
[18,44,82,95,128],
[19,54,88,106],
[20,38,74,119],
[21,59,75,101],
[22,33,73,109],
[23,43,71,108,129],
[24,53,89,94,122],
[25,47,64,99],
[26,46,78,107],
[27,45,67,90],
[28,49,81,103],
[29,48,70,111,123]],

[[0,53,85,103],
[1,38,64,115],
[2,55,65,110],
[3,33,63,93],
[4,43,61,92,125],
[5,52,86,111],
[6,37,78,116],
[7,56,84,98],
[8,32,77,101],
[9,42,75,100,126],
[10,51,87,99],
[11,36,67,117,121],
[12,57,73,106],
[13,31,66,114],
[14,41,69,113,127],
[15,50,88,107],
[16,35,81,118],
[17,58,62,94,120],
[18,30,80,97,122],
[19,40,83,96,128],
[20,54,89,90,123],
[21,39,70,119],
[22,59,76,102],
[23,34,74,105],
[24,44,72,109,129],
[25,48,60,95],
[26,47,79,108],
[27,46,68,91],
[28,45,82,104],
[29,49,71,112,124]],

[[0,44,62,93,125],
[1,54,85,104],
[2,39,60,115],
[3,55,66,111],
[4,34,64,94],
[5,43,76,101,126],
[6,53,86,112],
[7,38,79,116],
[8,56,80,99],
[9,33,78,102],
[10,42,65,114,127],
[11,52,87,95],
[12,37,68,117,122],
[13,57,74,107],
[14,32,67,110],
[15,41,84,97,128],
[16,51,88,108],
[17,36,82,118],
[18,58,63,90,121],
[19,31,81,98,123],
[20,40,73,105,129],
[21,50,89,91,124],
[22,35,71,119],
[23,59,77,103],
[24,30,70,106],
[25,49,61,96],
[26,48,75,109],
[27,47,69,92],
[28,46,83,100],
[29,45,72,113,120]],

[[0,36,76,112],
[1,46,79,111,129],
[2,31,89,97],
[3,41,77,119],
[4,59,83,109],
[5,35,65,95],
[6,45,68,99,125],
[7,30,85,105],
[8,40,66,115,122],
[9,55,72,92],
[10,39,84,108,123],
[11,49,82,107,126],
[12,34,86,93],
[13,44,80,116],
[14,56,61,100,121],
[15,38,73,91],
[16,48,71,90,127],
[17,33,87,101,124],
[18,43,74,117],
[19,57,75,113],
[20,37,62,104],
[21,47,60,103,128],
[22,32,88,114],
[23,42,63,118],
[24,58,69,96],
[25,50,67,102],
[26,54,81,110],
[27,53,70,98,120],
[28,52,64,106],
[29,51,78,94]],

[[0,59,84,105],
[1,37,77,113],
[2,47,75,112,129],
[3,32,89,98],
[4,42,78,119],
[5,55,73,93],
[6,36,66,96],
[7,46,69,95,125],
[8,31,85,106],
[9,41,67,115,123],
[10,56,62,101,122],
[11,35,80,109,124],
[12,45,83,108,126],
[13,30,86,94],
[14,40,81,116],
[15,57,76,114],
[16,39,74,92],
[17,49,72,91,127],
[18,34,87,102,120],
[19,44,70,117],
[20,58,65,97],
[21,38,63,100],
[22,48,61,104,128],
[23,33,88,110],
[24,43,64,118],
[25,51,68,103],
[26,50,82,111],
[27,54,71,99,121],
[28,53,60,107],
[29,52,79,90]],

[[0,43,79,119],
[1,59,80,106],
[2,38,78,114],
[3,48,76,113,129],
[4,33,89,99],
[5,42,68,115,124],
[6,55,74,94],
[7,37,67,97],
[8,47,65,96,125],
[9,32,85,107],
[10,41,82,116],
[11,56,63,102,123],
[12,36,81,105,120],
[13,46,84,109,126],
[14,31,86,90],
[15,40,71,117],
[16,57,77,110],
[17,35,70,93],
[18,45,73,92,127],
[19,30,87,103,121],
[20,44,60,118],
[21,58,66,98],
[22,39,64,101],
[23,49,62,100,128],
[24,34,88,111],
[25,52,69,104],
[26,51,83,112],
[27,50,72,95,122],
[28,54,61,108],
[29,53,75,91]],

[[0,34,89,95],
[1,44,75,119],
[2,59,81,107],
[3,39,79,110],
[4,49,77,114,129],
[5,33,85,108],
[6,43,69,115,120],
[7,55,70,90],
[8,38,68,98],
[9,48,66,97,125],
[10,32,86,91],
[11,42,83,116],
[12,56,64,103,124],
[13,37,82,106,121],
[14,47,80,105,126],
[15,31,87,104,122],
[16,41,72,117],
[17,57,78,111],
[18,36,71,94],
[19,46,74,93,127],
[20,30,88,112],
[21,40,61,118],
[22,58,67,99],
[23,35,60,102],
[24,45,63,101,128],
[25,53,65,100],
[26,52,84,113],
[27,51,73,96,123],
[28,50,62,109],
[29,54,76,92]],

[[0,45,78,110,129],
[1,30,89,96],
[2,40,76,119],
[3,59,82,108],
[4,35,75,111],
[5,49,67,98,125],
[6,34,85,109],
[7,44,65,115,121],
[8,55,71,91],
[9,39,69,99],
[10,48,81,106,126],
[11,33,86,92],
[12,43,84,116],
[13,56,60,104,120],
[14,38,83,107,122],
[15,47,70,94,127],
[16,32,87,100,123],
[17,42,73,117],
[18,57,79,112],
[19,37,72,90],
[20,46,64,102,128],
[21,31,88,113],
[22,41,62,118],
[23,58,68,95],
[24,36,61,103],
[25,54,66,101],
[26,53,80,114],
[27,52,74,97,124],
[28,51,63,105],
[29,50,77,93]],

[[0,42,67,109],
[1,52,65,108,128],
[2,37,88,94],
[3,47,68,118,121],
[4,58,74,101],
[5,41,81,92,122],
[6,51,84,91,129],
[7,36,89,102],
[8,46,82,119],
[9,59,63,114,120],
[10,40,70,100],
[11,50,73,104,125],
[12,35,85,110,123],
[13,45,71,115],
[14,55,77,97],
[15,44,64,113],
[16,54,62,112,126],
[17,39,86,98],
[18,49,60,116],
[19,56,66,105],
[20,43,78,96],
[21,53,76,95,127],
[22,38,87,106],
[23,48,79,117],
[24,57,80,93],
[25,30,72,107,124],
[26,34,61,90],
[27,33,75,103],
[28,32,69,111],
[29,31,83,99]],

[[0,58,70,102],
[1,43,68,105],
[2,53,66,109,128],
[3,38,88,90],
[4,48,69,118,122],
[5,59,64,110,121],
[6,42,82,93,123],
[7,52,80,92,129],
[8,37,89,103],
[9,47,83,119],
[10,55,78,98],
[11,41,71,101],
[12,51,74,100,125],
[13,36,85,111,124],
[14,46,72,115],
[15,56,67,106],
[16,40,60,114],
[17,50,63,113,126],
[18,35,86,99],
[19,45,61,116],
[20,57,81,94],
[21,44,79,97],
[22,54,77,96,127],
[23,39,87,107],
[24,49,75,117],
[25,31,73,108,120],
[26,30,62,91],
[27,34,76,104],
[28,33,65,112],
[29,32,84,95]],

[[0,49,65,118,123],
[1,58,71,103],
[2,44,69,106],
[3,54,67,105,128],
[4,39,88,91],
[5,48,84,119],
[6,59,60,111,122],
[7,43,83,94,124],
[8,53,81,93,129],
[9,38,89,104],
[10,47,73,115],
[11,55,79,99],
[12,42,72,102],
[13,52,70,101,125],
[14,37,85,112,120],
[15,46,62,116],
[16,56,68,107],
[17,41,61,110],
[18,51,64,114,126],
[19,36,86,95],
[20,45,76,117],
[21,57,82,90],
[22,40,75,98],
[23,50,78,97,127],
[24,35,87,108],
[25,32,74,109,121],
[26,31,63,92],
[27,30,77,100],
[28,34,66,113],
[29,33,80,96]],

[[0,35,88,92],
[1,45,66,118,124],
[2,58,72,104],
[3,40,65,107],
[4,50,68,106,128],
[5,39,89,100],
[6,49,80,119],
[7,59,61,112,123],
[8,44,84,90,120],
[9,54,82,94,129],
[10,38,85,113,121],
[11,48,74,115],
[12,55,75,95],
[13,43,73,103],
[14,53,71,102,125],
[15,37,86,96],
[16,47,63,116],
[17,56,69,108],
[18,42,62,111],
[19,52,60,110,126],
[20,36,87,109],
[21,46,77,117],
[22,57,83,91],
[23,41,76,99],
[24,51,79,98,127],
[25,33,70,105,122],
[26,32,64,93],
[27,31,78,101],
[28,30,67,114],
[29,34,81,97]],

[[0,51,69,107,128],
[1,36,88,93],
[2,46,67,118,120],
[3,58,73,100],
[4,41,66,108],
[5,50,83,90,129],
[6,35,89,101],
[7,45,81,119],
[8,59,62,113,124],
[9,40,80,91,121],
[10,54,72,103,125],
[11,39,85,114,122],
[12,49,70,115],
[13,55,76,96],
[14,44,74,104],
[15,53,61,111,126],
[16,38,86,97],
[17,48,64,116],
[18,56,65,109],
[19,43,63,112],
[20,52,75,99,127],
[21,37,87,105],
[22,47,78,117],
[23,57,84,92],
[24,42,77,95],
[25,34,71,106,123],
[26,33,60,94],
[27,32,79,102],
[28,31,68,110],
[29,30,82,98]],

[[0,48,83,101,121],
[1,33,81,100,127],
[2,43,87,111],
[3,53,84,117],
[4,57,60,98,124],
[5,47,72,114],
[6,32,70,113,128],
[7,42,88,99,122],
[8,52,73,118],
[9,58,79,106],
[10,46,61,97],
[11,31,64,96,129],
[12,41,89,107],
[13,51,62,119],
[14,59,68,94],
[15,45,75,105],
[16,30,78,109,125],
[17,40,85,90],
[18,50,76,115],
[19,55,82,102],
[20,49,69,93],
[21,34,67,92,126],
[22,44,86,103],
[23,54,65,116,120],
[24,56,71,110],
[25,35,77,112],
[26,39,66,95],
[27,38,80,108],
[28,37,74,91,123],
[29,36,63,104]],

[[0,57,61,99,120],
[1,49,84,102,122],
[2,34,82,101,127],
[3,44,87,112],
[4,54,80,117],
[5,58,75,107],
[6,48,73,110],
[7,33,71,114,128],
[8,43,88,95,123],
[9,53,74,118],
[10,59,69,90],
[11,47,62,98],
[12,32,60,97,129],
[13,42,89,108],
[14,52,63,119],
[15,55,83,103],
[16,46,76,106],
[17,31,79,105,125],
[18,41,85,91],
[19,51,77,115],
[20,56,72,111],
[21,45,65,94],
[22,30,68,93,126],
[23,40,86,104],
[24,50,66,116,121],
[25,36,78,113],
[26,35,67,96],
[27,39,81,109],
[28,38,70,92,124],
[29,37,64,100]],

[[0,50,81,117],
[1,57,62,95,121],
[2,45,80,103,123],
[3,30,83,102,127],
[4,40,87,113],
[5,54,70,118],
[6,58,76,108],
[7,49,74,111],
[8,34,72,110,128],
[9,44,88,96,124],
[10,53,64,119],
[11,59,65,91],
[12,48,63,99],
[13,33,61,98,129],
[14,43,89,109],
[15,52,78,115],
[16,55,84,104],
[17,47,77,107],
[18,32,75,106,125],
[19,42,85,92],
[20,51,67,116,122],
[21,56,73,112],
[22,46,66,90],
[23,31,69,94,126],
[24,41,86,100],
[25,37,79,114],
[26,36,68,97],
[27,35,82,105],
[28,39,71,93,120],
[29,38,60,101]],

[[0,41,87,114],
[1,51,82,117],
[2,57,63,96,122],
[3,46,81,104,124],
[4,31,84,103,127],
[5,40,88,97,120],
[6,50,71,118],
[7,58,77,109],
[8,45,70,112],
[9,30,73,111,128],
[10,44,89,105],
[11,54,60,119],
[12,59,66,92],
[13,49,64,95],
[14,34,62,99,129],
[15,43,85,93],
[16,53,79,115],
[17,55,80,100],
[18,48,78,108],
[19,33,76,107,125],
[20,42,86,101],
[21,52,68,116,123],
[22,56,74,113],
[23,47,67,91],
[24,32,65,90,126],
[25,38,75,110],
[26,37,69,98],
[27,36,83,106],
[28,35,72,94,121],
[29,39,61,102]],

[[0,32,80,104,127],
[1,42,87,110],
[2,52,83,117],
[3,57,64,97,123],
[4,47,82,100,120],
[5,31,74,112,128],
[6,41,88,98,121],
[7,51,72,118],
[8,58,78,105],
[9,46,71,113],
[10,30,63,95,129],
[11,40,89,106],
[12,50,61,119],
[13,59,67,93],
[14,45,60,96],
[15,34,77,108,125],
[16,44,85,94],
[17,54,75,115],
[18,55,81,101],
[19,49,79,109],
[20,33,66,91,126],
[21,43,86,102],
[22,53,69,116,124],
[23,56,70,114],
[24,48,68,92],
[25,39,76,111],
[26,38,65,99],
[27,37,84,107],
[28,36,73,90,122],
[29,35,62,103]],

[[0,54,74,98],
[1,39,72,97,126],
[2,49,86,108,121],
[3,34,70,116],
[4,56,76,90],
[5,53,63,106],
[6,38,61,105,127],
[7,48,87,91],
[8,33,64,117],
[9,57,65,103],
[10,52,77,94],
[11,37,75,93,128],
[12,47,88,104],
[13,32,78,118],
[14,58,84,111],
[15,51,66,102],
[16,36,69,101,129],
[17,46,89,112],
[18,31,67,119,124],
[19,59,73,99],
[20,50,80,110,120],
[21,35,83,114,125],
[22,45,85,95],
[23,30,81,115],
[24,55,62,107,123],
[25,40,82,92],
[26,44,71,100,122],
[27,43,60,113],
[28,42,79,96],
[29,41,68,109]],

[[0,56,77,91],
[1,50,70,99],
[2,35,73,98,126],
[3,45,86,109,122],
[4,30,71,116],
[5,57,66,104],
[6,54,64,107],
[7,39,62,106,127],
[8,49,87,92],
[9,34,60,117],
[10,58,80,112],
[11,53,78,90],
[12,38,76,94,128],
[13,48,88,100],
[14,33,79,118],
[15,59,74,95],
[16,52,67,103],
[17,37,65,102,129],
[18,47,89,113],
[19,32,68,119,120],
[20,55,63,108,124],
[21,51,81,111,121],
[22,36,84,110,125],
[23,46,85,96],
[24,31,82,115],
[25,41,83,93],
[26,40,72,101,123],
[27,44,61,114],
[28,43,75,97],
[29,42,69,105]],

[[0,31,72,116],
[1,56,78,92],
[2,51,71,95],
[3,36,74,99,126],
[4,46,86,105,123],
[5,30,61,117],
[6,57,67,100],
[7,50,60,108],
[8,35,63,107,127],
[9,45,87,93],
[10,34,75,118],
[11,58,81,113],
[12,54,79,91],
[13,39,77,90,128],
[14,49,88,101],
[15,33,69,119,121],
[16,59,70,96],
[17,53,68,104],
[18,38,66,103,129],
[19,48,89,114],
[20,32,83,115],
[21,55,64,109,120],
[22,52,82,112,122],
[23,37,80,111,125],
[24,47,85,97],
[25,42,84,94],
[26,41,73,102,124],
[27,40,62,110],
[28,44,76,98],
[29,43,65,106]],

[[0,47,86,106,124],
[1,32,73,116],
[2,56,79,93],
[3,52,72,96],
[4,37,70,95,126],
[5,46,87,94],
[6,31,62,117],
[7,57,68,101],
[8,51,61,109],
[9,36,64,108,127],
[10,45,88,102],
[11,30,76,118],
[12,58,82,114],
[13,50,75,92],
[14,35,78,91,128],
[15,49,89,110],
[16,34,65,119,122],
[17,59,71,97],
[18,54,69,100],
[19,39,67,104,129],
[20,48,85,98],
[21,33,84,115],
[22,55,60,105,121],
[23,53,83,113,123],
[24,38,81,112,125],
[25,43,80,90],
[26,42,74,103,120],
[27,41,63,111],
[28,40,77,99],
[29,44,66,107]],

[[0,38,71,96,126],
[1,48,86,107,120],
[2,33,74,116],
[3,56,75,94],
[4,53,73,97],
[5,37,60,109,127],
[6,47,87,90],
[7,32,63,117],
[8,57,69,102],
[9,52,62,105],
[10,36,79,92,128],
[11,46,88,103],
[12,31,77,118],
[13,58,83,110],
[14,51,76,93],
[15,35,68,100,129],
[16,45,89,111],
[17,30,66,119,123],
[18,59,72,98],
[19,50,65,101],
[20,39,82,113,125],
[21,49,85,99],
[22,34,80,115],
[23,55,61,106,122],
[24,54,84,114,124],
[25,44,81,91],
[26,43,70,104,121],
[27,42,64,112],
[28,41,78,95],
[29,40,67,108]],

[[0,46,75,108,122],
[1,47,76,109,123],
[2,48,77,105,124],
[3,49,78,106,120],
[4,45,79,107,121],
[5,51,80,113],
[6,52,81,114],
[7,53,82,110],
[8,54,83,111],
[9,50,84,112],
[10,31,60,93],
[11,32,61,94],
[12,33,62,90],
[13,34,63,91],
[14,30,64,92],
[15,36,65,98],
[16,37,66,99],
[17,38,67,95],
[18,39,68,96],
[19,35,69,97],
[20,41,70,103],
[21,42,71,104],
[22,43,72,100],
[23,44,73,101],
[24,40,74,102],
[25,55,85,115,125],
[26,56,86,116,126],
[27,57,87,117,127],
[28,58,88,118,128],
[29,59,89,119,129]],

[[0,40,64,111],
[1,41,60,112],
[2,42,61,113],
[3,43,62,114],
[4,44,63,110],
[5,45,69,91],
[6,46,65,92],
[7,47,66,93],
[8,48,67,94],
[9,49,68,90],
[10,50,74,96],
[11,51,70,97],
[12,52,71,98],
[13,53,72,99],
[14,54,73,95],
[15,30,79,101,120],
[16,31,75,102,121],
[17,32,76,103,122],
[18,33,77,104,123],
[19,34,78,100,124],
[20,35,84,106],
[21,36,80,107],
[22,37,81,108],
[23,38,82,109],
[24,39,83,105],
[25,56,87,118,129],
[26,57,88,119,125],
[27,58,89,115,126],
[28,59,85,116,127],
[29,55,86,117,128]],

[[0,39,73,94],
[1,35,74,90],
[2,36,70,91],
[3,37,71,92],
[4,38,72,93],
[5,44,78,99,123],
[6,40,79,95,124],
[7,41,75,96,120],
[8,42,76,97,121],
[9,43,77,98,122],
[10,49,83,104],
[11,45,84,100],
[12,46,80,101],
[13,47,81,102],
[14,48,82,103],
[15,54,63,109],
[16,50,64,105],
[17,51,60,106],
[18,52,61,107],
[19,53,62,108],
[20,34,68,114],
[21,30,69,110],
[22,31,65,111],
[23,32,66,112],
[24,33,67,113],
[25,57,89,116,128],
[26,58,85,117,129],
[27,59,86,118,125],
[28,55,87,119,126],
[29,56,88,115,127]],

[[0,33,82,97],
[1,34,83,98],
[2,30,84,99],
[3,31,80,95],
[4,32,81,96],
[5,38,62,102],
[6,39,63,103],
[7,35,64,104],
[8,36,60,100],
[9,37,61,101],
[10,43,67,107],
[11,44,68,108],
[12,40,69,109],
[13,41,65,105],
[14,42,66,106],
[15,48,72,112],
[16,49,73,113],
[17,45,74,114],
[18,46,70,110],
[19,47,71,111],
[20,53,77,92,121],
[21,54,78,93,122],
[22,50,79,94,123],
[23,51,75,90,124],
[24,52,76,91,120],
[25,58,86,119,127],
[26,59,87,115,128],
[27,55,88,116,129],
[28,56,89,117,125],
[29,57,85,118,126]],

[[0,52,66,100],
[1,53,67,101],
[2,54,68,102],
[3,50,69,103],
[4,51,65,104],
[5,32,71,105],
[6,33,72,106],
[7,34,73,107],
[8,30,74,108],
[9,31,70,109],
[10,37,76,110,124],
[11,38,77,111,120],
[12,39,78,112,121],
[13,35,79,113,122],
[14,36,75,114,123],
[15,42,81,90],
[16,43,82,91],
[17,44,83,92],
[18,40,84,93],
[19,41,80,94],
[20,47,61,95],
[21,48,62,96],
[22,49,63,97],
[23,45,64,98],
[24,46,60,99],
[25,59,88,117,126],
[26,55,89,118,127],
[27,56,85,119,128],
[28,57,86,115,129],
[29,58,87,116,125]]

]