[[[0,43,86],
[1,6,36],
[3,18,22],
[9,11,23],
[26,27,33],
[13,35,38],
[19,28,39],
[14,31,41],
[44,49,79],
[46,61,65],
[52,54,66],
[69,70,76],
[56,78,81],
[62,71,82],
[57,74,84],
[87,92,122],
[89,104,108],
[95,97,109],
[112,113,119],
[99,121,124],
[105,114,125],
[100,117,127],
[37,85,93],
[25,83,107],
[32,77,106],
[10,59,103],
[30,48,94],
[4,58,110],
[12,45,115],
[42,50,123],
[40,64,111],
[34,63,118],
[16,60,96],
[5,51,116],
[15,67,90],
[2,72,98],
[7,80,128],
[21,68,126],
[20,75,120],
[17,53,102],
[8,73,91],
[24,47,101],
[29,55,88]],

[[1,44,87],
[2,7,37],
[4,19,23],
[10,12,24],
[27,28,34],
[14,36,39],
[20,29,40],
[15,32,42],
[45,50,80],
[47,62,66],
[53,55,67],
[70,71,77],
[57,79,82],
[63,72,83],
[58,75,85],
[88,93,123],
[90,105,109],
[96,98,110],
[113,114,120],
[100,122,125],
[106,115,126],
[101,118,128],
[38,43,94],
[26,84,108],
[33,78,107],
[11,60,104],
[31,49,95],
[5,59,111],
[13,46,116],
[0,51,124],
[41,65,112],
[35,64,119],
[17,61,97],
[6,52,117],
[16,68,91],
[3,73,99],
[8,81,86],
[22,69,127],
[21,76,121],
[18,54,103],
[9,74,92],
[25,48,102],
[30,56,89]],

[[3,46,89],
[4,9,39],
[6,21,25],
[12,14,26],
[29,30,36],
[16,38,41],
[22,31,42],
[1,17,34],
[47,52,82],
[49,64,68],
[55,57,69],
[72,73,79],
[59,81,84],
[65,74,85],
[44,60,77],
[90,95,125],
[92,107,111],
[98,100,112],
[115,116,122],
[102,124,127],
[108,117,128],
[87,103,120],
[40,45,96],
[28,43,110],
[35,80,109],
[13,62,106],
[33,51,97],
[7,61,113],
[15,48,118],
[2,53,126],
[0,67,114],
[37,66,121],
[19,63,99],
[8,54,119],
[18,70,93],
[5,75,101],
[10,83,88],
[24,71,86],
[23,78,123],
[20,56,105],
[11,76,94],
[27,50,104],
[32,58,91]],

[[9,52,95],
[2,10,15],
[12,27,31],
[18,20,32],
[35,36,42],
[1,4,22],
[5,28,37],
[7,23,40],
[45,53,58],
[55,70,74],
[61,63,75],
[78,79,85],
[44,47,65],
[48,71,80],
[50,66,83],
[88,96,101],
[98,113,117],
[104,106,118],
[121,122,128],
[87,90,108],
[91,114,123],
[93,109,126],
[3,51,102],
[34,49,116],
[41,43,115],
[19,68,112],
[39,57,103],
[13,67,119],
[21,54,124],
[8,59,89],
[6,73,120],
[0,72,127],
[25,69,105],
[14,60,125],
[24,76,99],
[11,81,107],
[16,46,94],
[30,77,92],
[29,84,86],
[26,62,111],
[17,82,100],
[33,56,110],
[38,64,97]],

[[27,70,113],
[20,28,33],
[2,6,30],
[7,36,38],
[10,11,17],
[19,22,40],
[3,12,23],
[15,25,41],
[63,71,76],
[45,49,73],
[50,79,81],
[53,54,60],
[62,65,83],
[46,55,66],
[58,68,84],
[106,114,119],
[88,92,116],
[93,122,124],
[96,97,103],
[105,108,126],
[89,98,109],
[101,111,127],
[21,69,120],
[9,67,91],
[16,61,90],
[37,43,87],
[14,75,121],
[31,85,94],
[39,72,99],
[26,77,107],
[24,48,95],
[18,47,102],
[0,44,123],
[32,78,100],
[42,51,117],
[29,56,125],
[34,64,112],
[5,52,110],
[4,59,104],
[1,80,86],
[35,57,118],
[8,74,128],
[13,82,115]],

[[38,81,124],
[1,31,39],
[13,17,41],
[4,6,18],
[21,22,28],
[8,30,33],
[14,23,34],
[9,26,36],
[44,74,82],
[56,60,84],
[47,49,61],
[64,65,71],
[51,73,76],
[57,66,77],
[52,69,79],
[87,117,125],
[99,103,127],
[90,92,104],
[107,108,114],
[94,116,119],
[100,109,120],
[95,112,122],
[32,80,88],
[20,78,102],
[27,72,101],
[5,54,98],
[25,43,89],
[42,53,105],
[7,83,110],
[37,45,118],
[35,59,106],
[29,58,113],
[11,55,91],
[0,46,111],
[10,62,128],
[40,67,93],
[2,75,123],
[16,63,121],
[15,70,115],
[12,48,97],
[3,68,86],
[19,85,96],
[24,50,126]],

[[28,71,114],
[21,29,34],
[3,7,31],
[8,37,39],
[11,12,18],
[20,23,41],
[4,13,24],
[16,26,42],
[64,72,77],
[46,50,74],
[51,80,82],
[54,55,61],
[63,66,84],
[47,56,67],
[59,69,85],
[107,115,120],
[89,93,117],
[94,123,125],
[97,98,104],
[106,109,127],
[90,99,110],
[102,112,128],
[22,70,121],
[10,68,92],
[17,62,91],
[38,44,88],
[15,76,122],
[32,43,95],
[40,73,100],
[27,78,108],
[25,49,96],
[19,48,103],
[1,45,124],
[33,79,101],
[0,52,118],
[30,57,126],
[35,65,113],
[6,53,111],
[5,60,105],
[2,81,87],
[36,58,119],
[9,75,86],
[14,83,116]],

[[41,84,127],
[4,34,42],
[1,16,20],
[7,9,21],
[24,25,31],
[11,33,36],
[17,26,37],
[12,29,39],
[47,77,85],
[44,59,63],
[50,52,64],
[67,68,74],
[54,76,79],
[60,69,80],
[55,72,82],
[90,120,128],
[87,102,106],
[93,95,107],
[110,111,117],
[97,119,122],
[103,112,123],
[98,115,125],
[35,83,91],
[23,81,105],
[30,75,104],
[8,57,101],
[28,46,92],
[2,56,108],
[10,43,113],
[40,48,121],
[38,62,109],
[32,61,116],
[14,58,94],
[3,49,114],
[13,65,88],
[0,70,96],
[5,78,126],
[19,66,124],
[18,73,118],
[15,51,100],
[6,71,89],
[22,45,99],
[27,53,86]],

[[37,80,123],
[0,30,38],
[12,16,40],
[3,5,17],
[20,21,27],
[7,29,32],
[13,22,33],
[8,25,35],
[43,73,81],
[55,59,83],
[46,48,60],
[63,64,70],
[50,72,75],
[56,65,76],
[51,68,78],
[86,116,124],
[98,102,126],
[89,91,103],
[106,107,113],
[93,115,118],
[99,108,119],
[94,111,121],
[31,79,87],
[19,77,101],
[26,71,100],
[4,53,97],
[24,85,88],
[41,52,104],
[6,82,109],
[36,44,117],
[34,58,105],
[28,57,112],
[10,54,90],
[42,45,110],
[9,61,127],
[39,66,92],
[1,74,122],
[15,62,120],
[14,69,114],
[11,47,96],
[2,67,128],
[18,84,95],
[23,49,125]],

[[25,68,111],
[18,26,31],
[0,4,28],
[5,34,36],
[8,9,15],
[17,20,38],
[1,10,21],
[13,23,39],
[61,69,74],
[43,47,71],
[48,77,79],
[51,52,58],
[60,63,81],
[44,53,64],
[56,66,82],
[104,112,117],
[86,90,114],
[91,120,122],
[94,95,101],
[103,106,124],
[87,96,107],
[99,109,125],
[19,67,118],
[7,65,89],
[14,59,88],
[35,84,128],
[12,73,119],
[29,83,92],
[37,70,97],
[24,75,105],
[22,46,93],
[16,45,100],
[41,85,121],
[30,76,98],
[40,49,115],
[27,54,123],
[32,62,110],
[3,50,108],
[2,57,102],
[42,78,127],
[33,55,116],
[6,72,126],
[11,80,113]],

[[32,75,118],
[25,33,38],
[7,11,35],
[0,12,41],
[15,16,22],
[2,24,27],
[8,17,28],
[3,20,30],
[68,76,81],
[50,54,78],
[43,55,84],
[58,59,65],
[45,67,70],
[51,60,71],
[46,63,73],
[111,119,124],
[93,97,121],
[86,98,127],
[101,102,108],
[88,110,113],
[94,103,114],
[89,106,116],
[26,74,125],
[14,72,96],
[21,66,95],
[42,48,92],
[19,80,126],
[36,47,99],
[1,77,104],
[31,82,112],
[29,53,100],
[23,52,107],
[5,49,128],
[37,83,105],
[4,56,122],
[34,61,87],
[39,69,117],
[10,57,115],
[9,64,109],
[6,85,91],
[40,62,123],
[13,79,90],
[18,44,120]],

[[10,53,96],
[3,11,16],
[13,28,32],
[19,21,33],
[0,36,37],
[2,5,23],
[6,29,38],
[8,24,41],
[46,54,59],
[56,71,75],
[62,64,76],
[43,79,80],
[45,48,66],
[49,72,81],
[51,67,84],
[89,97,102],
[99,114,118],
[105,107,119],
[86,122,123],
[88,91,109],
[92,115,124],
[94,110,127],
[4,52,103],
[35,50,117],
[42,44,116],
[20,69,113],
[40,58,104],
[14,68,120],
[22,55,125],
[9,60,90],
[7,74,121],
[1,73,128],
[26,70,106],
[15,61,126],
[25,77,100],
[12,82,108],
[17,47,95],
[31,78,93],
[30,85,87],
[27,63,112],
[18,83,101],
[34,57,111],
[39,65,98]],

[[30,73,116],
[23,31,36],
[5,9,33],
[10,39,41],
[13,14,20],
[0,22,25],
[6,15,26],
[1,18,28],
[66,74,79],
[48,52,76],
[53,82,84],
[56,57,63],
[43,65,68],
[49,58,69],
[44,61,71],
[109,117,122],
[91,95,119],
[96,125,127],
[99,100,106],
[86,108,111],
[92,101,112],
[87,104,114],
[24,72,123],
[12,70,94],
[19,64,93],
[40,46,90],
[17,78,124],
[34,45,97],
[42,75,102],
[29,80,110],
[27,51,98],
[21,50,105],
[3,47,126],
[35,81,103],
[2,54,120],
[32,59,128],
[37,67,115],
[8,55,113],
[7,62,107],
[4,83,89],
[38,60,121],
[11,77,88],
[16,85,118]],

[[4,47,90],
[5,10,40],
[7,22,26],
[13,15,27],
[30,31,37],
[17,39,42],
[0,23,32],
[2,18,35],
[48,53,83],
[50,65,69],
[56,58,70],
[73,74,80],
[60,82,85],
[43,66,75],
[45,61,78],
[91,96,126],
[93,108,112],
[99,101,113],
[116,117,123],
[103,125,128],
[86,109,118],
[88,104,121],
[41,46,97],
[29,44,111],
[36,81,110],
[14,63,107],
[34,52,98],
[8,62,114],
[16,49,119],
[3,54,127],
[1,68,115],
[38,67,122],
[20,64,100],
[9,55,120],
[19,71,94],
[6,76,102],
[11,84,89],
[25,72,87],
[24,79,124],
[21,57,106],
[12,77,95],
[28,51,105],
[33,59,92]],

[[12,55,98],
[5,13,18],
[15,30,34],
[21,23,35],
[2,38,39],
[4,7,25],
[8,31,40],
[0,10,26],
[48,56,61],
[58,73,77],
[64,66,78],
[45,81,82],
[47,50,68],
[51,74,83],
[43,53,69],
[91,99,104],
[101,116,120],
[107,109,121],
[88,124,125],
[90,93,111],
[94,117,126],
[86,96,112],
[6,54,105],
[37,52,119],
[1,46,118],
[22,71,115],
[42,60,106],
[16,70,122],
[24,57,127],
[11,62,92],
[9,76,123],
[3,75,87],
[28,72,108],
[17,63,128],
[27,79,102],
[14,84,110],
[19,49,97],
[33,80,95],
[32,44,89],
[29,65,114],
[20,85,103],
[36,59,113],
[41,67,100]],

[[36,79,122],
[29,37,42],
[11,15,39],
[2,4,16],
[19,20,26],
[6,28,31],
[12,21,32],
[7,24,34],
[72,80,85],
[54,58,82],
[45,47,59],
[62,63,69],
[49,71,74],
[55,64,75],
[50,67,77],
[115,123,128],
[97,101,125],
[88,90,102],
[105,106,112],
[92,114,117],
[98,107,118],
[93,110,120],
[30,78,86],
[18,76,100],
[25,70,99],
[3,52,96],
[23,84,87],
[40,51,103],
[5,81,108],
[35,43,116],
[33,57,104],
[27,56,111],
[9,53,89],
[41,44,109],
[8,60,126],
[38,65,91],
[0,73,121],
[14,61,119],
[13,68,113],
[10,46,95],
[1,66,127],
[17,83,94],
[22,48,124]],

[[22,65,108],
[15,23,28],
[1,25,40],
[2,31,33],
[5,6,12],
[14,17,35],
[7,18,41],
[10,20,36],
[58,66,71],
[44,68,83],
[45,74,76],
[48,49,55],
[57,60,78],
[50,61,84],
[53,63,79],
[101,109,114],
[87,111,126],
[88,117,119],
[91,92,98],
[100,103,121],
[93,104,127],
[96,106,122],
[16,64,115],
[4,62,86],
[11,56,128],
[32,81,125],
[9,70,116],
[26,80,89],
[34,67,94],
[21,72,102],
[19,43,90],
[13,85,97],
[38,82,118],
[27,73,95],
[37,46,112],
[24,51,120],
[29,59,107],
[0,47,105],
[42,54,99],
[39,75,124],
[30,52,113],
[3,69,123],
[8,77,110]],

[[23,66,109],
[16,24,29],
[2,26,41],
[3,32,34],
[6,7,13],
[15,18,36],
[8,19,42],
[11,21,37],
[59,67,72],
[45,69,84],
[46,75,77],
[49,50,56],
[58,61,79],
[51,62,85],
[54,64,80],
[102,110,115],
[88,112,127],
[89,118,120],
[92,93,99],
[101,104,122],
[94,105,128],
[97,107,123],
[17,65,116],
[5,63,87],
[12,57,86],
[33,82,126],
[10,71,117],
[27,81,90],
[35,68,95],
[22,73,103],
[20,44,91],
[14,43,98],
[39,83,119],
[28,74,96],
[38,47,113],
[25,52,121],
[30,60,108],
[1,48,106],
[0,55,100],
[40,76,125],
[31,53,114],
[4,70,124],
[9,78,111]],

[[26,69,112],
[19,27,32],
[1,5,29],
[6,35,37],
[9,10,16],
[18,21,39],
[2,11,22],
[14,24,40],
[62,70,75],
[44,48,72],
[49,78,80],
[52,53,59],
[61,64,82],
[45,54,65],
[57,67,83],
[105,113,118],
[87,91,115],
[92,121,123],
[95,96,102],
[104,107,125],
[88,97,108],
[100,110,126],
[20,68,119],
[8,66,90],
[15,60,89],
[36,85,86],
[13,74,120],
[30,84,93],
[38,71,98],
[25,76,106],
[23,47,94],
[17,46,101],
[42,43,122],
[31,77,99],
[41,50,116],
[28,55,124],
[33,63,111],
[4,51,109],
[3,58,103],
[0,79,128],
[34,56,117],
[7,73,127],
[12,81,114]],

[[35,78,121],
[28,36,41],
[10,14,38],
[1,3,15],
[18,19,25],
[5,27,30],
[11,20,31],
[6,23,33],
[71,79,84],
[53,57,81],
[44,46,58],
[61,62,68],
[48,70,73],
[54,63,74],
[49,66,76],
[114,122,127],
[96,100,124],
[87,89,101],
[104,105,111],
[91,113,116],
[97,106,117],
[92,109,119],
[29,77,128],
[17,75,99],
[24,69,98],
[2,51,95],
[22,83,86],
[39,50,102],
[4,80,107],
[34,85,115],
[32,56,103],
[26,55,110],
[8,52,88],
[40,43,108],
[7,59,125],
[37,64,90],
[42,72,120],
[13,60,118],
[12,67,112],
[9,45,94],
[0,65,126],
[16,82,93],
[21,47,123]],

[[19,62,105],
[12,20,25],
[22,37,41],
[28,30,42],
[2,3,9],
[11,14,32],
[4,15,38],
[7,17,33],
[55,63,68],
[65,80,84],
[71,73,85],
[45,46,52],
[54,57,75],
[47,58,81],
[50,60,76],
[98,106,111],
[108,123,127],
[114,116,128],
[88,89,95],
[97,100,118],
[90,101,124],
[93,103,119],
[13,61,112],
[1,59,126],
[8,53,125],
[29,78,122],
[6,67,113],
[23,77,86],
[31,64,91],
[18,69,99],
[16,83,87],
[10,82,94],
[35,79,115],
[24,70,92],
[34,43,109],
[21,48,117],
[26,56,104],
[40,44,102],
[39,51,96],
[36,72,121],
[27,49,110],
[0,66,120],
[5,74,107]],

[[14,57,100],
[7,15,20],
[17,32,36],
[23,25,37],
[4,40,41],
[6,9,27],
[10,33,42],
[2,12,28],
[50,58,63],
[60,75,79],
[66,68,80],
[47,83,84],
[49,52,70],
[53,76,85],
[45,55,71],
[93,101,106],
[103,118,122],
[109,111,123],
[90,126,127],
[92,95,113],
[96,119,128],
[88,98,114],
[8,56,107],
[39,54,121],
[3,48,120],
[24,73,117],
[1,62,108],
[18,72,124],
[26,59,86],
[13,64,94],
[11,78,125],
[5,77,89],
[30,74,110],
[19,65,87],
[29,81,104],
[16,43,112],
[21,51,99],
[35,82,97],
[34,46,91],
[31,67,116],
[22,44,105],
[38,61,115],
[0,69,102]],

[[42,85,128],
[0,5,35],
[2,17,21],
[8,10,22],
[25,26,32],
[12,34,37],
[18,27,38],
[13,30,40],
[43,48,78],
[45,60,64],
[51,53,65],
[68,69,75],
[55,77,80],
[61,70,81],
[56,73,83],
[86,91,121],
[88,103,107],
[94,96,108],
[111,112,118],
[98,120,123],
[104,113,124],
[99,116,126],
[36,84,92],
[24,82,106],
[31,76,105],
[9,58,102],
[29,47,93],
[3,57,109],
[11,44,114],
[41,49,122],
[39,63,110],
[33,62,117],
[15,59,95],
[4,50,115],
[14,66,89],
[1,71,97],
[6,79,127],
[20,67,125],
[19,74,119],
[16,52,101],
[7,72,90],
[23,46,100],
[28,54,87]],

[[40,83,126],
[3,33,41],
[0,15,19],
[6,8,20],
[23,24,30],
[10,32,35],
[16,25,36],
[11,28,38],
[46,76,84],
[43,58,62],
[49,51,63],
[66,67,73],
[53,75,78],
[59,68,79],
[54,71,81],
[89,119,127],
[86,101,105],
[92,94,106],
[109,110,116],
[96,118,121],
[102,111,122],
[97,114,124],
[34,82,90],
[22,80,104],
[29,74,103],
[7,56,100],
[27,45,91],
[1,55,107],
[9,85,112],
[39,47,120],
[37,61,108],
[31,60,115],
[13,57,93],
[2,48,113],
[12,64,87],
[42,69,95],
[4,77,125],
[18,65,123],
[17,72,117],
[14,50,99],
[5,70,88],
[21,44,98],
[26,52,128]],

[[34,77,120],
[27,35,40],
[9,13,37],
[0,2,14],
[17,18,24],
[4,26,29],
[10,19,30],
[5,22,32],
[70,78,83],
[52,56,80],
[43,45,57],
[60,61,67],
[47,69,72],
[53,62,73],
[48,65,75],
[113,121,126],
[95,99,123],
[86,88,100],
[103,104,110],
[90,112,115],
[96,105,116],
[91,108,118],
[28,76,127],
[16,74,98],
[23,68,97],
[1,50,94],
[21,82,128],
[38,49,101],
[3,79,106],
[33,84,114],
[31,55,102],
[25,54,109],
[7,51,87],
[39,85,107],
[6,58,124],
[36,63,89],
[41,71,119],
[12,59,117],
[11,66,111],
[8,44,93],
[42,64,125],
[15,81,92],
[20,46,122]],

[[16,59,102],
[9,17,22],
[19,34,38],
[25,27,39],
[0,6,42],
[8,11,29],
[1,12,35],
[4,14,30],
[52,60,65],
[62,77,81],
[68,70,82],
[43,49,85],
[51,54,72],
[44,55,78],
[47,57,73],
[95,103,108],
[105,120,124],
[111,113,125],
[86,92,128],
[94,97,115],
[87,98,121],
[90,100,116],
[10,58,109],
[41,56,123],
[5,50,122],
[26,75,119],
[3,64,110],
[20,74,126],
[28,61,88],
[15,66,96],
[13,80,127],
[7,79,91],
[32,76,112],
[21,67,89],
[31,83,106],
[18,45,114],
[23,53,101],
[37,84,99],
[36,48,93],
[33,69,118],
[24,46,107],
[40,63,117],
[2,71,104]],

[[5,48,91],
[6,11,41],
[8,23,27],
[14,16,28],
[31,32,38],
[0,18,40],
[1,24,33],
[3,19,36],
[49,54,84],
[51,66,70],
[57,59,71],
[74,75,81],
[43,61,83],
[44,67,76],
[46,62,79],
[92,97,127],
[94,109,113],
[100,102,114],
[117,118,124],
[86,104,126],
[87,110,119],
[89,105,122],
[42,47,98],
[30,45,112],
[37,82,111],
[15,64,108],
[35,53,99],
[9,63,115],
[17,50,120],
[4,55,128],
[2,69,116],
[39,68,123],
[21,65,101],
[10,56,121],
[20,72,95],
[7,77,103],
[12,85,90],
[26,73,88],
[25,80,125],
[22,58,107],
[13,78,96],
[29,52,106],
[34,60,93]],

[[15,58,101],
[8,16,21],
[18,33,37],
[24,26,38],
[5,41,42],
[7,10,28],
[0,11,34],
[3,13,29],
[51,59,64],
[61,76,80],
[67,69,81],
[48,84,85],
[50,53,71],
[43,54,77],
[46,56,72],
[94,102,107],
[104,119,123],
[110,112,124],
[91,127,128],
[93,96,114],
[86,97,120],
[89,99,115],
[9,57,108],
[40,55,122],
[4,49,121],
[25,74,118],
[2,63,109],
[19,73,125],
[27,60,87],
[14,65,95],
[12,79,126],
[6,78,90],
[31,75,111],
[20,66,88],
[30,82,105],
[17,44,113],
[22,52,100],
[36,83,98],
[35,47,92],
[32,68,117],
[23,45,106],
[39,62,116],
[1,70,103]],

[[2,45,88],
[3,8,38],
[5,20,24],
[11,13,25],
[28,29,35],
[15,37,40],
[21,30,41],
[0,16,33],
[46,51,81],
[48,63,67],
[54,56,68],
[71,72,78],
[58,80,83],
[64,73,84],
[43,59,76],
[89,94,124],
[91,106,110],
[97,99,111],
[114,115,121],
[101,123,126],
[107,116,127],
[86,102,119],
[39,44,95],
[27,85,109],
[34,79,108],
[12,61,105],
[32,50,96],
[6,60,112],
[14,47,117],
[1,52,125],
[42,66,113],
[36,65,120],
[18,62,98],
[7,53,118],
[17,69,92],
[4,74,100],
[9,82,87],
[23,70,128],
[22,77,122],
[19,55,104],
[10,75,93],
[26,49,103],
[31,57,90]],

[[6,49,92],
[7,12,42],
[9,24,28],
[15,17,29],
[32,33,39],
[1,19,41],
[2,25,34],
[4,20,37],
[50,55,85],
[52,67,71],
[58,60,72],
[75,76,82],
[44,62,84],
[45,68,77],
[47,63,80],
[93,98,128],
[95,110,114],
[101,103,115],
[118,119,125],
[87,105,127],
[88,111,120],
[90,106,123],
[0,48,99],
[31,46,113],
[38,83,112],
[16,65,109],
[36,54,100],
[10,64,116],
[18,51,121],
[5,56,86],
[3,70,117],
[40,69,124],
[22,66,102],
[11,57,122],
[21,73,96],
[8,78,104],
[13,43,91],
[27,74,89],
[26,81,126],
[23,59,108],
[14,79,97],
[30,53,107],
[35,61,94]],

[[18,61,104],
[11,19,24],
[21,36,40],
[27,29,41],
[1,2,8],
[10,13,31],
[3,14,37],
[6,16,32],
[54,62,67],
[64,79,83],
[70,72,84],
[44,45,51],
[53,56,74],
[46,57,80],
[49,59,75],
[97,105,110],
[107,122,126],
[113,115,127],
[87,88,94],
[96,99,117],
[89,100,123],
[92,102,118],
[12,60,111],
[0,58,125],
[7,52,124],
[28,77,121],
[5,66,112],
[22,76,128],
[30,63,90],
[17,68,98],
[15,82,86],
[9,81,93],
[34,78,114],
[23,69,91],
[33,85,108],
[20,47,116],
[25,55,103],
[39,43,101],
[38,50,95],
[35,71,120],
[26,48,109],
[42,65,119],
[4,73,106]],

[[11,54,97],
[4,12,17],
[14,29,33],
[20,22,34],
[1,37,38],
[3,6,24],
[7,30,39],
[9,25,42],
[47,55,60],
[57,72,76],
[63,65,77],
[44,80,81],
[46,49,67],
[50,73,82],
[52,68,85],
[90,98,103],
[100,115,119],
[106,108,120],
[87,123,124],
[89,92,110],
[93,116,125],
[95,111,128],
[5,53,104],
[36,51,118],
[0,45,117],
[21,70,114],
[41,59,105],
[15,69,121],
[23,56,126],
[10,61,91],
[8,75,122],
[2,74,86],
[27,71,107],
[16,62,127],
[26,78,101],
[13,83,109],
[18,48,96],
[32,79,94],
[31,43,88],
[28,64,113],
[19,84,102],
[35,58,112],
[40,66,99]],

[[33,76,119],
[26,34,39],
[8,12,36],
[1,13,42],
[16,17,23],
[3,25,28],
[9,18,29],
[4,21,31],
[69,77,82],
[51,55,79],
[44,56,85],
[59,60,66],
[46,68,71],
[52,61,72],
[47,64,74],
[112,120,125],
[94,98,122],
[87,99,128],
[102,103,109],
[89,111,114],
[95,104,115],
[90,107,117],
[27,75,126],
[15,73,97],
[22,67,96],
[0,49,93],
[20,81,127],
[37,48,100],
[2,78,105],
[32,83,113],
[30,54,101],
[24,53,108],
[6,50,86],
[38,84,106],
[5,57,123],
[35,62,88],
[40,70,118],
[11,58,116],
[10,65,110],
[7,43,92],
[41,63,124],
[14,80,91],
[19,45,121]],

[[13,56,99],
[6,14,19],
[16,31,35],
[22,24,36],
[3,39,40],
[5,8,26],
[9,32,41],
[1,11,27],
[49,57,62],
[59,74,78],
[65,67,79],
[46,82,83],
[48,51,69],
[52,75,84],
[44,54,70],
[92,100,105],
[102,117,121],
[108,110,122],
[89,125,126],
[91,94,112],
[95,118,127],
[87,97,113],
[7,55,106],
[38,53,120],
[2,47,119],
[23,72,116],
[0,61,107],
[17,71,123],
[25,58,128],
[12,63,93],
[10,77,124],
[4,76,88],
[29,73,109],
[18,64,86],
[28,80,103],
[15,85,111],
[20,50,98],
[34,81,96],
[33,45,90],
[30,66,115],
[21,43,104],
[37,60,114],
[42,68,101]],

[[39,82,125],
[2,32,40],
[14,18,42],
[5,7,19],
[22,23,29],
[9,31,34],
[15,24,35],
[10,27,37],
[45,75,83],
[57,61,85],
[48,50,62],
[65,66,72],
[52,74,77],
[58,67,78],
[53,70,80],
[88,118,126],
[100,104,128],
[91,93,105],
[108,109,115],
[95,117,120],
[101,110,121],
[96,113,123],
[33,81,89],
[21,79,103],
[28,73,102],
[6,55,99],
[26,44,90],
[0,54,106],
[8,84,111],
[38,46,119],
[36,60,107],
[30,59,114],
[12,56,92],
[1,47,112],
[11,63,86],
[41,68,94],
[3,76,124],
[17,64,122],
[16,71,116],
[13,49,98],
[4,69,87],
[20,43,97],
[25,51,127]],

[[31,74,117],
[24,32,37],
[6,10,34],
[11,40,42],
[14,15,21],
[1,23,26],
[7,16,27],
[2,19,29],
[67,75,80],
[49,53,77],
[54,83,85],
[57,58,64],
[44,66,69],
[50,59,70],
[45,62,72],
[110,118,123],
[92,96,120],
[97,126,128],
[100,101,107],
[87,109,112],
[93,102,113],
[88,105,115],
[25,73,124],
[13,71,95],
[20,65,94],
[41,47,91],
[18,79,125],
[35,46,98],
[0,76,103],
[30,81,111],
[28,52,99],
[22,51,106],
[4,48,127],
[36,82,104],
[3,55,121],
[33,60,86],
[38,68,116],
[9,56,114],
[8,63,108],
[5,84,90],
[39,61,122],
[12,78,89],
[17,43,119]],

[[7,50,93],
[0,8,13],
[10,25,29],
[16,18,30],
[33,34,40],
[2,20,42],
[3,26,35],
[5,21,38],
[43,51,56],
[53,68,72],
[59,61,73],
[76,77,83],
[45,63,85],
[46,69,78],
[48,64,81],
[86,94,99],
[96,111,115],
[102,104,116],
[119,120,126],
[88,106,128],
[89,112,121],
[91,107,124],
[1,49,100],
[32,47,114],
[39,84,113],
[17,66,110],
[37,55,101],
[11,65,117],
[19,52,122],
[6,57,87],
[4,71,118],
[41,70,125],
[23,67,103],
[12,58,123],
[22,74,97],
[9,79,105],
[14,44,92],
[28,75,90],
[27,82,127],
[24,60,109],
[15,80,98],
[31,54,108],
[36,62,95]],

[[21,64,107],
[14,22,27],
[0,24,39],
[1,30,32],
[4,5,11],
[13,16,34],
[6,17,40],
[9,19,35],
[57,65,70],
[43,67,82],
[44,73,75],
[47,48,54],
[56,59,77],
[49,60,83],
[52,62,78],
[100,108,113],
[86,110,125],
[87,116,118],
[90,91,97],
[99,102,120],
[92,103,126],
[95,105,121],
[15,63,114],
[3,61,128],
[10,55,127],
[31,80,124],
[8,69,115],
[25,79,88],
[33,66,93],
[20,71,101],
[18,85,89],
[12,84,96],
[37,81,117],
[26,72,94],
[36,45,111],
[23,50,119],
[28,58,106],
[42,46,104],
[41,53,98],
[38,74,123],
[29,51,112],
[2,68,122],
[7,76,109]],

[[20,63,106],
[13,21,26],
[23,38,42],
[0,29,31],
[3,4,10],
[12,15,33],
[5,16,39],
[8,18,34],
[56,64,69],
[66,81,85],
[43,72,74],
[46,47,53],
[55,58,76],
[48,59,82],
[51,61,77],
[99,107,112],
[109,124,128],
[86,115,117],
[89,90,96],
[98,101,119],
[91,102,125],
[94,104,120],
[14,62,113],
[2,60,127],
[9,54,126],
[30,79,123],
[7,68,114],
[24,78,87],
[32,65,92],
[19,70,100],
[17,84,88],
[11,83,95],
[36,80,116],
[25,71,93],
[35,44,110],
[22,49,118],
[27,57,105],
[41,45,103],
[40,52,97],
[37,73,122],
[28,50,111],
[1,67,121],
[6,75,108]],

[[17,60,103],
[10,18,23],
[20,35,39],
[26,28,40],
[0,1,7],
[9,12,30],
[2,13,36],
[5,15,31],
[53,61,66],
[63,78,82],
[69,71,83],
[43,44,50],
[52,55,73],
[45,56,79],
[48,58,74],
[96,104,109],
[106,121,125],
[112,114,126],
[86,87,93],
[95,98,116],
[88,99,122],
[91,101,117],
[11,59,110],
[42,57,124],
[6,51,123],
[27,76,120],
[4,65,111],
[21,75,127],
[29,62,89],
[16,67,97],
[14,81,128],
[8,80,92],
[33,77,113],
[22,68,90],
[32,84,107],
[19,46,115],
[24,54,102],
[38,85,100],
[37,49,94],
[34,70,119],
[25,47,108],
[41,64,118],
[3,72,105]],

[[8,51,94],
[1,9,14],
[11,26,30],
[17,19,31],
[34,35,41],
[0,3,21],
[4,27,36],
[6,22,39],
[44,52,57],
[54,69,73],
[60,62,74],
[77,78,84],
[43,46,64],
[47,70,79],
[49,65,82],
[87,95,100],
[97,112,116],
[103,105,117],
[120,121,127],
[86,89,107],
[90,113,122],
[92,108,125],
[2,50,101],
[33,48,115],
[40,85,114],
[18,67,111],
[38,56,102],
[12,66,118],
[20,53,123],
[7,58,88],
[5,72,119],
[42,71,126],
[24,68,104],
[13,59,124],
[23,75,98],
[10,80,106],
[15,45,93],
[29,76,91],
[28,83,128],
[25,61,110],
[16,81,99],
[32,55,109],
[37,63,96]],

[[24,67,110],
[17,25,30],
[3,27,42],
[4,33,35],
[7,8,14],
[16,19,37],
[0,9,20],
[12,22,38],
[60,68,73],
[46,70,85],
[47,76,78],
[50,51,57],
[59,62,80],
[43,52,63],
[55,65,81],
[103,111,116],
[89,113,128],
[90,119,121],
[93,94,100],
[102,105,123],
[86,95,106],
[98,108,124],
[18,66,117],
[6,64,88],
[13,58,87],
[34,83,127],
[11,72,118],
[28,82,91],
[36,69,96],
[23,74,104],
[21,45,92],
[15,44,99],
[40,84,120],
[29,75,97],
[39,48,114],
[26,53,122],
[31,61,109],
[2,49,107],
[1,56,101],
[41,77,126],
[32,54,115],
[5,71,125],
[10,79,112]],

[[29,72,115],
[22,30,35],
[4,8,32],
[9,38,40],
[12,13,19],
[21,24,42],
[5,14,25],
[0,17,27],
[65,73,78],
[47,51,75],
[52,81,83],
[55,56,62],
[64,67,85],
[48,57,68],
[43,60,70],
[108,116,121],
[90,94,118],
[95,124,126],
[98,99,105],
[107,110,128],
[91,100,111],
[86,103,113],
[23,71,122],
[11,69,93],
[18,63,92],
[39,45,89],
[16,77,123],
[33,44,96],
[41,74,101],
[28,79,109],
[26,50,97],
[20,49,104],
[2,46,125],
[34,80,102],
[1,53,119],
[31,58,127],
[36,66,114],
[7,54,112],
[6,61,106],
[3,82,88],
[37,59,120],
[10,76,87],
[15,84,117]],

[[1,79,92],
[2,80,93],
[4,82,95],
[10,45,101],
[28,63,119],
[39,74,87],
[29,64,120],
[42,77,90],
[38,73,86],
[26,61,117],
[33,68,124],
[11,46,102],
[31,66,122],
[5,83,96],
[13,48,104],
[37,72,128],
[23,58,114],
[24,59,115],
[27,62,118],
[36,71,127],
[20,55,111],
[15,50,106],
[0,78,91],
[41,76,89],
[35,70,126],
[17,52,108],
[6,84,97],
[16,51,107],
[3,81,94],
[7,85,98],
[19,54,110],
[12,47,103],
[34,69,125],
[14,49,105],
[40,75,88],
[32,67,123],
[8,43,99],
[22,57,113],
[21,56,112],
[18,53,109],
[9,44,100],
[25,60,116],
[30,65,121]],

[[3,65,104],
[4,66,105],
[6,68,107],
[12,74,113],
[30,49,88],
[41,60,99],
[31,50,89],
[1,63,102],
[40,59,98],
[28,47,86],
[35,54,93],
[13,75,114],
[33,52,91],
[7,69,108],
[15,77,116],
[39,58,97],
[25,44,126],
[26,45,127],
[29,48,87],
[38,57,96],
[22,84,123],
[17,79,118],
[2,64,103],
[0,62,101],
[37,56,95],
[19,81,120],
[8,70,109],
[18,80,119],
[5,67,106],
[9,71,110],
[21,83,122],
[14,76,115],
[36,55,94],
[16,78,117],
[42,61,100],
[34,53,92],
[10,72,111],
[24,43,125],
[23,85,124],
[20,82,121],
[11,73,112],
[27,46,128],
[32,51,90]],

[[9,66,97],
[10,67,98],
[12,69,100],
[18,75,106],
[36,50,124],
[4,61,92],
[37,51,125],
[7,64,95],
[3,60,91],
[34,48,122],
[41,55,86],
[19,76,107],
[39,53,127],
[13,70,101],
[21,78,109],
[2,59,90],
[31,45,119],
[32,46,120],
[35,49,123],
[1,58,89],
[28,85,116],
[23,80,111],
[8,65,96],
[6,63,94],
[0,57,88],
[25,82,113],
[14,71,102],
[24,81,112],
[11,68,99],
[15,72,103],
[27,84,115],
[20,77,108],
[42,56,87],
[22,79,110],
[5,62,93],
[40,54,128],
[16,73,104],
[30,44,118],
[29,43,117],
[26,83,114],
[17,74,105],
[33,47,121],
[38,52,126]],

[[27,69,119],
[28,70,120],
[30,72,122],
[36,78,128],
[11,53,103],
[22,64,114],
[12,54,104],
[25,67,117],
[21,63,113],
[9,51,101],
[16,58,108],
[37,79,86],
[14,56,106],
[31,73,123],
[39,81,88],
[20,62,112],
[6,48,98],
[7,49,99],
[10,52,102],
[19,61,111],
[3,45,95],
[41,83,90],
[26,68,118],
[24,66,116],
[18,60,110],
[0,85,92],
[32,74,124],
[42,84,91],
[29,71,121],
[33,75,125],
[2,44,94],
[38,80,87],
[17,59,109],
[40,82,89],
[23,65,115],
[15,57,107],
[34,76,126],
[5,47,97],
[4,46,96],
[1,43,93],
[35,77,127],
[8,50,100],
[13,55,105]],

[[38,78,99],
[39,79,100],
[41,81,102],
[4,44,108],
[22,62,126],
[33,73,94],
[23,63,127],
[36,76,97],
[32,72,93],
[20,60,124],
[27,67,88],
[5,45,109],
[25,65,86],
[42,82,103],
[7,47,111],
[31,71,92],
[17,57,121],
[18,58,122],
[21,61,125],
[30,70,91],
[14,54,118],
[9,49,113],
[37,77,98],
[35,75,96],
[29,69,90],
[11,51,115],
[0,83,104],
[10,50,114],
[40,80,101],
[1,84,105],
[13,53,117],
[6,46,110],
[28,68,89],
[8,48,112],
[34,74,95],
[26,66,87],
[2,85,106],
[16,56,120],
[15,55,119],
[12,52,116],
[3,43,107],
[19,59,123],
[24,64,128]],

[[28,62,125],
[29,63,126],
[31,65,128],
[37,71,91],
[12,46,109],
[23,57,120],
[13,47,110],
[26,60,123],
[22,56,119],
[10,44,107],
[17,51,114],
[38,72,92],
[15,49,112],
[32,66,86],
[40,74,94],
[21,55,118],
[7,84,104],
[8,85,105],
[11,45,108],
[20,54,117],
[4,81,101],
[42,76,96],
[27,61,124],
[25,59,122],
[19,53,116],
[1,78,98],
[33,67,87],
[0,77,97],
[30,64,127],
[34,68,88],
[3,80,100],
[39,73,93],
[18,52,115],
[41,75,95],
[24,58,121],
[16,50,113],
[35,69,89],
[6,83,103],
[5,82,102],
[2,79,99],
[36,70,90],
[9,43,106],
[14,48,111]],

[[41,57,117],
[42,58,118],
[1,60,120],
[7,66,126],
[25,84,101],
[36,52,112],
[26,85,102],
[39,55,115],
[35,51,111],
[23,82,99],
[30,46,106],
[8,67,127],
[28,44,104],
[2,61,121],
[10,69,86],
[34,50,110],
[20,79,96],
[21,80,97],
[24,83,100],
[33,49,109],
[17,76,93],
[12,71,88],
[40,56,116],
[38,54,114],
[32,48,108],
[14,73,90],
[3,62,122],
[13,72,89],
[0,59,119],
[4,63,123],
[16,75,92],
[9,68,128],
[31,47,107],
[11,70,87],
[37,53,113],
[29,45,105],
[5,64,124],
[19,78,95],
[18,77,94],
[15,74,91],
[6,65,125],
[22,81,98],
[27,43,103]],

[[36,49,87],
[37,50,88],
[39,52,90],
[2,58,96],
[20,76,114],
[31,44,125],
[21,77,115],
[34,47,128],
[30,43,124],
[18,74,112],
[25,81,119],
[3,59,97],
[23,79,117],
[40,53,91],
[5,61,99],
[29,85,123],
[15,71,109],
[16,72,110],
[19,75,113],
[28,84,122],
[12,68,106],
[7,63,101],
[35,48,86],
[33,46,127],
[27,83,121],
[9,65,103],
[41,54,92],
[8,64,102],
[38,51,89],
[42,55,93],
[11,67,105],
[4,60,98],
[26,82,120],
[6,62,100],
[32,45,126],
[24,80,118],
[0,56,94],
[14,70,108],
[13,69,107],
[10,66,104],
[1,57,95],
[17,73,111],
[22,78,116]],

[[22,61,89],
[23,62,90],
[25,64,92],
[31,70,98],
[6,45,116],
[17,56,127],
[7,46,117],
[20,59,87],
[16,55,126],
[4,43,114],
[11,50,121],
[32,71,99],
[9,48,119],
[26,65,93],
[34,73,101],
[15,54,125],
[1,83,111],
[2,84,112],
[5,44,115],
[14,53,124],
[41,80,108],
[36,75,103],
[21,60,88],
[19,58,86],
[13,52,123],
[38,77,105],
[27,66,94],
[37,76,104],
[24,63,91],
[28,67,95],
[40,79,107],
[33,72,100],
[12,51,122],
[35,74,102],
[18,57,128],
[10,49,120],
[29,68,96],
[0,82,110],
[42,81,109],
[39,78,106],
[30,69,97],
[3,85,113],
[8,47,118]],

[[23,54,95],
[24,55,96],
[26,57,98],
[32,63,104],
[7,81,122],
[18,49,90],
[8,82,123],
[21,52,93],
[17,48,89],
[5,79,120],
[12,43,127],
[33,64,105],
[10,84,125],
[27,58,99],
[35,66,107],
[16,47,88],
[2,76,117],
[3,77,118],
[6,80,121],
[15,46,87],
[42,73,114],
[37,68,109],
[22,53,94],
[20,51,92],
[14,45,86],
[39,70,111],
[28,59,100],
[38,69,110],
[25,56,97],
[29,60,101],
[41,72,113],
[34,65,106],
[13,44,128],
[36,67,108],
[19,50,91],
[11,85,126],
[30,61,102],
[1,75,116],
[0,74,115],
[40,71,112],
[31,62,103],
[4,78,119],
[9,83,124]],

[[26,76,113],
[27,77,114],
[29,79,116],
[35,85,122],
[10,60,97],
[21,71,108],
[11,61,98],
[24,74,111],
[20,70,107],
[8,58,95],
[15,65,102],
[36,43,123],
[13,63,100],
[30,80,117],
[38,45,125],
[19,69,106],
[5,55,92],
[6,56,93],
[9,59,96],
[18,68,105],
[2,52,89],
[40,47,127],
[25,75,112],
[23,73,110],
[17,67,104],
[42,49,86],
[31,81,118],
[41,48,128],
[28,78,115],
[32,82,119],
[1,51,88],
[37,44,124],
[16,66,103],
[39,46,126],
[22,72,109],
[14,64,101],
[33,83,120],
[4,54,91],
[3,53,90],
[0,50,87],
[34,84,121],
[7,57,94],
[12,62,99]],

[[35,56,124],
[36,57,125],
[38,59,127],
[1,65,90],
[19,83,108],
[30,51,119],
[20,84,109],
[33,54,122],
[29,50,118],
[17,81,106],
[24,45,113],
[2,66,91],
[22,43,111],
[39,60,128],
[4,68,93],
[28,49,117],
[14,78,103],
[15,79,104],
[18,82,107],
[27,48,116],
[11,75,100],
[6,70,95],
[34,55,123],
[32,53,121],
[26,47,115],
[8,72,97],
[40,61,86],
[7,71,96],
[37,58,126],
[41,62,87],
[10,74,99],
[3,67,92],
[25,46,114],
[5,69,94],
[31,52,120],
[23,44,112],
[42,63,88],
[13,77,102],
[12,76,101],
[9,73,98],
[0,64,89],
[16,80,105],
[21,85,110]],

[[19,82,114],
[20,83,115],
[22,85,117],
[28,48,123],
[3,66,98],
[14,77,109],
[4,67,99],
[17,80,112],
[13,76,108],
[1,64,96],
[8,71,103],
[29,49,124],
[6,69,101],
[23,43,118],
[31,51,126],
[12,75,107],
[41,61,93],
[42,62,94],
[2,65,97],
[11,74,106],
[38,58,90],
[33,53,128],
[18,81,113],
[16,79,111],
[10,73,105],
[35,55,87],
[24,44,119],
[34,54,86],
[21,84,116],
[25,45,120],
[37,57,89],
[30,50,125],
[9,72,104],
[32,52,127],
[15,78,110],
[7,70,102],
[26,46,121],
[40,60,92],
[39,59,91],
[36,56,88],
[27,47,122],
[0,63,95],
[5,68,100]],

[[14,74,127],
[15,75,128],
[17,77,87],
[23,83,93],
[41,58,111],
[9,69,122],
[42,59,112],
[12,72,125],
[8,68,121],
[39,56,109],
[3,63,116],
[24,84,94],
[1,61,114],
[18,78,88],
[26,43,96],
[7,67,120],
[36,53,106],
[37,54,107],
[40,57,110],
[6,66,119],
[33,50,103],
[28,45,98],
[13,73,126],
[11,71,124],
[5,65,118],
[30,47,100],
[19,79,89],
[29,46,99],
[16,76,86],
[20,80,90],
[32,49,102],
[25,85,95],
[4,64,117],
[27,44,97],
[10,70,123],
[2,62,115],
[21,81,91],
[35,52,105],
[34,51,104],
[31,48,101],
[22,82,92],
[38,55,108],
[0,60,113]],

[[6,44,122],
[7,45,123],
[9,47,125],
[15,53,88],
[33,71,106],
[1,82,117],
[34,72,107],
[4,85,120],
[0,81,116],
[31,69,104],
[38,76,111],
[16,54,89],
[36,74,109],
[10,48,126],
[18,56,91],
[42,80,115],
[28,66,101],
[29,67,102],
[32,70,105],
[41,79,114],
[25,63,98],
[20,58,93],
[5,43,121],
[3,84,119],
[40,78,113],
[22,60,95],
[11,49,127],
[21,59,94],
[8,46,124],
[12,50,128],
[24,62,97],
[17,55,90],
[39,77,112],
[19,57,92],
[2,83,118],
[37,75,110],
[13,51,86],
[27,65,100],
[26,64,99],
[23,61,96],
[14,52,87],
[30,68,103],
[35,73,108]],

[[18,46,108],
[19,47,109],
[21,49,111],
[27,55,117],
[2,73,92],
[13,84,103],
[3,74,93],
[16,44,106],
[12,83,102],
[0,71,90],
[7,78,97],
[28,56,118],
[5,76,95],
[22,50,112],
[30,58,120],
[11,82,101],
[40,68,87],
[41,69,88],
[1,72,91],
[10,81,100],
[37,65,127],
[32,60,122],
[17,45,107],
[15,43,105],
[9,80,99],
[34,62,124],
[23,51,113],
[33,61,123],
[20,48,110],
[24,52,114],
[36,64,126],
[29,57,119],
[8,79,98],
[31,59,121],
[14,85,104],
[6,77,96],
[25,53,115],
[39,67,86],
[38,66,128],
[35,63,125],
[26,54,116],
[42,70,89],
[4,75,94]],

[[11,52,109],
[12,53,110],
[14,55,112],
[20,61,118],
[38,79,93],
[6,47,104],
[39,80,94],
[9,50,107],
[5,46,103],
[36,77,91],
[0,84,98],
[21,62,119],
[41,82,96],
[15,56,113],
[23,64,121],
[4,45,102],
[33,74,88],
[34,75,89],
[37,78,92],
[3,44,101],
[30,71,128],
[25,66,123],
[10,51,108],
[8,49,106],
[2,43,100],
[27,68,125],
[16,57,114],
[26,67,124],
[13,54,111],
[17,58,115],
[29,70,127],
[22,63,120],
[1,85,99],
[24,65,122],
[7,48,105],
[42,83,97],
[18,59,116],
[32,73,87],
[31,72,86],
[28,69,126],
[19,60,117],
[35,76,90],
[40,81,95]],

[[33,70,112],
[34,71,113],
[36,73,115],
[42,79,121],
[17,54,96],
[28,65,107],
[18,55,97],
[31,68,110],
[27,64,106],
[15,52,94],
[22,59,101],
[0,80,122],
[20,57,99],
[37,74,116],
[2,82,124],
[26,63,105],
[12,49,91],
[13,50,92],
[16,53,95],
[25,62,104],
[9,46,88],
[4,84,126],
[32,69,111],
[30,67,109],
[24,61,103],
[6,43,128],
[38,75,117],
[5,85,127],
[35,72,114],
[39,76,118],
[8,45,87],
[1,81,123],
[23,60,102],
[3,83,125],
[29,66,108],
[21,58,100],
[40,77,119],
[11,48,90],
[10,47,89],
[7,44,86],
[41,78,120],
[14,51,93],
[19,56,98]],

[[13,81,121],
[14,82,122],
[16,84,124],
[22,47,87],
[40,65,105],
[8,76,116],
[41,66,106],
[11,79,119],
[7,75,115],
[38,63,103],
[2,70,110],
[23,48,88],
[0,68,108],
[17,85,125],
[25,50,90],
[6,74,114],
[35,60,100],
[36,61,101],
[39,64,104],
[5,73,113],
[32,57,97],
[27,52,92],
[12,80,120],
[10,78,118],
[4,72,112],
[29,54,94],
[18,43,126],
[28,53,93],
[15,83,123],
[19,44,127],
[31,56,96],
[24,49,89],
[3,71,111],
[26,51,91],
[9,77,117],
[1,69,109],
[20,45,128],
[34,59,99],
[33,58,98],
[30,55,95],
[21,46,86],
[37,62,102],
[42,67,107]],

[[39,71,105],
[40,72,106],
[42,74,108],
[5,80,114],
[23,55,89],
[34,66,100],
[24,56,90],
[37,69,103],
[33,65,99],
[21,53,87],
[28,60,94],
[6,81,115],
[26,58,92],
[0,75,109],
[8,83,117],
[32,64,98],
[18,50,127],
[19,51,128],
[22,54,88],
[31,63,97],
[15,47,124],
[10,85,119],
[38,70,104],
[36,68,102],
[30,62,96],
[12,44,121],
[1,76,110],
[11,43,120],
[41,73,107],
[2,77,111],
[14,46,123],
[7,82,116],
[29,61,95],
[9,84,118],
[35,67,101],
[27,59,93],
[3,78,112],
[17,49,126],
[16,48,125],
[13,45,122],
[4,79,113],
[20,52,86],
[25,57,91]],

[[31,84,100],
[32,85,101],
[34,44,103],
[40,50,109],
[15,68,127],
[26,79,95],
[16,69,128],
[29,82,98],
[25,78,94],
[13,66,125],
[20,73,89],
[41,51,110],
[18,71,87],
[35,45,104],
[0,53,112],
[24,77,93],
[10,63,122],
[11,64,123],
[14,67,126],
[23,76,92],
[7,60,119],
[2,55,114],
[30,83,99],
[28,81,97],
[22,75,91],
[4,57,116],
[36,46,105],
[3,56,115],
[33,43,102],
[37,47,106],
[6,59,118],
[42,52,111],
[21,74,90],
[1,54,113],
[27,80,96],
[19,72,88],
[38,48,107],
[9,62,121],
[8,61,120],
[5,58,117],
[39,49,108],
[12,65,124],
[17,70,86]]

]