[[[0,31,62,93],
[1,32,64,96],
[2,33,66,99],
[3,34,68,102],
[4,35,70,105],
[5,36,72,108],
[6,37,74,111],
[7,38,76,114,127],
[8,39,78,117],
[9,40,80,120],
[10,41,82,123],
[11,42,84,95],
[12,43,86,98],
[13,44,88,101],
[14,45,90,104,124],
[15,46,92,107,128],
[16,47,63,110],
[17,48,65,113],
[18,49,67,116],
[19,50,69,119],
[20,51,71,122],
[21,52,73,94],
[22,53,75,97,125],
[23,54,77,100,129],
[24,55,79,103],
[25,56,81,106],
[26,57,83,109],
[27,58,85,112],
[28,59,87,115],
[29,60,89,118],
[30,61,91,121,126]],

[[0,32,63,94],
[1,33,65,97],
[2,34,67,100],
[3,35,69,103],
[4,36,71,106],
[5,37,73,109],
[6,38,75,112,124],
[7,39,77,115,128],
[8,40,79,118],
[9,41,81,121],
[10,42,83,93],
[11,43,85,96],
[12,44,87,99],
[13,45,89,102],
[14,46,91,105,125],
[15,47,62,108,129],
[16,48,64,111],
[17,49,66,114],
[18,50,68,117],
[19,51,70,120],
[20,52,72,123],
[21,53,74,95],
[22,54,76,98,126],
[23,55,78,101],
[24,56,80,104],
[25,57,82,107],
[26,58,84,110],
[27,59,86,113],
[28,60,88,116],
[29,61,90,119],
[30,31,92,122,127]],

[[0,33,64,95],
[1,34,66,98],
[2,35,68,101],
[3,36,70,104],
[4,37,72,107],
[5,38,74,110],
[6,39,76,113,125],
[7,40,78,116,129],
[8,41,80,119],
[9,42,82,122],
[10,43,84,94],
[11,44,86,97],
[12,45,88,100],
[13,46,90,103],
[14,47,92,106,126],
[15,48,63,109],
[16,49,65,112],
[17,50,67,115],
[18,51,69,118],
[19,52,71,121],
[20,53,73,93],
[21,54,75,96],
[22,55,77,99,127],
[23,56,79,102],
[24,57,81,105],
[25,58,83,108],
[26,59,85,111],
[27,60,87,114],
[28,61,89,117],
[29,31,91,120,124],
[30,32,62,123,128]],

[[0,34,65,96],
[1,35,67,99],
[2,36,69,102],
[3,37,71,105],
[4,38,73,108],
[5,39,75,111],
[6,40,77,114,126],
[7,41,79,117],
[8,42,81,120],
[9,43,83,123],
[10,44,85,95],
[11,45,87,98],
[12,46,89,101],
[13,47,91,104],
[14,48,62,107,127],
[15,49,64,110],
[16,50,66,113],
[17,51,68,116],
[18,52,70,119],
[19,53,72,122],
[20,54,74,94],
[21,55,76,97,124],
[22,56,78,100,128],
[23,57,80,103],
[24,58,82,106],
[25,59,84,109],
[26,60,86,112],
[27,61,88,115],
[28,31,90,118],
[29,32,92,121,125],
[30,33,63,93,129]],

[[0,35,66,97],
[1,36,68,100],
[2,37,70,103],
[3,38,72,106],
[4,39,74,109],
[5,40,76,112],
[6,41,78,115,127],
[7,42,80,118],
[8,43,82,121],
[9,44,84,93],
[10,45,86,96],
[11,46,88,99],
[12,47,90,102],
[13,48,92,105,124],
[14,49,63,108,128],
[15,50,65,111],
[16,51,67,114],
[17,52,69,117],
[18,53,71,120],
[19,54,73,123],
[20,55,75,95],
[21,56,77,98,125],
[22,57,79,101,129],
[23,58,81,104],
[24,59,83,107],
[25,60,85,110],
[26,61,87,113],
[27,31,89,116],
[28,32,91,119],
[29,33,62,122,126],
[30,34,64,94]],

[[0,36,67,98],
[1,37,69,101],
[2,38,71,104],
[3,39,73,107],
[4,40,75,110],
[5,41,77,113,124],
[6,42,79,116,128],
[7,43,81,119],
[8,44,83,122],
[9,45,85,94],
[10,46,87,97],
[11,47,89,100],
[12,48,91,103],
[13,49,62,106,125],
[14,50,64,109,129],
[15,51,66,112],
[16,52,68,115],
[17,53,70,118],
[18,54,72,121],
[19,55,74,93],
[20,56,76,96],
[21,57,78,99,126],
[22,58,80,102],
[23,59,82,105],
[24,60,84,108],
[25,61,86,111],
[26,31,88,114],
[27,32,90,117],
[28,33,92,120],
[29,34,63,123,127],
[30,35,65,95]],

[[0,37,68,99],
[1,38,70,102],
[2,39,72,105],
[3,40,74,108],
[4,41,76,111],
[5,42,78,114,125],
[6,43,80,117,129],
[7,44,82,120],
[8,45,84,123],
[9,46,86,95],
[10,47,88,98],
[11,48,90,101],
[12,49,92,104],
[13,50,63,107,126],
[14,51,65,110],
[15,52,67,113],
[16,53,69,116],
[17,54,71,119],
[18,55,73,122],
[19,56,75,94],
[20,57,77,97],
[21,58,79,100,127],
[22,59,81,103],
[23,60,83,106],
[24,61,85,109],
[25,31,87,112],
[26,32,89,115],
[27,33,91,118],
[28,34,62,121,124],
[29,35,64,93,128],
[30,36,66,96]],

[[0,38,69,100],
[1,39,71,103],
[2,40,73,106],
[3,41,75,109],
[4,42,77,112],
[5,43,79,115,126],
[6,44,81,118],
[7,45,83,121],
[8,46,85,93],
[9,47,87,96],
[10,48,89,99],
[11,49,91,102],
[12,50,62,105],
[13,51,64,108,127],
[14,52,66,111],
[15,53,68,114],
[16,54,70,117],
[17,55,72,120],
[18,56,74,123],
[19,57,76,95],
[20,58,78,98,124],
[21,59,80,101,128],
[22,60,82,104],
[23,61,84,107],
[24,31,86,110],
[25,32,88,113],
[26,33,90,116],
[27,34,92,119],
[28,35,63,122,125],
[29,36,65,94,129],
[30,37,67,97]],

[[0,39,70,101],
[1,40,72,104],
[2,41,74,107],
[3,42,76,110],
[4,43,78,113],
[5,44,80,116,127],
[6,45,82,119],
[7,46,84,122],
[8,47,86,94],
[9,48,88,97],
[10,49,90,100],
[11,50,92,103],
[12,51,63,106,124],
[13,52,65,109,128],
[14,53,67,112],
[15,54,69,115],
[16,55,71,118],
[17,56,73,121],
[18,57,75,93],
[19,58,77,96],
[20,59,79,99,125],
[21,60,81,102,129],
[22,61,83,105],
[23,31,85,108],
[24,32,87,111],
[25,33,89,114],
[26,34,91,117],
[27,35,62,120],
[28,36,64,123,126],
[29,37,66,95],
[30,38,68,98]],

[[0,40,71,102],
[1,41,73,105],
[2,42,75,108],
[3,43,77,111],
[4,44,79,114,124],
[5,45,81,117,128],
[6,46,83,120],
[7,47,85,123],
[8,48,87,95],
[9,49,89,98],
[10,50,91,101],
[11,51,62,104],
[12,52,64,107,125],
[13,53,66,110,129],
[14,54,68,113],
[15,55,70,116],
[16,56,72,119],
[17,57,74,122],
[18,58,76,94],
[19,59,78,97],
[20,60,80,100,126],
[21,61,82,103],
[22,31,84,106],
[23,32,86,109],
[24,33,88,112],
[25,34,90,115],
[26,35,92,118],
[27,36,63,121],
[28,37,65,93,127],
[29,38,67,96],
[30,39,69,99]],

[[0,41,72,103],
[1,42,74,106],
[2,43,76,109],
[3,44,78,112],
[4,45,80,115,125],
[5,46,82,118,129],
[6,47,84,121],
[7,48,86,93],
[8,49,88,96],
[9,50,90,99],
[10,51,92,102],
[11,52,63,105],
[12,53,65,108,126],
[13,54,67,111],
[14,55,69,114],
[15,56,71,117],
[16,57,73,120],
[17,58,75,123],
[18,59,77,95],
[19,60,79,98],
[20,61,81,101,127],
[21,31,83,104],
[22,32,85,107],
[23,33,87,110],
[24,34,89,113],
[25,35,91,116],
[26,36,62,119],
[27,37,64,122,124],
[28,38,66,94,128],
[29,39,68,97],
[30,40,70,100]],

[[0,42,73,104],
[1,43,75,107],
[2,44,77,110],
[3,45,79,113],
[4,46,81,116,126],
[5,47,83,119],
[6,48,85,122],
[7,49,87,94],
[8,50,89,97],
[9,51,91,100],
[10,52,62,103],
[11,53,64,106],
[12,54,66,109,127],
[13,55,68,112],
[14,56,70,115],
[15,57,72,118],
[16,58,74,121],
[17,59,76,93],
[18,60,78,96],
[19,61,80,99,124],
[20,31,82,102,128],
[21,32,84,105],
[22,33,86,108],
[23,34,88,111],
[24,35,90,114],
[25,36,92,117],
[26,37,63,120],
[27,38,65,123,125],
[28,39,67,95,129],
[29,40,69,98],
[30,41,71,101]],

[[0,43,74,105],
[1,44,76,108],
[2,45,78,111],
[3,46,80,114],
[4,47,82,117,127],
[5,48,84,120],
[6,49,86,123],
[7,50,88,95],
[8,51,90,98],
[9,52,92,101],
[10,53,63,104],
[11,54,65,107,124],
[12,55,67,110,128],
[13,56,69,113],
[14,57,71,116],
[15,58,73,119],
[16,59,75,122],
[17,60,77,94],
[18,61,79,97],
[19,31,81,100,125],
[20,32,83,103,129],
[21,33,85,106],
[22,34,87,109],
[23,35,89,112],
[24,36,91,115],
[25,37,62,118],
[26,38,64,121],
[27,39,66,93,126],
[28,40,68,96],
[29,41,70,99],
[30,42,72,102]],

[[0,44,75,106],
[1,45,77,109],
[2,46,79,112],
[3,47,81,115,124],
[4,48,83,118,128],
[5,49,85,121],
[6,50,87,93],
[7,51,89,96],
[8,52,91,99],
[9,53,62,102],
[10,54,64,105],
[11,55,66,108,125],
[12,56,68,111,129],
[13,57,70,114],
[14,58,72,117],
[15,59,74,120],
[16,60,76,123],
[17,61,78,95],
[18,31,80,98],
[19,32,82,101,126],
[20,33,84,104],
[21,34,86,107],
[22,35,88,110],
[23,36,90,113],
[24,37,92,116],
[25,38,63,119],
[26,39,65,122],
[27,40,67,94,127],
[28,41,69,97],
[29,42,71,100],
[30,43,73,103]],

[[0,45,76,107],
[1,46,78,110],
[2,47,80,113],
[3,48,82,116,125],
[4,49,84,119,129],
[5,50,86,122],
[6,51,88,94],
[7,52,90,97],
[8,53,92,100],
[9,54,63,103],
[10,55,65,106],
[11,56,67,109,126],
[12,57,69,112],
[13,58,71,115],
[14,59,73,118],
[15,60,75,121],
[16,61,77,93],
[17,31,79,96],
[18,32,81,99],
[19,33,83,102,127],
[20,34,85,105],
[21,35,87,108],
[22,36,89,111],
[23,37,91,114],
[24,38,62,117],
[25,39,64,120],
[26,40,66,123,124],
[27,41,68,95,128],
[28,42,70,98],
[29,43,72,101],
[30,44,74,104]],

[[0,46,77,108],
[1,47,79,111],
[2,48,81,114],
[3,49,83,117,126],
[4,50,85,120],
[5,51,87,123],
[6,52,89,95],
[7,53,91,98],
[8,54,62,101],
[9,55,64,104],
[10,56,66,107],
[11,57,68,110,127],
[12,58,70,113],
[13,59,72,116],
[14,60,74,119],
[15,61,76,122],
[16,31,78,94],
[17,32,80,97],
[18,33,82,100,124],
[19,34,84,103,128],
[20,35,86,106],
[21,36,88,109],
[22,37,90,112],
[23,38,92,115],
[24,39,63,118],
[25,40,65,121],
[26,41,67,93,125],
[27,42,69,96,129],
[28,43,71,99],
[29,44,73,102],
[30,45,75,105]],

[[0,47,78,109],
[1,48,80,112],
[2,49,82,115],
[3,50,84,118,127],
[4,51,86,121],
[5,52,88,93],
[6,53,90,96],
[7,54,92,99],
[8,55,63,102],
[9,56,65,105],
[10,57,67,108,124],
[11,58,69,111,128],
[12,59,71,114],
[13,60,73,117],
[14,61,75,120],
[15,31,77,123],
[16,32,79,95],
[17,33,81,98],
[18,34,83,101,125],
[19,35,85,104,129],
[20,36,87,107],
[21,37,89,110],
[22,38,91,113],
[23,39,62,116],
[24,40,64,119],
[25,41,66,122],
[26,42,68,94,126],
[27,43,70,97],
[28,44,72,100],
[29,45,74,103],
[30,46,76,106]],

[[0,48,79,110],
[1,49,81,113],
[2,50,83,116,124],
[3,51,85,119,128],
[4,52,87,122],
[5,53,89,94],
[6,54,91,97],
[7,55,62,100],
[8,56,64,103],
[9,57,66,106],
[10,58,68,109,125],
[11,59,70,112,129],
[12,60,72,115],
[13,61,74,118],
[14,31,76,121],
[15,32,78,93],
[16,33,80,96],
[17,34,82,99],
[18,35,84,102,126],
[19,36,86,105],
[20,37,88,108],
[21,38,90,111],
[22,39,92,114],
[23,40,63,117],
[24,41,65,120],
[25,42,67,123],
[26,43,69,95,127],
[27,44,71,98],
[28,45,73,101],
[29,46,75,104],
[30,47,77,107]],

[[0,49,80,111],
[1,50,82,114],
[2,51,84,117,125],
[3,52,86,120,129],
[4,53,88,123],
[5,54,90,95],
[6,55,92,98],
[7,56,63,101],
[8,57,65,104],
[9,58,67,107],
[10,59,69,110,126],
[11,60,71,113],
[12,61,73,116],
[13,31,75,119],
[14,32,77,122],
[15,33,79,94],
[16,34,81,97],
[17,35,83,100],
[18,36,85,103,127],
[19,37,87,106],
[20,38,89,109],
[21,39,91,112],
[22,40,62,115],
[23,41,64,118],
[24,42,66,121],
[25,43,68,93,124],
[26,44,70,96,128],
[27,45,72,99],
[28,46,74,102],
[29,47,76,105],
[30,48,78,108]],

[[0,50,81,112],
[1,51,83,115],
[2,52,85,118,126],
[3,53,87,121],
[4,54,89,93],
[5,55,91,96],
[6,56,62,99],
[7,57,64,102],
[8,58,66,105],
[9,59,68,108],
[10,60,70,111,127],
[11,61,72,114],
[12,31,74,117],
[13,32,76,120],
[14,33,78,123],
[15,34,80,95],
[16,35,82,98],
[17,36,84,101,124],
[18,37,86,104,128],
[19,38,88,107],
[20,39,90,110],
[21,40,92,113],
[22,41,63,116],
[23,42,65,119],
[24,43,67,122],
[25,44,69,94,125],
[26,45,71,97,129],
[27,46,73,100],
[28,47,75,103],
[29,48,77,106],
[30,49,79,109]],

[[0,51,82,113],
[1,52,84,116],
[2,53,86,119,127],
[3,54,88,122],
[4,55,90,94],
[5,56,92,97],
[6,57,63,100],
[7,58,65,103],
[8,59,67,106],
[9,60,69,109,124],
[10,61,71,112,128],
[11,31,73,115],
[12,32,75,118],
[13,33,77,121],
[14,34,79,93],
[15,35,81,96],
[16,36,83,99],
[17,37,85,102,125],
[18,38,87,105,129],
[19,39,89,108],
[20,40,91,111],
[21,41,62,114],
[22,42,64,117],
[23,43,66,120],
[24,44,68,123],
[25,45,70,95,126],
[26,46,72,98],
[27,47,74,101],
[28,48,76,104],
[29,49,78,107],
[30,50,80,110]],

[[0,52,83,114],
[1,53,85,117,124],
[2,54,87,120,128],
[3,55,89,123],
[4,56,91,95],
[5,57,62,98],
[6,58,64,101],
[7,59,66,104],
[8,60,68,107],
[9,61,70,110,125],
[10,31,72,113,129],
[11,32,74,116],
[12,33,76,119],
[13,34,78,122],
[14,35,80,94],
[15,36,82,97],
[16,37,84,100],
[17,38,86,103,126],
[18,39,88,106],
[19,40,90,109],
[20,41,92,112],
[21,42,63,115],
[22,43,65,118],
[23,44,67,121],
[24,45,69,93],
[25,46,71,96,127],
[26,47,73,99],
[27,48,75,102],
[28,49,77,105],
[29,50,79,108],
[30,51,81,111]],

[[0,53,84,115],
[1,54,86,118,125],
[2,55,88,121,129],
[3,56,90,93],
[4,57,92,96],
[5,58,63,99],
[6,59,65,102],
[7,60,67,105],
[8,61,69,108],
[9,31,71,111,126],
[10,32,73,114],
[11,33,75,117],
[12,34,77,120],
[13,35,79,123],
[14,36,81,95],
[15,37,83,98],
[16,38,85,101],
[17,39,87,104,127],
[18,40,89,107],
[19,41,91,110],
[20,42,62,113],
[21,43,64,116],
[22,44,66,119],
[23,45,68,122],
[24,46,70,94,124],
[25,47,72,97,128],
[26,48,74,100],
[27,49,76,103],
[28,50,78,106],
[29,51,80,109],
[30,52,82,112]],

[[0,54,85,116],
[1,55,87,119,126],
[2,56,89,122],
[3,57,91,94],
[4,58,62,97],
[5,59,64,100],
[6,60,66,103],
[7,61,68,106],
[8,31,70,109],
[9,32,72,112,127],
[10,33,74,115],
[11,34,76,118],
[12,35,78,121],
[13,36,80,93],
[14,37,82,96],
[15,38,84,99],
[16,39,86,102,124],
[17,40,88,105,128],
[18,41,90,108],
[19,42,92,111],
[20,43,63,114],
[21,44,65,117],
[22,45,67,120],
[23,46,69,123],
[24,47,71,95,125],
[25,48,73,98,129],
[26,49,75,101],
[27,50,77,104],
[28,51,79,107],
[29,52,81,110],
[30,53,83,113]],

[[0,55,86,117],
[1,56,88,120,127],
[2,57,90,123],
[3,58,92,95],
[4,59,63,98],
[5,60,65,101],
[6,61,67,104],
[7,31,69,107],
[8,32,71,110,124],
[9,33,73,113,128],
[10,34,75,116],
[11,35,77,119],
[12,36,79,122],
[13,37,81,94],
[14,38,83,97],
[15,39,85,100],
[16,40,87,103,125],
[17,41,89,106,129],
[18,42,91,109],
[19,43,62,112],
[20,44,64,115],
[21,45,66,118],
[22,46,68,121],
[23,47,70,93],
[24,48,72,96,126],
[25,49,74,99],
[26,50,76,102],
[27,51,78,105],
[28,52,80,108],
[29,53,82,111],
[30,54,84,114]],

[[0,56,87,118,124],
[1,57,89,121,128],
[2,58,91,93],
[3,59,62,96],
[4,60,64,99],
[5,61,66,102],
[6,31,68,105],
[7,32,70,108],
[8,33,72,111,125],
[9,34,74,114,129],
[10,35,76,117],
[11,36,78,120],
[12,37,80,123],
[13,38,82,95],
[14,39,84,98],
[15,40,86,101],
[16,41,88,104,126],
[17,42,90,107],
[18,43,92,110],
[19,44,63,113],
[20,45,65,116],
[21,46,67,119],
[22,47,69,122],
[23,48,71,94],
[24,49,73,97,127],
[25,50,75,100],
[26,51,77,103],
[27,52,79,106],
[28,53,81,109],
[29,54,83,112],
[30,55,85,115]],

[[0,57,88,119,125],
[1,58,90,122,129],
[2,59,92,94],
[3,60,63,97],
[4,61,65,100],
[5,31,67,103],
[6,32,69,106],
[7,33,71,109],
[8,34,73,112,126],
[9,35,75,115],
[10,36,77,118],
[11,37,79,121],
[12,38,81,93],
[13,39,83,96],
[14,40,85,99],
[15,41,87,102],
[16,42,89,105,127],
[17,43,91,108],
[18,44,62,111],
[19,45,64,114],
[20,46,66,117],
[21,47,68,120],
[22,48,70,123],
[23,49,72,95,124],
[24,50,74,98,128],
[25,51,76,101],
[26,52,78,104],
[27,53,80,107],
[28,54,82,110],
[29,55,84,113],
[30,56,86,116]],

[[0,58,89,120,126],
[1,59,91,123],
[2,60,62,95],
[3,61,64,98],
[4,31,66,101],
[5,32,68,104],
[6,33,70,107],
[7,34,72,110],
[8,35,74,113,127],
[9,36,76,116],
[10,37,78,119],
[11,38,80,122],
[12,39,82,94],
[13,40,84,97],
[14,41,86,100],
[15,42,88,103,124],
[16,43,90,106,128],
[17,44,92,109],
[18,45,63,112],
[19,46,65,115],
[20,47,67,118],
[21,48,69,121],
[22,49,71,93],
[23,50,73,96,125],
[24,51,75,99,129],
[25,52,77,102],
[26,53,79,105],
[27,54,81,108],
[28,55,83,111],
[29,56,85,114],
[30,57,87,117]],

[[0,59,90,121,127],
[1,60,92,93],
[2,61,63,96],
[3,31,65,99],
[4,32,67,102],
[5,33,69,105],
[6,34,71,108],
[7,35,73,111,124],
[8,36,75,114,128],
[9,37,77,117],
[10,38,79,120],
[11,39,81,123],
[12,40,83,95],
[13,41,85,98],
[14,42,87,101],
[15,43,89,104,125],
[16,44,91,107,129],
[17,45,62,110],
[18,46,64,113],
[19,47,66,116],
[20,48,68,119],
[21,49,70,122],
[22,50,72,94],
[23,51,74,97,126],
[24,52,76,100],
[25,53,78,103],
[26,54,80,106],
[27,55,82,109],
[28,56,84,112],
[29,57,86,115],
[30,58,88,118]],

[[0,60,91,122,128],
[1,61,62,94],
[2,31,64,97],
[3,32,66,100],
[4,33,68,103],
[5,34,70,106],
[6,35,72,109],
[7,36,74,112,125],
[8,37,76,115,129],
[9,38,78,118],
[10,39,80,121],
[11,40,82,93],
[12,41,84,96],
[13,42,86,99],
[14,43,88,102],
[15,44,90,105,126],
[16,45,92,108],
[17,46,63,111],
[18,47,65,114],
[19,48,67,117],
[20,49,69,120],
[21,50,71,123],
[22,51,73,95],
[23,52,75,98,127],
[24,53,77,101],
[25,54,79,104],
[26,55,81,107],
[27,56,83,110],
[28,57,85,113],
[29,58,87,116],
[30,59,89,119,124]],

[[0,61,92,123,129],
[1,31,63,95],
[2,32,65,98],
[3,33,67,101],
[4,34,69,104],
[5,35,71,107],
[6,36,73,110],
[7,37,75,113,126],
[8,38,77,116],
[9,39,79,119],
[10,40,81,122],
[11,41,83,94],
[12,42,85,97],
[13,43,87,100],
[14,44,89,103],
[15,45,91,106,127],
[16,46,62,109],
[17,47,64,112],
[18,48,66,115],
[19,49,68,118],
[20,50,70,121],
[21,51,72,93],
[22,52,74,96,124],
[23,53,76,99,128],
[24,54,78,102],
[25,55,80,105],
[26,56,82,108],
[27,57,84,111],
[28,58,86,114],
[29,59,88,117],
[30,60,90,120,125]]

]
