[[[0,22,43,64,85],
[1,25,49,68,95],
[9,35,59,72,103],
[11,27,47,66,104],
[14,29,55,73,105],
[10,40,45,75,100],
[3,61,69,98],
[12,39,56,84,90],
[15,42,65,97],
[8,31,53,78,96],
[13,34,52,83],
[5,30,60,82,94],
[21,32,48,80,89],
[19,33,44,70,93],
[16,26,54,76,99],
[6,24,63,92],
[18,37,62,77,91],
[7,36,58,81,88],
[17,41,57,71,86],
[4,23,50,79,101],
[20,38,51,67,87],
[2,28,46,74,102]],

[[3,29,47,75,85],
[1,23,44,65,86],
[2,26,50,69,96],
[10,36,60,73,103],
[12,28,48,67,104],
[15,30,56,74,105],
[11,40,46,101],
[4,35,61,70,99],
[13,22,57,84,91],
[16,42,49,66,98],
[9,32,54,79,97],
[14,53,83,93],
[6,31,43,82,95],
[21,33,81,90],
[19,34,45,71,94],
[17,27,55,77,100],
[7,25,63,76],
[0,38,62,78,92],
[8,37,59,64,89],
[18,41,58,72,87],
[5,24,51,80,102],
[20,39,52,68,88]],

[[20,22,53,69,89],
[4,30,48,86],
[2,24,45,66,87],
[3,27,51,70,97],
[11,37,43,74,103],
[13,29,68,104],
[16,31,57,75,105],
[12,40,47,76,102],
[5,36,61,71,100],
[14,23,58,84,92],
[17,42,50,67,99],
[10,33,55,80,98],
[15,35,54,83,94],
[7,32,44,82,96],
[21,34,49,64,91],
[19,46,72,95],
[18,28,56,78,101],
[8,26,63,77,93],
[1,39,62,79],
[9,38,60,65,90],
[0,41,59,73,88],
[6,25,52,81,85]],

[[7,26,53,64,86],
[20,23,54,70,90],
[5,31,76,87],
[3,25,46,67,88],
[4,28,52,71,98],
[12,38,44,75,103],
[14,30,49,69,104],
[17,32,58,105],
[13,40,48,77,85],
[6,37,61,72,101],
[15,24,59,84],
[18,42,51,68,100],
[11,34,56,81,99],
[16,36,55,83,95],
[8,33,45,82,97],
[21,50,65,92],
[19,35,47,73,96],
[0,29,57,79,102],
[9,27,63,78,94],
[2,22,62,80,93],
[10,39,43,66,91],
[1,41,60,74,89]],

[[11,22,44,67,92],
[2,41,43,75,90],
[8,27,54,65,87],
[20,24,55,71,91],
[6,32,49,77,88],
[4,26,47,68,89],
[5,29,53,72,99],
[13,39,45,103],
[15,31,50,70,104],
[18,33,59,76,105],
[14,40,78,86],
[7,38,61,73,102],
[16,25,60,84,93],
[0,42,52,69,101],
[12,57,64,100],
[17,37,56,83,96],
[9,34,46,82,98],
[21,35,51,66],
[19,36,48,74,97],
[1,30,58,80,85],
[10,28,63,79,95],
[3,23,62,81,94]],

[[4,24,62,64,95],
[12,23,45,68],
[3,41,44,91],
[9,28,55,66,88],
[20,25,56,72,92],
[7,33,50,78,89],
[5,27,48,69,90],
[6,30,54,73,100],
[14,22,46,76,103],
[16,32,51,71,104],
[0,34,60,77,105],
[15,40,49,79,87],
[8,39,61,74,85],
[17,26,43,84,94],
[1,42,53,70,102],
[13,35,58,65,101],
[18,38,57,83,97],
[10,47,82,99],
[21,36,52,67,93],
[19,37,75,98],
[2,31,59,81,86],
[11,29,63,80,96]],

[[5,25,62,65,96],
[13,24,46,69,93],
[4,41,45,76,92],
[10,29,56,67,89],
[20,26,57,73],
[8,34,51,79,90],
[6,28,70,91],
[7,31,55,74,101],
[15,23,47,77,103],
[17,33,52,72,104],
[1,43,78,105],
[16,40,50,80,88],
[9,22,61,75,86],
[18,27,44,84,95],
[2,42,54,71,85],
[14,36,59,66,102],
[0,39,58,83,98],
[11,35,48,82,100],
[21,37,53,68,94],
[19,38,49,99],
[3,32,60,64,87],
[12,30,63,81,97]],

[[4,33,43,65,88],
[13,31,63,64,98],
[6,26,62,66,97],
[14,25,47,70,94],
[5,41,46,77],
[11,30,57,68,90],
[20,27,58,74,93],
[9,52,80,91],
[7,29,49,71,92],
[8,32,56,75,102],
[16,24,48,78,103],
[18,34,53,73,104],
[2,35,44,79,105],
[17,40,51,81,89],
[10,23,61,87],
[0,28,45,84,96],
[3,42,55,72,86],
[15,37,60,67,85],
[1,22,59,83,99],
[12,36,82,101],
[21,38,54,69,95],
[19,39,50,76,100]],

[[19,22,51,77,101],
[5,34,44,66,89],
[14,32,63,65,99],
[7,27,62,67,98],
[15,26,48,71,95],
[6,41,47,78,93],
[12,31,58,69,91],
[20,28,59,75,94],
[10,35,53,81,92],
[8,30,50,72],
[9,33,57,85],
[17,25,79,103],
[0,54,74,104],
[3,36,45,80,105],
[18,40,52,64,90],
[11,24,61,76,88],
[1,29,46,84,97],
[4,42,56,73,87],
[16,38,43,68,86],
[2,23,60,83,100],
[13,37,49,82,102],
[21,39,55,70,96]],

[[14,38,50,82,85],
[21,22,56,71,97],
[19,23,52,78,102],
[6,45,67,90],
[15,33,63,66,100],
[8,28,62,68,99],
[16,27,72,96],
[7,41,48,79,94],
[13,32,59,70,92],
[20,29,60,95],
[11,36,54,64],
[9,31,51,73,93],
[10,34,58,76,86],
[18,26,49,80,103],
[1,35,55,75,104],
[4,37,46,81,105],
[0,40,53,65,91],
[12,25,61,77,89],
[2,30,47,84,98],
[5,42,57,74,88],
[17,39,44,69,87],
[3,24,43,83,101]],

[[15,39,51,82,86],
[21,23,57,72,98],
[19,24,53,79,85],
[7,35,46,68,91],
[16,34,63,67,101],
[9,29,62,69,100],
[17,28,49,73,97],
[8,41,80,95],
[14,33,60,71],
[20,30,43,76,96],
[12,37,55,65,93],
[10,32,52,74,94],
[11,59,77,87],
[0,27,50,81,103],
[2,36,56,104],
[5,38,47,64,105],
[1,40,54,66,92],
[13,26,61,78,90],
[3,31,48,84,99],
[6,42,58,75,89],
[18,22,45,70,88],
[4,25,44,83,102]],

[[0,23,46,71,89],
[5,26,45,83,85],
[16,22,52,82,87],
[21,24,58,73,99],
[19,25,54,80,86],
[8,36,47,69,92],
[17,63,68,102],
[10,30,62,70,101],
[18,29,50,74,98],
[9,41,49,81,96],
[15,34,43,72,93],
[20,31,44,77,97],
[13,38,56,66,94],
[11,33,53,75,95],
[12,35,60,78,88],
[1,28,51,64,103],
[3,37,57,76,104],
[6,39,48,65,105],
[2,40,55,67],
[14,27,61,79,91],
[4,32,84,100],
[7,42,59,90]],

[[1,24,47,72,90],
[6,27,46,83,86],
[17,23,53,82,88],
[21,25,59,74,100],
[19,26,55,81,87],
[9,37,48,70],
[18,35,63,69,85],
[11,31,62,71,102],
[0,30,51,75,99],
[10,41,50,64,97],
[16,44,73,94],
[20,32,45,78,98],
[14,39,57,67,95],
[12,34,54,96],
[13,36,43,79,89],
[2,29,52,65,103],
[4,38,58,77,104],
[7,22,66,105],
[3,40,56,68,93],
[15,28,61,80,92],
[5,33,49,84,101],
[8,42,60,76,91]],

[[9,42,43,77,92],
[2,25,48,73,91],
[7,28,47,83,87],
[18,24,54,82,89],
[21,26,60,75,101],
[19,27,56,64,88],
[10,38,71,93],
[0,36,63,70,86],
[12,32,62,72,85],
[1,31,52,100],
[11,41,51,65,98],
[17,35,45,74,95],
[20,33,46,79,99],
[15,22,58,68,96],
[13,55,76,97],
[14,37,44,80,90],
[3,30,53,66,103],
[5,39,59,78,104],
[8,23,49,67,105],
[4,40,57,69,94],
[16,29,61,81],
[6,34,50,84,102]],

[[17,30,61,64,93],
[7,51,84,85],
[10,42,44,78],
[3,26,74,92],
[8,29,48,83,88],
[0,25,55,82,90],
[21,27,43,102],
[19,28,57,65,89],
[11,39,49,72,94],
[1,37,63,71,87],
[13,33,62,73,86],
[2,32,53,76,101],
[12,41,52,66,99],
[18,36,46,75,96],
[20,34,47,80,100],
[16,23,59,69,97],
[14,35,56,77,98],
[15,38,45,81,91],
[4,31,54,67,103],
[6,22,60,79,104],
[9,24,50,68,105],
[5,40,58,70,95]],

[[18,31,61,65,94],
[8,35,52,84,86],
[11,42,45,79,93],
[4,27,49,75],
[9,30,83,89],
[1,26,56,82,91],
[21,28,44,76,85],
[19,29,58,66,90],
[12,22,50,73,95],
[2,38,63,72,88],
[14,34,62,74,87],
[3,33,54,77,102],
[13,41,53,67,100],
[0,37,47,97],
[20,48,81,101],
[17,24,60,70,98],
[15,36,57,78,99],
[16,39,46,64,92],
[5,32,55,68,103],
[7,23,43,80,104],
[10,25,51,69,105],
[6,40,59,71,96]],

[[0,32,61,66,95],
[9,36,53,84,87],
[12,42,46,80,94],
[5,28,50,93],
[10,31,49,83,90],
[2,27,57,82,92],
[21,29,45,77,86],
[19,30,59,67,91],
[13,23,51,74,96],
[3,39,63,73,89],
[15,62,75,88],
[4,34,55,78,85],
[14,41,54,68,101],
[1,38,48,76,98],
[20,35,64,102],
[18,25,43,71,99],
[16,37,58,79,100],
[17,22,47,65],
[6,33,56,69,103],
[8,24,44,81,104],
[11,26,52,70,105],
[7,40,60,72,97]],

[[8,40,43,73,98],
[1,33,61,67,96],
[10,37,54,84,88],
[13,42,47,81,95],
[6,29,51,76,94],
[11,32,50,83,91],
[3,28,58,82],
[21,30,46,78,87],
[19,31,60,68,92],
[14,24,52,75,97],
[4,22,63,74,90],
[16,35,62,89],
[5,56,79,86],
[15,41,55,69,102],
[2,39,77,99],
[20,36,49,65,85],
[0,26,44,72,100],
[17,38,59,80,101],
[18,23,48,66,93],
[7,34,57,70,103],
[9,25,45,64,104],
[12,27,53,71,105]],

[[9,40,44,74,99],
[2,34,61,68,97],
[11,38,55,84,89],
[14,42,48,64,96],
[7,30,52,77,95],
[12,33,51,83,92],
[4,29,59,82,93],
[21,31,47,79,88],
[19,32,43,69],
[15,25,53,98],
[5,23,63,75,91],
[17,36,62,76,90],
[6,35,57,80,87],
[16,41,56,70,85],
[3,22,49,78,100],
[20,37,50,66,86],
[1,27,45,73,101],
[18,39,60,81,102],
[0,24,67,94],
[8,58,71,103],
[10,26,46,65,104],
[13,28,54,72,105]]

]