[[[0, 25, 50, 75, 100],
[1, 26, 52, 78, 104],
[2, 27, 53, 79, 105],
[3, 28, 54, 80, 106],
[4, 29, 55, 81, 107],
[5, 30, 56, 82],
[6, 31, 57, 83],
[7, 32, 58, 84],
[8, 33, 59, 85],
[9, 34, 60, 86],
[10, 35, 61, 87],
[11, 36, 62, 88],
[12, 37, 63, 89],
[13, 38, 64, 90],
[14, 39, 65, 91],
[15, 40, 66, 92],
[16, 41, 67, 93],
[17, 42, 68, 94],
[18, 43, 69, 95],
[19, 44, 70, 96],
[20, 45, 71, 97],
[21, 46, 72, 98],
[22, 47, 73, 99, 101],
[23, 48, 74, 76, 102],
[24, 49, 51, 77, 103]],

[[0, 26, 51, 76, 101],
[1, 32, 68, 81, 103],
[2, 43, 56, 78],
[3, 31, 53, 87],
[4, 28, 62, 89],
[5, 37, 64, 94],
[6, 39, 69, 97, 105],
[7, 44, 72, 80],
[8, 47, 55, 95, 102],
[9, 30, 70, 77],
[10, 45, 52, 85, 100],
[11, 27, 60, 75],
[12, 35, 50, 98],
[13, 25, 73, 91],
[14, 48, 66, 86],
[15, 41, 61, 96],
[16, 36, 71, 90],
[17, 46, 65, 88],
[18, 40, 63, 84],
[19, 38, 59, 83],
[20, 34, 58, 99, 104],
[21, 33, 74, 79],
[22, 49, 54, 92, 107],
[23, 29, 67, 82],
[24, 42, 57, 93, 106]],

[[0, 27, 52, 77, 102],
[1, 43, 58, 94, 107],
[2, 33, 69, 82, 104],
[3, 44, 57, 79],
[4, 32, 54, 88],
[5, 29, 63, 90],
[6, 38, 65, 95],
[7, 40, 70, 98, 106],
[8, 45, 73, 81],
[9, 48, 56, 96, 103],
[10, 31, 71, 78],
[11, 46, 53, 86, 100],
[12, 28, 61, 75],
[13, 36, 50, 99],
[14, 25, 74, 92],
[15, 49, 67, 87],
[16, 42, 62, 97],
[17, 37, 72, 91],
[18, 47, 66, 89],
[19, 41, 64, 85],
[20, 39, 60, 84, 101],
[21, 35, 59, 76, 105],
[22, 34, 51, 80],
[23, 26, 55, 93],
[24, 30, 68, 83]],

[[0, 28, 53, 78, 103],
[1, 31, 69, 84],
[2, 44, 59, 95],
[3, 34, 70, 83, 105],
[4, 45, 58, 80],
[5, 33, 55, 89],
[6, 30, 64, 91],
[7, 39, 66, 96],
[8, 41, 71, 99, 107],
[9, 46, 74, 82],
[10, 49, 57, 97, 104],
[11, 32, 72, 79],
[12, 47, 54, 87, 100],
[13, 29, 62, 75, 101],
[14, 37, 50, 76],
[15, 25, 51, 93],
[16, 26, 68, 88],
[17, 43, 63, 98],
[18, 38, 73, 92],
[19, 48, 67, 90],
[20, 42, 65, 86],
[21, 40, 61, 85, 102],
[22, 36, 60, 77, 106],
[23, 35, 52, 81],
[24, 27, 56, 94]],

[[0, 29, 54, 79, 104],
[1, 28, 57, 95],
[2, 32, 70, 85],
[3, 45, 60, 96],
[4, 35, 71, 84, 106],
[5, 46, 59, 81],
[6, 34, 56, 90],
[7, 31, 65, 92],
[8, 40, 67, 97, 101],
[9, 42, 72, 76],
[10, 47, 51, 83],
[11, 26, 58, 98, 105],
[12, 33, 73, 80],
[13, 48, 55, 88, 100],
[14, 30, 63, 75, 102],
[15, 38, 50, 77],
[16, 25, 52, 94],
[17, 27, 69, 89],
[18, 44, 64, 99],
[19, 39, 74, 93],
[20, 49, 68, 91],
[21, 43, 66, 87],
[22, 41, 62, 86, 103],
[23, 37, 61, 78, 107],
[24, 36, 53, 82]],

[[0, 30, 55, 80, 105],
[1, 37, 54, 83],
[2, 29, 58, 96],
[3, 33, 71, 86],
[4, 46, 61, 97],
[5, 36, 72, 85, 107],
[6, 47, 60, 82],
[7, 35, 57, 91],
[8, 32, 66, 93],
[9, 41, 68, 98, 102],
[10, 43, 73, 77],
[11, 48, 52, 84],
[12, 27, 59, 99, 106],
[13, 34, 74, 81],
[14, 49, 56, 89, 100],
[15, 31, 64, 75, 103],
[16, 39, 50, 78],
[17, 25, 53, 95],
[18, 28, 70, 90, 101],
[19, 45, 65, 76],
[20, 40, 51, 94],
[21, 26, 69, 92],
[22, 44, 67, 88],
[23, 42, 63, 87, 104],
[24, 38, 62, 79]],

[[0, 31, 56, 81, 106],
[1, 39, 63, 80],
[2, 38, 55, 84],
[3, 30, 59, 97],
[4, 34, 72, 87],
[5, 47, 62, 98],
[6, 37, 73, 86],
[7, 48, 61, 83],
[8, 36, 58, 92],
[9, 33, 67, 94],
[10, 42, 69, 99, 103],
[11, 44, 74, 78],
[12, 49, 53, 85, 101],
[13, 28, 60, 76, 107],
[14, 35, 51, 82],
[15, 26, 57, 90, 100],
[16, 32, 65, 75, 104],
[17, 40, 50, 79],
[18, 25, 54, 96],
[19, 29, 71, 91, 102],
[20, 46, 66, 77],
[21, 41, 52, 95],
[22, 27, 70, 93],
[23, 45, 68, 89],
[24, 43, 64, 88, 105]],

[[0, 32, 57, 82, 107],
[1, 44, 65, 89, 106],
[2, 40, 64, 81],
[3, 39, 56, 85],
[4, 31, 60, 98],
[5, 35, 73, 88],
[6, 48, 63, 99],
[7, 38, 74, 87],
[8, 49, 62, 84],
[9, 37, 59, 93],
[10, 34, 68, 95, 101],
[11, 43, 70, 76, 104],
[12, 45, 51, 79],
[13, 26, 54, 86, 102],
[14, 29, 61, 77],
[15, 36, 52, 83],
[16, 27, 58, 91, 100],
[17, 33, 66, 75, 105],
[18, 41, 50, 80],
[19, 25, 55, 97],
[20, 30, 72, 92, 103],
[21, 47, 67, 78],
[22, 42, 53, 96],
[23, 28, 71, 94],
[24, 46, 69, 90]],

[[0, 33, 58, 83],
[1, 47, 70, 91],
[2, 45, 66, 90, 107],
[3, 41, 65, 82],
[4, 40, 57, 86],
[5, 32, 61, 99],
[6, 36, 74, 89, 101],
[7, 49, 64, 76],
[8, 39, 51, 88],
[9, 26, 63, 85],
[10, 38, 60, 94],
[11, 35, 69, 96, 102],
[12, 44, 71, 77, 105],
[13, 46, 52, 80],
[14, 27, 55, 87, 103],
[15, 30, 62, 78],
[16, 37, 53, 84],
[17, 28, 59, 92, 100],
[18, 34, 67, 75, 106],
[19, 42, 50, 81],
[20, 25, 56, 98],
[21, 31, 73, 93, 104],
[22, 48, 68, 79],
[23, 43, 54, 97],
[24, 29, 72, 95]],

[[0, 34, 59, 84],
[1, 30, 73, 96],
[2, 48, 71, 92],
[3, 46, 67, 91],
[4, 42, 66, 83],
[5, 41, 58, 87, 101],
[6, 33, 62, 76],
[7, 37, 51, 90, 102],
[8, 26, 65, 77],
[9, 40, 52, 89],
[10, 27, 64, 86],
[11, 39, 61, 95],
[12, 36, 70, 97, 103],
[13, 45, 72, 78, 106],
[14, 47, 53, 81],
[15, 28, 56, 88, 104],
[16, 31, 63, 79],
[17, 38, 54, 85],
[18, 29, 60, 93, 100],
[19, 35, 68, 75, 107],
[20, 43, 50, 82],
[21, 25, 57, 99],
[22, 32, 74, 94, 105],
[23, 49, 69, 80],
[24, 44, 55, 98]],

[[0, 35, 60, 85],
[1, 45, 56, 99],
[2, 31, 74, 97],
[3, 49, 72, 93],
[4, 47, 68, 92],
[5, 43, 67, 84],
[6, 42, 59, 88, 102],
[7, 34, 63, 77],
[8, 38, 52, 91, 103],
[9, 27, 66, 78],
[10, 41, 53, 90],
[11, 28, 65, 87],
[12, 40, 62, 96],
[13, 37, 71, 98, 104],
[14, 46, 73, 79, 107],
[15, 48, 54, 82],
[16, 29, 57, 89, 105],
[17, 32, 64, 80],
[18, 39, 55, 86],
[19, 30, 61, 94, 100],
[20, 36, 69, 75],
[21, 44, 50, 83, 101],
[22, 25, 58, 76],
[23, 33, 51, 95, 106],
[24, 26, 70, 81]],

[[0, 36, 61, 86],
[1, 27, 71, 82, 101],
[2, 46, 57, 76],
[3, 32, 51, 98],
[4, 26, 73, 94],
[5, 48, 69, 93],
[6, 44, 68, 85],
[7, 43, 60, 89, 103],
[8, 35, 64, 78],
[9, 39, 53, 92, 104],
[10, 28, 67, 79],
[11, 42, 54, 91],
[12, 29, 66, 88],
[13, 41, 63, 97],
[14, 38, 72, 99, 105],
[15, 47, 74, 80],
[16, 49, 55, 83],
[17, 30, 58, 90, 106],
[18, 33, 65, 81],
[19, 40, 56, 87],
[20, 31, 62, 95, 100],
[21, 37, 70, 75],
[22, 45, 50, 84, 102],
[23, 25, 59, 77],
[24, 34, 52, 96, 107]],

[[0, 37, 62, 87],
[1, 35, 53, 97],
[2, 28, 72, 83, 102],
[3, 47, 58, 77],
[4, 33, 52, 99],
[5, 27, 74, 95],
[6, 49, 70, 94],
[7, 45, 69, 86],
[8, 44, 61, 90, 104],
[9, 36, 65, 79],
[10, 40, 54, 93, 105],
[11, 29, 68, 80],
[12, 43, 55, 92],
[13, 30, 67, 89],
[14, 42, 64, 98, 101],
[15, 39, 73, 76, 106],
[16, 48, 51, 81],
[17, 26, 56, 84],
[18, 31, 59, 91, 107],
[19, 34, 66, 82],
[20, 41, 57, 88],
[21, 32, 63, 96, 100],
[22, 38, 71, 75],
[23, 46, 50, 85, 103],
[24, 25, 60, 78]],

[[0, 38, 63, 88],
[1, 25, 61, 79],
[2, 36, 54, 98],
[3, 29, 73, 84, 103],
[4, 48, 59, 78, 101],
[5, 34, 53, 76],
[6, 28, 51, 96],
[7, 26, 71, 95],
[8, 46, 70, 87],
[9, 45, 62, 91, 105],
[10, 37, 66, 80],
[11, 41, 55, 94, 106],
[12, 30, 69, 81],
[13, 44, 56, 93],
[14, 31, 68, 90],
[15, 43, 65, 99, 102],
[16, 40, 74, 77, 107],
[17, 49, 52, 82],
[18, 27, 57, 85],
[19, 32, 60, 92],
[20, 35, 67, 83],
[21, 42, 58, 89],
[22, 33, 64, 97, 100],
[23, 39, 72, 75],
[24, 47, 50, 86, 104]],

[[0, 39, 64, 89],
[1, 48, 50, 87, 105],
[2, 25, 62, 80],
[3, 37, 55, 99],
[4, 30, 74, 85, 104],
[5, 49, 60, 79, 102],
[6, 35, 54, 77],
[7, 29, 52, 97],
[8, 27, 72, 96],
[9, 47, 71, 88],
[10, 46, 63, 92, 106],
[11, 38, 67, 81],
[12, 42, 56, 95, 107],
[13, 31, 70, 82],
[14, 45, 57, 94],
[15, 32, 69, 91, 101],
[16, 44, 66, 76, 103],
[17, 41, 51, 78],
[18, 26, 53, 83],
[19, 28, 58, 86],
[20, 33, 61, 93],
[21, 36, 68, 84],
[22, 43, 59, 90],
[23, 34, 65, 98, 100],
[24, 40, 73, 75]],

[[0, 40, 65, 90],
[1, 41, 74, 75],
[2, 49, 50, 88, 106],
[3, 25, 63, 81, 101],
[4, 38, 56, 76],
[5, 31, 51, 86, 105],
[6, 26, 61, 80, 103],
[7, 36, 55, 78],
[8, 30, 53, 98],
[9, 28, 73, 97],
[10, 48, 72, 89],
[11, 47, 64, 93, 107],
[12, 39, 68, 82],
[13, 43, 57, 96],
[14, 32, 71, 83],
[15, 46, 58, 95],
[16, 33, 70, 92, 102],
[17, 45, 67, 77, 104],
[18, 42, 52, 79],
[19, 27, 54, 84],
[20, 29, 59, 87],
[21, 34, 62, 94],
[22, 37, 69, 85],
[23, 44, 60, 91],
[24, 35, 66, 99, 100]],

[[0, 41, 66, 91],
[1, 36, 67, 76, 100],
[2, 42, 51, 75],
[3, 26, 50, 89, 107],
[4, 25, 64, 82, 102],
[5, 39, 57, 77],
[6, 32, 52, 87, 106],
[7, 27, 62, 81, 104],
[8, 37, 56, 79],
[9, 31, 54, 99],
[10, 29, 74, 98],
[11, 49, 73, 90],
[12, 48, 65, 94],
[13, 40, 69, 83],
[14, 44, 58, 97],
[15, 33, 72, 84],
[16, 47, 59, 96],
[17, 34, 71, 93, 103],
[18, 46, 68, 78, 105],
[19, 43, 53, 80],
[20, 28, 55, 85],
[21, 30, 60, 88],
[22, 35, 63, 95],
[23, 38, 70, 86],
[24, 45, 61, 92, 101]],

[[0, 42, 67, 92],
[1, 46, 62, 93, 102],
[2, 37, 68, 77, 100],
[3, 43, 52, 75],
[4, 27, 50, 90],
[5, 25, 65, 83, 103],
[6, 40, 58, 78],
[7, 33, 53, 88, 107],
[8, 28, 63, 82, 105],
[9, 38, 57, 80, 101],
[10, 32, 55, 76],
[11, 30, 51, 99],
[12, 26, 74, 91],
[13, 49, 66, 95],
[14, 41, 70, 84],
[15, 45, 59, 98],
[16, 34, 73, 85],
[17, 48, 60, 97],
[18, 35, 72, 94, 104],
[19, 47, 69, 79, 106],
[20, 44, 54, 81],
[21, 29, 56, 86],
[22, 31, 61, 89],
[23, 36, 64, 96],
[24, 39, 71, 87]],

[[0, 43, 68, 93],
[1, 40, 72, 88],
[2, 47, 63, 94, 103],
[3, 38, 69, 78, 100],
[4, 44, 53, 75],
[5, 28, 50, 91],
[6, 25, 66, 84, 104],
[7, 41, 59, 79],
[8, 34, 54, 89],
[9, 29, 64, 83, 106],
[10, 39, 58, 81, 102],
[11, 33, 56, 77, 101],
[12, 31, 52, 76],
[13, 27, 51, 92],
[14, 26, 67, 96],
[15, 42, 71, 85],
[16, 46, 60, 99],
[17, 35, 74, 86],
[18, 49, 61, 98],
[19, 36, 73, 95, 105],
[20, 48, 70, 80, 107],
[21, 45, 55, 82],
[22, 30, 57, 87],
[23, 32, 62, 90],
[24, 37, 65, 97]],

[[0, 44, 69, 94],
[1, 38, 66, 98],
[2, 41, 73, 89],
[3, 48, 64, 95, 104],
[4, 39, 70, 79, 100],
[5, 45, 54, 75],
[6, 29, 50, 92],
[7, 25, 67, 85, 105],
[8, 42, 60, 80],
[9, 35, 55, 90],
[10, 30, 65, 84, 107],
[11, 40, 59, 82, 103],
[12, 34, 57, 78, 102],
[13, 32, 53, 77],
[14, 28, 52, 93],
[15, 27, 68, 97],
[16, 43, 72, 86, 101],
[17, 47, 61, 76],
[18, 36, 51, 87],
[19, 26, 62, 99],
[20, 37, 74, 96, 106],
[21, 49, 71, 81],
[22, 46, 56, 83],
[23, 31, 58, 88],
[24, 33, 63, 91]],

[[0, 45, 70, 95],
[1, 34, 64, 92],
[2, 39, 67, 99],
[3, 42, 74, 90],
[4, 49, 65, 96, 105],
[5, 40, 71, 80, 100],
[6, 46, 55, 75],
[7, 30, 50, 93],
[8, 25, 68, 86, 106],
[9, 43, 61, 81],
[10, 36, 56, 91],
[11, 31, 66, 85],
[12, 41, 60, 83, 104],
[13, 35, 58, 79, 103],
[14, 33, 54, 78],
[15, 29, 53, 94],
[16, 28, 69, 98],
[17, 44, 73, 87, 102],
[18, 48, 62, 77],
[19, 37, 52, 88, 101],
[20, 27, 63, 76],
[21, 38, 51, 97, 107],
[22, 26, 72, 82],
[23, 47, 57, 84],
[24, 32, 59, 89]],

[[0, 46, 71, 96],
[1, 33, 60, 90],
[2, 35, 65, 93, 101],
[3, 40, 68, 76],
[4, 43, 51, 91],
[5, 26, 66, 97, 106],
[6, 41, 72, 81, 100],
[7, 47, 56, 75],
[8, 31, 50, 94],
[9, 25, 69, 87, 107],
[10, 44, 62, 82],
[11, 37, 57, 92],
[12, 32, 67, 86],
[13, 42, 61, 84, 105],
[14, 36, 59, 80, 104],
[15, 34, 55, 79],
[16, 30, 54, 95],
[17, 29, 70, 99],
[18, 45, 74, 88, 103],
[19, 49, 63, 78],
[20, 38, 53, 89, 102],
[21, 28, 64, 77],
[22, 39, 52, 98],
[23, 27, 73, 83],
[24, 48, 58, 85]],

[[0, 47, 72, 97],
[1, 49, 59, 86],
[2, 34, 61, 91],
[3, 36, 66, 94, 102],
[4, 41, 69, 77],
[5, 44, 52, 92],
[6, 27, 67, 98, 107],
[7, 42, 73, 82, 100],
[8, 48, 57, 75],
[9, 32, 50, 95],
[10, 25, 70, 88],
[11, 45, 63, 83],
[12, 38, 58, 93],
[13, 33, 68, 87],
[14, 43, 62, 85, 106],
[15, 37, 60, 81, 105],
[16, 35, 56, 80],
[17, 31, 55, 96, 101],
[18, 30, 71, 76],
[19, 46, 51, 89, 104],
[20, 26, 64, 79],
[21, 39, 54, 90, 103],
[22, 29, 65, 78],
[23, 40, 53, 99],
[24, 28, 74, 84]],

[[0, 48, 73, 98],
[1, 29, 51, 85],
[2, 26, 60, 87],
[3, 35, 62, 92],
[4, 37, 67, 95, 103],
[5, 42, 70, 78],
[6, 45, 53, 93],
[7, 28, 68, 99],
[8, 43, 74, 83, 100],
[9, 49, 58, 75],
[10, 33, 50, 96],
[11, 25, 71, 89],
[12, 46, 64, 84],
[13, 39, 59, 94],
[14, 34, 69, 88],
[15, 44, 63, 86, 107],
[16, 38, 61, 82, 106],
[17, 36, 57, 81],
[18, 32, 56, 97, 102],
[19, 31, 72, 77],
[20, 47, 52, 90, 105],
[21, 27, 65, 80],
[22, 40, 55, 91, 104],
[23, 30, 66, 79, 101],
[24, 41, 54, 76]],

[[0, 49, 74, 99],
[1, 42, 55, 77],
[2, 30, 52, 86],
[3, 27, 61, 88],
[4, 36, 63, 93],
[5, 38, 68, 96, 104],
[6, 43, 71, 79],
[7, 46, 54, 94, 101],
[8, 29, 69, 76],
[9, 44, 51, 84, 100],
[10, 26, 59, 75],
[11, 34, 50, 97],
[12, 25, 72, 90],
[13, 47, 65, 85],
[14, 40, 60, 95],
[15, 35, 70, 89],
[16, 45, 64, 87],
[17, 39, 62, 83, 107],
[18, 37, 58, 82],
[19, 33, 57, 98, 103],
[20, 32, 73, 78],
[21, 48, 53, 91, 106],
[22, 28, 66, 81],
[23, 41, 56, 92, 105],
[24, 31, 67, 80, 102]]]