[[[0,22,44,66,87],
[1,25,51,70,97],
[9,36,61,74,105],
[11,27,48,68,106],
[14,29,57,75,107],
[10,41,46,77,102],
[3,35,63,71,100],
[12,40,58,86,92],
[15,43,50,67,99],
[8,31,55,80,98],
[13,34,54,85],
[5,30,62,84,96],
[21,32,49,82,91],
[19,33,45,72,95],
[16,26,56,78,101],
[6,24,65,94],
[18,38,64,79,93],
[7,37,60,83,90],
[17,42,59,73,88],
[4,23,52,81,103],
[20,39,53,69,89],
[2,28,47,76,104]],

[[3,29,48,77,87],
[1,23,45,67,88],
[2,26,52,71,98],
[10,37,62,75,105],
[12,28,49,69,106],
[15,30,58,76,107],
[11,41,47,103],
[4,36,63,72,101],
[13,22,59,86,93],
[16,43,51,68,100],
[9,32,56,81,99],
[14,35,55,85,95],
[6,31,44,84,97],
[21,33,50,83,92],
[19,34,46,73,96],
[17,27,57,79,102],
[7,25,65,78],
[0,39,64,80,94],
[8,38,61,66,91],
[18,42,60,74,89],
[5,24,53,82,104],
[20,40,54,70,90]],

[[20,22,55,71,91],
[4,30,49,88],
[2,24,46,68,89],
[3,27,53,72,99],
[11,38,44,76,105],
[13,29,50,70,106],
[16,31,59,77,107],
[12,41,48,78,104],
[5,37,63,73,102],
[14,23,60,86,94],
[17,43,52,69,101],
[10,33,57,82,100],
[15,36,56,85,96],
[7,32,45,84,98],
[21,34,51,66,93],
[19,35,47,74,97],
[18,28,58,80,103],
[8,26,65,79,95],
[1,40,64,81],
[9,39,62,67,92],
[0,42,61,75,90],
[6,25,54,83,87]],

[[7,26,55,66,88],
[20,23,56,72,92],
[5,31,50,78,89],
[3,25,47,69,90],
[4,28,54,73,100],
[12,39,45,77,105],
[14,30,51,71,106],
[17,32,60,107],
[13,41,49,79,87],
[6,38,63,74,103],
[15,24,61,86],
[18,43,53,70,102],
[11,34,58,83,101],
[16,37,57,85,97],
[8,33,46,84,99],
[21,35,52,67,94],
[19,36,48,75,98],
[0,29,59,81,104],
[9,27,65,80,96],
[2,22,64,82,95],
[10,40,44,68,93],
[1,42,62,76,91]],

[[11,22,45,69,94],
[2,42,44,77,92],
[8,27,56,67,89],
[20,24,57,73,93],
[6,32,51,79,90],
[4,26,48,70,91],
[5,29,55,74,101],
[13,40,46,105],
[15,31,52,72,106],
[18,33,61,78,107],
[14,41,50,80,88],
[7,39,63,75,104],
[16,25,62,86,95],
[0,43,54,71,103],
[12,35,59,66,102],
[17,38,58,85,98],
[9,34,47,84,100],
[21,36,53,68],
[19,37,49,76,99],
[1,30,60,82,87],
[10,28,65,81,97],
[3,23,64,83,96]],

[[4,24,64,66,97],
[12,23,46,70],
[3,42,45,93],
[9,28,57,68,90],
[20,25,58,74,94],
[7,33,52,80,91],
[5,27,49,71,92],
[6,30,56,75,102],
[14,22,47,78,105],
[16,32,53,73,106],
[0,34,62,79,107],
[15,41,51,81,89],
[8,40,63,76,87],
[17,26,44,86,96],
[1,43,55,72,104],
[13,36,60,67,103],
[18,39,59,85,99],
[10,35,48,84,101],
[21,37,54,69,95],
[19,38,50,77,100],
[2,31,61,83,88],
[11,29,65,82,98]],

[[5,25,64,67,98],
[13,24,47,71,95],
[4,42,46,78,94],
[10,29,58,69,91],
[20,26,59,75],
[8,34,53,81,92],
[6,28,50,72,93],
[7,31,57,76,103],
[15,23,48,79,105],
[17,33,54,74,106],
[1,35,44,80,107],
[16,41,52,82,90],
[9,22,63,77,88],
[18,27,45,86,97],
[2,43,56,73,87],
[14,37,61,68,104],
[0,40,60,85,100],
[11,36,49,84,102],
[21,38,55,70,96],
[19,39,51,101],
[3,32,62,66,89],
[12,30,65,83,99]],

[[4,33,44,67,90],
[13,31,65,66,100],
[6,26,64,68,99],
[14,25,48,72,96],
[5,42,47,79],
[11,30,59,70,92],
[20,27,60,76,95],
[9,35,54,82,93],
[7,29,51,73,94],
[8,32,58,77,104],
[16,24,49,80,105],
[18,34,55,75,106],
[2,36,45,81,107],
[17,41,53,83,91],
[10,23,63,89],
[0,28,46,86,98],
[3,43,57,74,88],
[15,38,62,69,87],
[1,22,61,85,101],
[12,37,50,84,103],
[21,39,56,71,97],
[19,40,52,78,102]],

[[19,22,53,79,103],
[5,34,45,68,91],
[14,32,65,67,101],
[7,27,64,69,100],
[15,26,49,73,97],
[6,42,48,80,95],
[12,31,60,71,93],
[20,28,61,77,96],
[10,36,55,83,94],
[8,30,52,74],
[9,33,59,87],
[17,25,50,81,105],
[0,35,56,76,106],
[3,37,46,82,107],
[18,41,54,66,92],
[11,24,63,78,90],
[1,29,47,86,99],
[4,43,58,75,89],
[16,39,44,70,88],
[2,23,62,85,102],
[13,38,51,84,104],
[21,40,57,72,98]],

[[14,39,52,84,87],
[21,22,58,73,99],
[19,23,54,80,104],
[6,35,46,69,92],
[15,33,65,68,102],
[8,28,64,70,101],
[16,27,50,74,98],
[7,42,49,81,96],
[13,32,61,72,94],
[20,29,62,97],
[11,37,56,66],
[9,31,53,75,95],
[10,34,60,78,88],
[18,26,51,82,105],
[1,36,57,77,106],
[4,38,47,83,107],
[0,41,55,67,93],
[12,25,63,79,91],
[2,30,48,86,100],
[5,43,59,76,90],
[17,40,45,71,89],
[3,24,44,85,103]],

[[15,40,53,84,88],
[21,23,59,74,100],
[19,24,55,81,87],
[7,36,47,70,93],
[16,34,65,69,103],
[9,29,64,71,102],
[17,28,51,75,99],
[8,42,50,82,97],
[14,33,62,73],
[20,30,44,78,98],
[12,38,57,67,95],
[10,32,54,76,96],
[11,35,61,79,89],
[0,27,52,83,105],
[2,37,58,106],
[5,39,48,66,107],
[1,41,56,68,94],
[13,26,63,80,92],
[3,31,49,86,101],
[6,43,60,77,91],
[18,22,46,72,90],
[4,25,45,85,104]],

[[0,23,47,73,91],
[5,26,46,85,87],
[16,22,54,84,89],
[21,24,60,75,101],
[19,25,56,82,88],
[8,37,48,71,94],
[17,35,65,70,104],
[10,30,64,72,103],
[18,29,52,76,100],
[9,42,51,83,98],
[15,34,44,74,95],
[20,31,45,79,99],
[13,39,58,68,96],
[11,33,55,77,97],
[12,36,62,80,90],
[1,28,53,66,105],
[3,38,59,78,106],
[6,40,49,67,107],
[2,41,57,69],
[14,27,63,81,93],
[4,32,50,86,102],
[7,43,61,92]],

[[1,24,48,74,92],
[6,27,47,85,88],
[17,23,55,84,90],
[21,25,61,76,102],
[19,26,57,83,89],
[9,38,49,72],
[18,36,65,71,87],
[11,31,64,73,104],
[0,30,53,77,101],
[10,42,52,66,99],
[16,35,45,75,96],
[20,32,46,80,100],
[14,40,59,69,97],
[12,34,56,98],
[13,37,44,81,91],
[2,29,54,67,105],
[4,39,60,79,106],
[7,22,50,68,107],
[3,41,58,70,95],
[15,28,63,82,94],
[5,33,51,86,103],
[8,43,62,78,93]],

[[9,43,44,79,94],
[2,25,49,75,93],
[7,28,48,85,89],
[18,24,56,84,91],
[21,26,62,77,103],
[19,27,58,66,90],
[10,39,50,73,95],
[0,37,65,72,88],
[12,32,64,74,87],
[1,31,54,102],
[11,42,53,67,100],
[17,36,46,76,97],
[20,33,47,81,101],
[15,22,60,70,98],
[13,35,57,78,99],
[14,38,45,82,92],
[3,30,55,68,105],
[5,40,61,80,106],
[8,23,51,69,107],
[4,41,59,71,96],
[16,29,63,83],
[6,34,52,86,104]],

[[17,30,63,66,95],
[7,35,53,86,87],
[10,43,45,80],
[3,26,50,76,94],
[8,29,49,85,90],
[0,25,57,84,92],
[21,27,44,104],
[19,28,59,67,91],
[11,40,51,74,96],
[1,38,65,73,89],
[13,33,64,75,88],
[2,32,55,78,103],
[12,42,54,68,101],
[18,37,47,77,98],
[20,34,48,82,102],
[16,23,61,71,99],
[14,36,58,79,100],
[15,39,46,83,93],
[4,31,56,69,105],
[6,22,62,81,106],
[9,24,52,70,107],
[5,41,60,72,97]],

[[18,31,63,67,96],
[8,36,54,86,88],
[11,43,46,81,95],
[4,27,51,77],
[9,30,50,85,91],
[1,26,58,84,93],
[21,28,45,78,87],
[19,29,60,68,92],
[12,22,52,75,97],
[2,39,65,74,90],
[14,34,64,76,89],
[3,33,56,79,104],
[13,42,55,69,102],
[0,38,48,99],
[20,35,49,83,103],
[17,24,62,72,100],
[15,37,59,80,101],
[16,40,47,66,94],
[5,32,57,70,105],
[7,23,44,82,106],
[10,25,53,71,107],
[6,41,61,73,98]],

[[0,32,63,68,97],
[9,37,55,86,89],
[12,43,47,82,96],
[5,28,52,95],
[10,31,51,85,92],
[2,27,59,84,94],
[21,29,46,79,88],
[19,30,61,69,93],
[13,23,53,76,98],
[3,40,65,75,91],
[15,35,64,77,90],
[4,34,57,80,87],
[14,42,56,70,103],
[1,39,49,78,100],
[20,36,50,66,104],
[18,25,44,73,101],
[16,38,60,81,102],
[17,22,48,67],
[6,33,58,71,105],
[8,24,45,83,106],
[11,26,54,72,107],
[7,41,62,74,99]],

[[8,41,44,75,100],
[1,33,63,69,98],
[10,38,56,86,90],
[13,43,48,83,97],
[6,29,53,78,96],
[11,32,52,85,93],
[3,28,60,84],
[21,30,47,80,89],
[19,31,62,70,94],
[14,24,54,77,99],
[4,22,65,76,92],
[16,36,64,91],
[5,35,58,81,88],
[15,42,57,71,104],
[2,40,50,79,101],
[20,37,51,67,87],
[0,26,45,74,102],
[17,39,61,82,103],
[18,23,49,68,95],
[7,34,59,72,105],
[9,25,46,66,106],
[12,27,55,73,107]],

[[9,41,45,76,101],
[2,34,63,70,99],
[11,39,57,86,91],
[14,43,49,66,98],
[7,30,54,79,97],
[12,33,53,85,94],
[4,29,61,84,95],
[21,31,48,81,90],
[19,32,44,71],
[15,25,55,100],
[5,23,65,77,93],
[17,37,64,78,92],
[6,36,59,82,89],
[16,42,58,72,87],
[3,22,51,80,102],
[20,38,52,68,88],
[1,27,46,75,103],
[18,40,62,83,104],
[0,24,50,69,96],
[8,35,60,73,105],
[10,26,47,67,106],
[13,28,56,74,107]]
]
