[[[0,22,44,65,86],
[1,25,50,69,96],
[9,36,60,73,104],
[11,27,48,67,105],
[14,29,56,74,106],
[10,41,46,76,101],
[3,35,62,70,99],
[12,40,57,85,91],
[15,43,66,98],
[8,31,54,79,97],
[13,34,53,84],
[5,30,61,83,95],
[21,32,49,81,90],
[19,33,45,71,94],
[16,26,55,77,100],
[6,24,64,93],
[18,38,63,78,92],
[7,37,59,82,89],
[17,42,58,72,87],
[4,23,51,80,102],
[20,39,52,68,88],
[2,28,47,75,103]],

[[3,29,48,76,86],
[1,23,45,66,87],
[2,26,51,70,97],
[10,37,61,74,104],
[12,28,49,68,105],
[15,30,57,75,106],
[11,41,47,102],
[4,36,62,71,100],
[13,22,58,85,92],
[16,43,50,67,99],
[9,32,55,80,98],
[14,35,54,84,94],
[6,31,44,83,96],
[21,33,82,91],
[19,34,46,72,95],
[17,27,56,78,101],
[7,25,64,77],
[0,39,63,79,93],
[8,38,60,65,90],
[18,42,59,73,88],
[5,24,52,81,103],
[20,40,53,69,89]],

[[20,22,54,70,90],
[4,30,49,87],
[2,24,46,67,88],
[3,27,52,71,98],
[11,38,44,75,104],
[13,29,69,105],
[16,31,58,76,106],
[12,41,48,77,103],
[5,37,62,72,101],
[14,23,59,85,93],
[17,43,51,68,100],
[10,33,56,81,99],
[15,36,55,84,95],
[7,32,45,83,97],
[21,34,50,65,92],
[19,35,47,73,96],
[18,28,57,79,102],
[8,26,64,78,94],
[1,40,63,80],
[9,39,61,66,91],
[0,42,60,74,89],
[6,25,53,82,86]],

[[7,26,54,65,87],
[20,23,55,71,91],
[5,31,77,88],
[3,25,47,68,89],
[4,28,53,72,99],
[12,39,45,76,104],
[14,30,50,70,105],
[17,32,59,106],
[13,41,49,78,86],
[6,38,62,73,102],
[15,24,60,85],
[18,43,52,69,101],
[11,34,57,82,100],
[16,37,56,84,96],
[8,33,46,83,98],
[21,35,51,66,93],
[19,36,48,74,97],
[0,29,58,80,103],
[9,27,64,79,95],
[2,22,63,81,94],
[10,40,44,67,92],
[1,42,61,75,90]],

[[11,22,45,68,93],
[2,42,44,76,91],
[8,27,55,66,88],
[20,24,56,72,92],
[6,32,50,78,89],
[4,26,48,69,90],
[5,29,54,73,100],
[13,40,46,104],
[15,31,51,71,105],
[18,33,60,77,106],
[14,41,79,87],
[7,39,62,74,103],
[16,25,61,85,94],
[0,43,53,70,102],
[12,35,58,65,101],
[17,38,57,84,97],
[9,34,47,83,99],
[21,36,52,67],
[19,37,49,75,98],
[1,30,59,81,86],
[10,28,64,80,96],
[3,23,63,82,95]],

[[4,24,63,65,96],
[12,23,46,69],
[3,42,45,92],
[9,28,56,67,89],
[20,25,57,73,93],
[7,33,51,79,90],
[5,27,49,70,91],
[6,30,55,74,101],
[14,22,47,77,104],
[16,32,52,72,105],
[0,34,61,78,106],
[15,41,50,80,88],
[8,40,62,75,86],
[17,26,44,85,95],
[1,43,54,71,103],
[13,36,59,66,102],
[18,39,58,84,98],
[10,35,48,83,100],
[21,37,53,68,94],
[19,38,76,99],
[2,31,60,82,87],
[11,29,64,81,97]],

[[5,25,63,66,97],
[13,24,47,70,94],
[4,42,46,77,93],
[10,29,57,68,90],
[20,26,58,74],
[8,34,52,80,91],
[6,28,71,92],
[7,31,56,75,102],
[15,23,48,78,104],
[17,33,53,73,105],
[1,35,44,79,106],
[16,41,51,81,89],
[9,22,62,76,87],
[18,27,45,85,96],
[2,43,55,72,86],
[14,37,60,67,103],
[0,40,59,84,99],
[11,36,49,83,101],
[21,38,54,69,95],
[19,39,50,100],
[3,32,61,65,88],
[12,30,64,82,98]],

[[4,33,44,66,89],
[13,31,64,65,99],
[6,26,63,67,98],
[14,25,48,71,95],
[5,42,47,78],
[11,30,58,69,91],
[20,27,59,75,94],
[9,35,53,81,92],
[7,29,50,72,93],
[8,32,57,76,103],
[16,24,49,79,104],
[18,34,54,74,105],
[2,36,45,80,106],
[17,41,52,82,90],
[10,23,62,88],
[0,28,46,85,97],
[3,43,56,73,87],
[15,38,61,68,86],
[1,22,60,84,100],
[12,37,83,102],
[21,39,55,70,96],
[19,40,51,77,101]],

[[19,22,52,78,102],
[5,34,45,67,90],
[14,32,64,66,100],
[7,27,63,68,99],
[15,26,49,72,96],
[6,42,48,79,94],
[12,31,59,70,92],
[20,28,60,76,95],
[10,36,54,82,93],
[8,30,51,73],
[9,33,58,86],
[17,25,80,104],
[0,35,55,75,105],
[3,37,46,81,106],
[18,41,53,65,91],
[11,24,62,77,89],
[1,29,47,85,98],
[4,43,57,74,88],
[16,39,44,69,87],
[2,23,61,84,101],
[13,38,50,83,103],
[21,40,56,71,97]],

[[14,39,51,83,86],
[21,22,57,72,98],
[19,23,53,79,103],
[6,35,46,68,91],
[15,33,64,67,101],
[8,28,63,69,100],
[16,27,73,97],
[7,42,49,80,95],
[13,32,60,71,93],
[20,29,61,96],
[11,37,55,65],
[9,31,52,74,94],
[10,34,59,77,87],
[18,26,50,81,104],
[1,36,56,76,105],
[4,38,47,82,106],
[0,41,54,66,92],
[12,25,62,78,90],
[2,30,48,85,99],
[5,43,58,75,89],
[17,40,45,70,88],
[3,24,44,84,102]],

[[15,40,52,83,87],
[21,23,58,73,99],
[19,24,54,80,86],
[7,36,47,69,92],
[16,34,64,68,102],
[9,29,63,70,101],
[17,28,50,74,98],
[8,42,81,96],
[14,33,61,72],
[20,30,44,77,97],
[12,38,56,66,94],
[10,32,53,75,95],
[11,35,60,78,88],
[0,27,51,82,104],
[2,37,57,105],
[5,39,48,65,106],
[1,41,55,67,93],
[13,26,62,79,91],
[3,31,49,85,100],
[6,43,59,76,90],
[18,22,46,71,89],
[4,25,45,84,103]],

[[0,23,47,72,90],
[5,26,46,84,86],
[16,22,53,83,88],
[21,24,59,74,100],
[19,25,55,81,87],
[8,37,48,70,93],
[17,35,64,69,103],
[10,30,63,71,102],
[18,29,51,75,99],
[9,42,50,82,97],
[15,34,44,73,94],
[20,31,45,78,98],
[13,39,57,67,95],
[11,33,54,76,96],
[12,36,61,79,89],
[1,28,52,65,104],
[3,38,58,77,105],
[6,40,49,66,106],
[2,41,56,68],
[14,27,62,80,92],
[4,32,85,101],
[7,43,60,91]],

[[1,24,48,73,91],
[6,27,47,84,87],
[17,23,54,83,89],
[21,25,60,75,101],
[19,26,56,82,88],
[9,38,49,71],
[18,36,64,70,86],
[11,31,63,72,103],
[0,30,52,76,100],
[10,42,51,65,98],
[16,35,45,74,95],
[20,32,46,79,99],
[14,40,58,68,96],
[12,34,55,97],
[13,37,44,80,90],
[2,29,53,66,104],
[4,39,59,78,105],
[7,22,67,106],
[3,41,57,69,94],
[15,28,62,81,93],
[5,33,50,85,102],
[8,43,61,77,92]],

[[9,43,44,78,93],
[2,25,49,74,92],
[7,28,48,84,88],
[18,24,55,83,90],
[21,26,61,76,102],
[19,27,57,65,89],
[10,39,72,94],
[0,37,64,71,87],
[12,32,63,73,86],
[1,31,53,101],
[11,42,52,66,99],
[17,36,46,75,96],
[20,33,47,80,100],
[15,22,59,69,97],
[13,35,56,77,98],
[14,38,45,81,91],
[3,30,54,67,104],
[5,40,60,79,105],
[8,23,50,68,106],
[4,41,58,70,95],
[16,29,62,82],
[6,34,51,85,103]],

[[17,30,62,65,94],
[7,35,52,85,86],
[10,43,45,79],
[3,26,75,93],
[8,29,49,84,89],
[0,25,56,83,91],
[21,27,44,103],
[19,28,58,66,90],
[11,40,50,73,95],
[1,38,64,72,88],
[13,33,63,74,87],
[2,32,54,77,102],
[12,42,53,67,100],
[18,37,47,76,97],
[20,34,48,81,101],
[16,23,60,70,98],
[14,36,57,78,99],
[15,39,46,82,92],
[4,31,55,68,104],
[6,22,61,80,105],
[9,24,51,69,106],
[5,41,59,71,96]],

[[18,31,62,66,95],
[8,36,53,85,87],
[11,43,46,80,94],
[4,27,50,76],
[9,30,84,90],
[1,26,57,83,92],
[21,28,45,77,86],
[19,29,59,67,91],
[12,22,51,74,96],
[2,39,64,73,89],
[14,34,63,75,88],
[3,33,55,78,103],
[13,42,54,68,101],
[0,38,48,98],
[20,35,49,82,102],
[17,24,61,71,99],
[15,37,58,79,100],
[16,40,47,65,93],
[5,32,56,69,104],
[7,23,44,81,105],
[10,25,52,70,106],
[6,41,60,72,97]],

[[0,32,62,67,96],
[9,37,54,85,88],
[12,43,47,81,95],
[5,28,51,94],
[10,31,50,84,91],
[2,27,58,83,93],
[21,29,46,78,87],
[19,30,60,68,92],
[13,23,52,75,97],
[3,40,64,74,90],
[15,35,63,76,89],
[4,34,56,79,86],
[14,42,55,69,102],
[1,39,49,77,99],
[20,36,65,103],
[18,25,44,72,100],
[16,38,59,80,101],
[17,22,48,66],
[6,33,57,70,104],
[8,24,45,82,105],
[11,26,53,71,106],
[7,41,61,73,98]],

[[8,41,44,74,99],
[1,33,62,68,97],
[10,38,55,85,89],
[13,43,48,82,96],
[6,29,52,77,95],
[11,32,51,84,92],
[3,28,59,83],
[21,30,47,79,88],
[19,31,61,69,93],
[14,24,53,76,98],
[4,22,64,75,91],
[16,36,63,90],
[5,35,57,80,87],
[15,42,56,70,103],
[2,40,78,100],
[20,37,50,66,86],
[0,26,45,73,101],
[17,39,60,81,102],
[18,23,49,67,94],
[7,34,58,71,104],
[9,25,46,65,105],
[12,27,54,72,106]],

[[9,41,45,75,100],
[2,34,62,69,98],
[11,39,56,85,90],
[14,43,49,65,97],
[7,30,53,78,96],
[12,33,52,84,93],
[4,29,60,83,94],
[21,31,48,80,89],
[19,32,44,70],
[15,25,54,99],
[5,23,64,76,92],
[17,37,63,77,91],
[6,36,58,81,88],
[16,42,57,71,86],
[3,22,50,79,101],
[20,38,51,67,87],
[1,27,46,74,102],
[18,40,61,82,103],
[0,24,68,95],
[8,35,59,72,104],
[10,26,47,66,105],
[13,28,55,73,106]]

]
