[[[0,22,44,66,88],
[1,25,51,70,98],
[9,36,61,74,106],
[11,27,48,68,107],
[14,29,57,75,108],
[10,41,46,77,103],
[3,35,63,71,101],
[12,40,58,87,93],
[15,43,50,67,100],
[8,31,55,81,99],
[13,34,54,86],
[5,30,62,85,97],
[21,32,49,83,92],
[19,33,45,72,96],
[16,26,56,79,102],
[6,24,65,78,95],
[18,38,64,80,94],
[7,37,60,84,91],
[17,42,59,73,89],
[4,23,52,82,104],
[20,39,53,69,90],
[2,28,47,76,105]],

[[3,29,48,77,88],
[1,23,45,67,89],
[2,26,52,71,99],
[10,37,62,75,106],
[12,28,49,69,107],
[15,30,58,76,108],
[11,41,47,78,104],
[4,36,63,72,102],
[13,22,59,87,94],
[16,43,51,68,101],
[9,32,56,82,100],
[14,35,55,86,96],
[6,31,44,85,98],
[21,33,50,84,93],
[19,34,46,73,97],
[17,27,57,80,103],
[7,25,65,79],
[0,39,64,81,95],
[8,38,61,66,92],
[18,42,60,74,90],
[5,24,53,83,105],
[20,40,54,70,91]],

[[20,22,55,71,92],
[4,30,49,78,89],
[2,24,46,68,90],
[3,27,53,72,100],
[11,38,44,76,106],
[13,29,50,70,107],
[16,31,59,77,108],
[12,41,48,79,105],
[5,37,63,73,103],
[14,23,60,87,95],
[17,43,52,69,102],
[10,33,57,83,101],
[15,36,56,86,97],
[7,32,45,85,99],
[21,34,51,66,94],
[19,35,47,74,98],
[18,28,58,81,104],
[8,26,65,80,96],
[1,40,64,82],
[9,39,62,67,93],
[0,42,61,75,91],
[6,25,54,84,88]],

[[7,26,55,66,89],
[20,23,56,72,93],
[5,31,50,79,90],
[3,25,47,69,91],
[4,28,54,73,101],
[12,39,45,77,106],
[14,30,51,71,107],
[17,32,60,78,108],
[13,41,49,80,88],
[6,38,63,74,104],
[15,24,61,87],
[18,43,53,70,103],
[11,34,58,84,102],
[16,37,57,86,98],
[8,33,46,85,100],
[21,35,52,67,95],
[19,36,48,75,99],
[0,29,59,82,105],
[9,27,65,81,97],
[2,22,64,83,96],
[10,40,44,68,94],
[1,42,62,76,92]],

[[11,22,45,69,95],
[2,42,44,77,93],
[8,27,56,67,90],
[20,24,57,73,94],
[6,32,51,80,91],
[4,26,48,70,92],
[5,29,55,74,102],
[13,40,46,78,106],
[15,31,52,72,107],
[18,33,61,79,108],
[14,41,50,81,89],
[7,39,63,75,105],
[16,25,62,87,96],
[0,43,54,71,104],
[12,35,59,66,103],
[17,38,58,86,99],
[9,34,47,85,101],
[21,36,53,68],
[19,37,49,76,100],
[1,30,60,83,88],
[10,28,65,82,98],
[3,23,64,84,97]],

[[4,24,64,66,98],
[12,23,46,70],
[3,42,45,78,94],
[9,28,57,68,91],
[20,25,58,74,95],
[7,33,52,81,92],
[5,27,49,71,93],
[6,30,56,75,103],
[14,22,47,79,106],
[16,32,53,73,107],
[0,34,62,80,108],
[15,41,51,82,90],
[8,40,63,76,88],
[17,26,44,87,97],
[1,43,55,72,105],
[13,36,60,67,104],
[18,39,59,86,100],
[10,35,48,85,102],
[21,37,54,69,96],
[19,38,50,77,101],
[2,31,61,84,89],
[11,29,65,83,99]],

[[5,25,64,67,99],
[13,24,47,71,96],
[4,42,46,79,95],
[10,29,58,69,92],
[20,26,59,75],
[8,34,53,82,93],
[6,28,50,72,94],
[7,31,57,76,104],
[15,23,48,80,106],
[17,33,54,74,107],
[1,35,44,81,108],
[16,41,52,83,91],
[9,22,63,77,89],
[18,27,45,87,98],
[2,43,56,73,88],
[14,37,61,68,105],
[0,40,60,86,101],
[11,36,49,85,103],
[21,38,55,70,97],
[19,39,51,78,102],
[3,32,62,66,90],
[12,30,65,84,100]],

[[4,33,44,67,91],
[13,31,65,66,101],
[6,26,64,68,100],
[14,25,48,72,97],
[5,42,47,80],
[11,30,59,70,93],
[20,27,60,76,96],
[9,35,54,83,94],
[7,29,51,73,95],
[8,32,58,77,105],
[16,24,49,81,106],
[18,34,55,75,107],
[2,36,45,82,108],
[17,41,53,84,92],
[10,23,63,78,90],
[0,28,46,87,99],
[3,43,57,74,89],
[15,38,62,69,88],
[1,22,61,86,102],
[12,37,50,85,104],
[21,39,56,71,98],
[19,40,52,79,103]],

[[19,22,53,80,104],
[5,34,45,68,92],
[14,32,65,67,102],
[7,27,64,69,101],
[15,26,49,73,98],
[6,42,48,81,96],
[12,31,60,71,94],
[20,28,61,77,97],
[10,36,55,84,95],
[8,30,52,74],
[9,33,59,78,88],
[17,25,50,82,106],
[0,35,56,76,107],
[3,37,46,83,108],
[18,41,54,66,93],
[11,24,63,79,91],
[1,29,47,87,100],
[4,43,58,75,90],
[16,39,44,70,89],
[2,23,62,86,103],
[13,38,51,85,105],
[21,40,57,72,99]],

[[14,39,52,85,88],
[21,22,58,73,100],
[19,23,54,81,105],
[6,35,46,69,93],
[15,33,65,68,103],
[8,28,64,70,102],
[16,27,50,74,99],
[7,42,49,82,97],
[13,32,61,72,95],
[20,29,62,78,98],
[11,37,56,66],
[9,31,53,75,96],
[10,34,60,79,89],
[18,26,51,83,106],
[1,36,57,77,107],
[4,38,47,84,108],
[0,41,55,67,94],
[12,25,63,80,92],
[2,30,48,87,101],
[5,43,59,76,91],
[17,40,45,71,90],
[3,24,44,86,104]],

[[15,40,53,85,89],
[21,23,59,74,101],
[19,24,55,82,88],
[7,36,47,70,94],
[16,34,65,69,104],
[9,29,64,71,103],
[17,28,51,75,100],
[8,42,50,83,98],
[14,33,62,73],
[20,30,44,79,99],
[12,38,57,67,96],
[10,32,54,76,97],
[11,35,61,80,90],
[0,27,52,84,106],
[2,37,58,78,107],
[5,39,48,66,108],
[1,41,56,68,95],
[13,26,63,81,93],
[3,31,49,87,102],
[6,43,60,77,92],
[18,22,46,72,91],
[4,25,45,86,105]],

[[0,23,47,73,92],
[5,26,46,86,88],
[16,22,54,85,90],
[21,24,60,75,102],
[19,25,56,83,89],
[8,37,48,71,95],
[17,35,65,70,105],
[10,30,64,72,104],
[18,29,52,76,101],
[9,42,51,84,99],
[15,34,44,74,96],
[20,31,45,80,100],
[13,39,58,68,97],
[11,33,55,77,98],
[12,36,62,81,91],
[1,28,53,66,106],
[3,38,59,79,107],
[6,40,49,67,108],
[2,41,57,69],
[14,27,63,82,94],
[4,32,50,87,103],
[7,43,61,78,93]],

[[1,24,48,74,93],
[6,27,47,86,89],
[17,23,55,85,91],
[21,25,61,76,103],
[19,26,57,84,90],
[9,38,49,72],
[18,36,65,71,88],
[11,31,64,73,105],
[0,30,53,77,102],
[10,42,52,66,100],
[16,35,45,75,97],
[20,32,46,81,101],
[14,40,59,69,98],
[12,34,56,78,99],
[13,37,44,82,92],
[2,29,54,67,106],
[4,39,60,80,107],
[7,22,50,68,108],
[3,41,58,70,96],
[15,28,63,83,95],
[5,33,51,87,104],
[8,43,62,79,94]],

[[9,43,44,80,95],
[2,25,49,75,94],
[7,28,48,86,90],
[18,24,56,85,92],
[21,26,62,77,104],
[19,27,58,66,91],
[10,39,50,73,96],
[0,37,65,72,89],
[12,32,64,74,88],
[1,31,54,78,103],
[11,42,53,67,101],
[17,36,46,76,98],
[20,33,47,82,102],
[15,22,60,70,99],
[13,35,57,79,100],
[14,38,45,83,93],
[3,30,55,68,106],
[5,40,61,81,107],
[8,23,51,69,108],
[4,41,59,71,97],
[16,29,63,84],
[6,34,52,87,105]],

[[17,30,63,66,96],
[7,35,53,87,88],
[10,43,45,81],
[3,26,50,76,95],
[8,29,49,86,91],
[0,25,57,85,93],
[21,27,44,78,105],
[19,28,59,67,92],
[11,40,51,74,97],
[1,38,65,73,90],
[13,33,64,75,89],
[2,32,55,79,104],
[12,42,54,68,102],
[18,37,47,77,99],
[20,34,48,83,103],
[16,23,61,71,100],
[14,36,58,80,101],
[15,39,46,84,94],
[4,31,56,69,106],
[6,22,62,82,107],
[9,24,52,70,108],
[5,41,60,72,98]],

[[18,31,63,67,97],
[8,36,54,87,89],
[11,43,46,82,96],
[4,27,51,77],
[9,30,50,86,92],
[1,26,58,85,94],
[21,28,45,79,88],
[19,29,60,68,93],
[12,22,52,75,98],
[2,39,65,74,91],
[14,34,64,76,90],
[3,33,56,80,105],
[13,42,55,69,103],
[0,38,48,78,100],
[20,35,49,84,104],
[17,24,62,72,101],
[15,37,59,81,102],
[16,40,47,66,95],
[5,32,57,70,106],
[7,23,44,83,107],
[10,25,53,71,108],
[6,41,61,73,99]],

[[0,32,63,68,98],
[9,37,55,87,90],
[12,43,47,83,97],
[5,28,52,78,96],
[10,31,51,86,93],
[2,27,59,85,95],
[21,29,46,80,89],
[19,30,61,69,94],
[13,23,53,76,99],
[3,40,65,75,92],
[15,35,64,77,91],
[4,34,57,81,88],
[14,42,56,70,104],
[1,39,49,79,101],
[20,36,50,66,105],
[18,25,44,73,102],
[16,38,60,82,103],
[17,22,48,67],
[6,33,58,71,106],
[8,24,45,84,107],
[11,26,54,72,108],
[7,41,62,74,100]],

[[8,41,44,75,101],
[1,33,63,69,99],
[10,38,56,87,91],
[13,43,48,84,98],
[6,29,53,79,97],
[11,32,52,86,94],
[3,28,60,85],
[21,30,47,81,90],
[19,31,62,70,95],
[14,24,54,77,100],
[4,22,65,76,93],
[16,36,64,78,92],
[5,35,58,82,89],
[15,42,57,71,105],
[2,40,50,80,102],
[20,37,51,67,88],
[0,26,45,74,103],
[17,39,61,83,104],
[18,23,49,68,96],
[7,34,59,72,106],
[9,25,46,66,107],
[12,27,55,73,108]],

[[9,41,45,76,102],
[2,34,63,70,100],
[11,39,57,87,92],
[14,43,49,66,99],
[7,30,54,80,98],
[12,33,53,86,95],
[4,29,61,85,96],
[21,31,48,82,91],
[19,32,44,71],
[15,25,55,78,101],
[5,23,65,77,94],
[17,37,64,79,93],
[6,36,59,83,90],
[16,42,58,72,88],
[3,22,51,81,103],
[20,38,52,68,89],
[1,27,46,75,104],
[18,40,62,84,105],
[0,24,50,69,97],
[8,35,60,73,106],
[10,26,47,67,107],
[13,28,56,74,108]]

]
