[[[0, 23, 46, 69, 92],
[1, 24, 48, 72, 96],
[2, 25, 50, 75, 100],
[3, 26, 52, 78, 104],
[4, 27, 54, 81],
[5, 28, 56, 84],
[6, 29, 58, 87, 93],
[7, 30, 60, 90, 97],
[8, 31, 62, 70, 101],
[9, 32, 64, 73, 105],
[10, 33, 66, 76],
[11, 34, 68, 79],
[12, 35, 47, 82, 94],
[13, 36, 49, 85, 98],
[14, 37, 51, 88, 102],
[15, 38, 53, 91, 106],
[16, 39, 55, 71],
[17, 40, 57, 74],
[18, 41, 59, 77, 95],
[19, 42, 61, 80, 99],
[20, 43, 63, 83, 103],
[21, 44, 65, 86, 107],
[22, 45, 67, 89]],

[[0, 24, 47, 70, 93],
[1, 25, 49, 73, 97],
[2, 26, 51, 76, 101],
[3, 27, 53, 79, 105],
[4, 28, 55, 82],
[5, 29, 57, 85],
[6, 30, 59, 88, 94],
[7, 31, 61, 91, 98],
[8, 32, 63, 71, 102],
[9, 33, 65, 74, 106],
[10, 34, 67, 77],
[11, 35, 46, 80],
[12, 36, 48, 83, 95],
[13, 37, 50, 86, 99],
[14, 38, 52, 89, 103],
[15, 39, 54, 69, 107],
[16, 40, 56, 72],
[17, 41, 58, 75, 92],
[18, 42, 60, 78, 96],
[19, 43, 62, 81, 100],
[20, 44, 64, 84, 104],
[21, 45, 66, 87],
[22, 23, 68, 90]],

[[0, 25, 48, 71, 94],
[1, 26, 50, 74, 98],
[2, 27, 52, 77, 102],
[3, 28, 54, 80, 106],
[4, 29, 56, 83],
[5, 30, 58, 86],
[6, 31, 60, 89, 95],
[7, 32, 62, 69, 99],
[8, 33, 64, 72, 103],
[9, 34, 66, 75, 107],
[10, 35, 68, 78],
[11, 36, 47, 81, 92],
[12, 37, 49, 84, 96],
[13, 38, 51, 87, 100],
[14, 39, 53, 90, 104],
[15, 40, 55, 70],
[16, 41, 57, 73],
[17, 42, 59, 76, 93],
[18, 43, 61, 79, 97],
[19, 44, 63, 82, 101],
[20, 45, 65, 85, 105],
[21, 23, 67, 88],
[22, 24, 46, 91]],

[[0, 26, 49, 72, 95],
[1, 27, 51, 75, 99],
[2, 28, 53, 78, 103],
[3, 29, 55, 81, 107],
[4, 30, 57, 84],
[5, 31, 59, 87, 92],
[6, 32, 61, 90, 96],
[7, 33, 63, 70, 100],
[8, 34, 65, 73, 104],
[9, 35, 67, 76],
[10, 36, 46, 79],
[11, 37, 48, 82, 93],
[12, 38, 50, 85, 97],
[13, 39, 52, 88, 101],
[14, 40, 54, 91, 105],
[15, 41, 56, 71],
[16, 42, 58, 74],
[17, 43, 60, 77, 94],
[18, 44, 62, 80, 98],
[19, 45, 64, 83, 102],
[20, 23, 66, 86, 106],
[21, 24, 68, 89],
[22, 25, 47, 69]],

[[0, 27, 50, 73, 96],
[1, 28, 52, 76, 100],
[2, 29, 54, 79, 104],
[3, 30, 56, 82],
[4, 31, 58, 85],
[5, 32, 60, 88, 93],
[6, 33, 62, 91, 97],
[7, 34, 64, 71, 101],
[8, 35, 66, 74, 105],
[9, 36, 68, 77],
[10, 37, 47, 80],
[11, 38, 49, 83, 94],
[12, 39, 51, 86, 98],
[13, 40, 53, 89, 102],
[14, 41, 55, 69, 106],
[15, 42, 57, 72],
[16, 43, 59, 75],
[17, 44, 61, 78, 95],
[18, 45, 63, 81, 99],
[19, 23, 65, 84, 103],
[20, 24, 67, 87, 107],
[21, 25, 46, 90],
[22, 26, 48, 70, 92]],

[[0, 28, 51, 74, 97],
[1, 29, 53, 77, 101],
[2, 30, 55, 80, 105],
[3, 31, 57, 83],
[4, 32, 59, 86],
[5, 33, 61, 89, 94],
[6, 34, 63, 69, 98],
[7, 35, 65, 72, 102],
[8, 36, 67, 75, 106],
[9, 37, 46, 78],
[10, 38, 48, 81],
[11, 39, 50, 84, 95],
[12, 40, 52, 87, 99],
[13, 41, 54, 90, 103],
[14, 42, 56, 70, 107],
[15, 43, 58, 73],
[16, 44, 60, 76, 92],
[17, 45, 62, 79, 96],
[18, 23, 64, 82, 100],
[19, 24, 66, 85, 104],
[20, 25, 68, 88],
[21, 26, 47, 91],
[22, 27, 49, 71, 93]],

[[0, 29, 52, 75, 98],
[1, 30, 54, 78, 102],
[2, 31, 56, 81, 106],
[3, 32, 58, 84],
[4, 33, 60, 87],
[5, 34, 62, 90, 95],
[6, 35, 64, 70, 99],
[7, 36, 66, 73, 103],
[8, 37, 68, 76, 107],
[9, 38, 47, 79],
[10, 39, 49, 82, 92],
[11, 40, 51, 85, 96],
[12, 41, 53, 88, 100],
[13, 42, 55, 91, 104],
[14, 43, 57, 71],
[15, 44, 59, 74],
[16, 45, 61, 77, 93],
[17, 23, 63, 80, 97],
[18, 24, 65, 83, 101],
[19, 25, 67, 86, 105],
[20, 26, 46, 89],
[21, 27, 48, 69],
[22, 28, 50, 72, 94]],

[[0, 30, 53, 76, 99],
[1, 31, 55, 79, 103],
[2, 32, 57, 82, 107],
[3, 33, 59, 85],
[4, 34, 61, 88, 92],
[5, 35, 63, 91, 96],
[6, 36, 65, 71, 100],
[7, 37, 67, 74, 104],
[8, 38, 46, 77],
[9, 39, 48, 80],
[10, 40, 50, 83, 93],
[11, 41, 52, 86, 97],
[12, 42, 54, 89, 101],
[13, 43, 56, 69, 105],
[14, 44, 58, 72],
[15, 45, 60, 75],
[16, 23, 62, 78, 94],
[17, 24, 64, 81, 98],
[18, 25, 66, 84, 102],
[19, 26, 68, 87, 106],
[20, 27, 47, 90],
[21, 28, 49, 70],
[22, 29, 51, 73, 95]],

[[0, 31, 54, 77, 100],
[1, 32, 56, 80, 104],
[2, 33, 58, 83],
[3, 34, 60, 86],
[4, 35, 62, 89, 93],
[5, 36, 64, 69, 97],
[6, 37, 66, 72, 101],
[7, 38, 68, 75, 105],
[8, 39, 47, 78],
[9, 40, 49, 81],
[10, 41, 51, 84, 94],
[11, 42, 53, 87, 98],
[12, 43, 55, 90, 102],
[13, 44, 57, 70, 106],
[14, 45, 59, 73],
[15, 23, 61, 76],
[16, 24, 63, 79, 95],
[17, 25, 65, 82, 99],
[18, 26, 67, 85, 103],
[19, 27, 46, 88, 107],
[20, 28, 48, 91],
[21, 29, 50, 71, 92],
[22, 30, 52, 74, 96]],

[[0, 32, 55, 78, 101],
[1, 33, 57, 81, 105],
[2, 34, 59, 84],
[3, 35, 61, 87],
[4, 36, 63, 90, 94],
[5, 37, 65, 70, 98],
[6, 38, 67, 73, 102],
[7, 39, 46, 76, 106],
[8, 40, 48, 79],
[9, 41, 50, 82],
[10, 42, 52, 85, 95],
[11, 43, 54, 88, 99],
[12, 44, 56, 91, 103],
[13, 45, 58, 71, 107],
[14, 23, 60, 74],
[15, 24, 62, 77, 92],
[16, 25, 64, 80, 96],
[17, 26, 66, 83, 100],
[18, 27, 68, 86, 104],
[19, 28, 47, 89],
[20, 29, 49, 69],
[21, 30, 51, 72, 93],
[22, 31, 53, 75, 97]],

[[0, 33, 56, 79, 102],
[1, 34, 58, 82, 106],
[2, 35, 60, 85],
[3, 36, 62, 88],
[4, 37, 64, 91, 95],
[5, 38, 66, 71, 99],
[6, 39, 68, 74, 103],
[7, 40, 47, 77, 107],
[8, 41, 49, 80],
[9, 42, 51, 83, 92],
[10, 43, 53, 86, 96],
[11, 44, 55, 89, 100],
[12, 45, 57, 69, 104],
[13, 23, 59, 72],
[14, 24, 61, 75],
[15, 25, 63, 78, 93],
[16, 26, 65, 81, 97],
[17, 27, 67, 84, 101],
[18, 28, 46, 87, 105],
[19, 29, 48, 90],
[20, 30, 50, 70],
[21, 31, 52, 73, 94],
[22, 32, 54, 76, 98]],

[[0, 34, 57, 80, 103],
[1, 35, 59, 83, 107],
[2, 36, 61, 86],
[3, 37, 63, 89, 92],
[4, 38, 65, 69, 96],
[5, 39, 67, 72, 100],
[6, 40, 46, 75, 104],
[7, 41, 48, 78],
[8, 42, 50, 81],
[9, 43, 52, 84, 93],
[10, 44, 54, 87, 97],
[11, 45, 56, 90, 101],
[12, 23, 58, 70, 105],
[13, 24, 60, 73],
[14, 25, 62, 76],
[15, 26, 64, 79, 94],
[16, 27, 66, 82, 98],
[17, 28, 68, 85, 102],
[18, 29, 47, 88, 106],
[19, 30, 49, 91],
[20, 31, 51, 71],
[21, 32, 53, 74, 95],
[22, 33, 55, 77, 99]],

[[0, 35, 58, 81, 104],
[1, 36, 60, 84],
[2, 37, 62, 87],
[3, 38, 64, 90, 93],
[4, 39, 66, 70, 97],
[5, 40, 68, 73, 101],
[6, 41, 47, 76, 105],
[7, 42, 49, 79],
[8, 43, 51, 82],
[9, 44, 53, 85, 94],
[10, 45, 55, 88, 98],
[11, 23, 57, 91, 102],
[12, 24, 59, 71, 106],
[13, 25, 61, 74],
[14, 26, 63, 77],
[15, 27, 65, 80, 95],
[16, 28, 67, 83, 99],
[17, 29, 46, 86, 103],
[18, 30, 48, 89, 107],
[19, 31, 50, 69],
[20, 32, 52, 72, 92],
[21, 33, 54, 75, 96],
[22, 34, 56, 78, 100]],

[[0, 36, 59, 82, 105],
[1, 37, 61, 85],
[2, 38, 63, 88],
[3, 39, 65, 91, 94],
[4, 40, 67, 71, 98],
[5, 41, 46, 74, 102],
[6, 42, 48, 77, 106],
[7, 43, 50, 80],
[8, 44, 52, 83],
[9, 45, 54, 86, 95],
[10, 23, 56, 89, 99],
[11, 24, 58, 69, 103],
[12, 25, 60, 72, 107],
[13, 26, 62, 75],
[14, 27, 64, 78, 92],
[15, 28, 66, 81, 96],
[16, 29, 68, 84, 100],
[17, 30, 47, 87, 104],
[18, 31, 49, 90],
[19, 32, 51, 70],
[20, 33, 53, 73, 93],
[21, 34, 55, 76, 97],
[22, 35, 57, 79, 101]],

[[0, 37, 60, 83, 106],
[1, 38, 62, 86],
[2, 39, 64, 89],
[3, 40, 66, 69, 95],
[4, 41, 68, 72, 99],
[5, 42, 47, 75, 103],
[6, 43, 49, 78, 107],
[7, 44, 51, 81],
[8, 45, 53, 84, 92],
[9, 23, 55, 87, 96],
[10, 24, 57, 90, 100],
[11, 25, 59, 70, 104],
[12, 26, 61, 73],
[13, 27, 63, 76],
[14, 28, 65, 79, 93],
[15, 29, 67, 82, 97],
[16, 30, 46, 85, 101],
[17, 31, 48, 88, 105],
[18, 32, 50, 91],
[19, 33, 52, 71],
[20, 34, 54, 74, 94],
[21, 35, 56, 77, 98],
[22, 36, 58, 80, 102]],

[[0, 38, 61, 84, 107],
[1, 39, 63, 87],
[2, 40, 65, 90, 92],
[3, 41, 67, 70, 96],
[4, 42, 46, 73, 100],
[5, 43, 48, 76, 104],
[6, 44, 50, 79],
[7, 45, 52, 82],
[8, 23, 54, 85, 93],
[9, 24, 56, 88, 97],
[10, 25, 58, 91, 101],
[11, 26, 60, 71, 105],
[12, 27, 62, 74],
[13, 28, 64, 77],
[14, 29, 66, 80, 94],
[15, 30, 68, 83, 98],
[16, 31, 47, 86, 102],
[17, 32, 49, 89, 106],
[18, 33, 51, 69],
[19, 34, 53, 72],
[20, 35, 55, 75, 95],
[21, 36, 57, 78, 99],
[22, 37, 59, 81, 103]],

[[0, 39, 62, 85],
[1, 40, 64, 88],
[2, 41, 66, 91, 93],
[3, 42, 68, 71, 97],
[4, 43, 47, 74, 101],
[5, 44, 49, 77, 105],
[6, 45, 51, 80],
[7, 23, 53, 83],
[8, 24, 55, 86, 94],
[9, 25, 57, 89, 98],
[10, 26, 59, 69, 102],
[11, 27, 61, 72, 106],
[12, 28, 63, 75],
[13, 29, 65, 78],
[14, 30, 67, 81, 95],
[15, 31, 46, 84, 99],
[16, 32, 48, 87, 103],
[17, 33, 50, 90, 107],
[18, 34, 52, 70],
[19, 35, 54, 73, 92],
[20, 36, 56, 76, 96],
[21, 37, 58, 79, 100],
[22, 38, 60, 82, 104]],

[[0, 40, 63, 86],
[1, 41, 65, 89],
[2, 42, 67, 69, 94],
[3, 43, 46, 72, 98],
[4, 44, 48, 75, 102],
[5, 45, 50, 78, 106],
[6, 23, 52, 81],
[7, 24, 54, 84],
[8, 25, 56, 87, 95],
[9, 26, 58, 90, 99],
[10, 27, 60, 70, 103],
[11, 28, 62, 73, 107],
[12, 29, 64, 76],
[13, 30, 66, 79, 92],
[14, 31, 68, 82, 96],
[15, 32, 47, 85, 100],
[16, 33, 49, 88, 104],
[17, 34, 51, 91],
[18, 35, 53, 71],
[19, 36, 55, 74, 93],
[20, 37, 57, 77, 97],
[21, 38, 59, 80, 101],
[22, 39, 61, 83, 105]],

[[0, 41, 64, 87],
[1, 42, 66, 90],
[2, 43, 68, 70, 95],
[3, 44, 47, 73, 99],
[4, 45, 49, 76, 103],
[5, 23, 51, 79, 107],
[6, 24, 53, 82],
[7, 25, 55, 85, 92],
[8, 26, 57, 88, 96],
[9, 27, 59, 91, 100],
[10, 28, 61, 71, 104],
[11, 29, 63, 74],
[12, 30, 65, 77],
[13, 31, 67, 80, 93],
[14, 32, 46, 83, 97],
[15, 33, 48, 86, 101],
[16, 34, 50, 89, 105],
[17, 35, 52, 69],
[18, 36, 54, 72],
[19, 37, 56, 75, 94],
[20, 38, 58, 78, 98],
[21, 39, 60, 81, 102],
[22, 40, 62, 84, 106]],

[[0, 42, 65, 88],
[1, 43, 67, 91, 92],
[2, 44, 46, 71, 96],
[3, 45, 48, 74, 100],
[4, 23, 50, 77, 104],
[5, 24, 52, 80],
[6, 25, 54, 83],
[7, 26, 56, 86, 93],
[8, 27, 58, 89, 97],
[9, 28, 60, 69, 101],
[10, 29, 62, 72, 105],
[11, 30, 64, 75],
[12, 31, 66, 78],
[13, 32, 68, 81, 94],
[14, 33, 47, 84, 98],
[15, 34, 49, 87, 102],
[16, 35, 51, 90, 106],
[17, 36, 53, 70],
[18, 37, 55, 73],
[19, 38, 57, 76, 95],
[20, 39, 59, 79, 99],
[21, 40, 61, 82, 103],
[22, 41, 63, 85, 107]],

[[0, 43, 66, 89],
[1, 44, 68, 69, 93],
[2, 45, 47, 72, 97],
[3, 23, 49, 75, 101],
[4, 24, 51, 78, 105],
[5, 25, 53, 81],
[6, 26, 55, 84],
[7, 27, 57, 87, 94],
[8, 28, 59, 90, 98],
[9, 29, 61, 70, 102],
[10, 30, 63, 73, 106],
[11, 31, 65, 76],
[12, 32, 67, 79],
[13, 33, 46, 82, 95],
[14, 34, 48, 85, 99],
[15, 35, 50, 88, 103],
[16, 36, 52, 91, 107],
[17, 37, 54, 71],
[18, 38, 56, 74, 92],
[19, 39, 58, 77, 96],
[20, 40, 60, 80, 100],
[21, 41, 62, 83, 104],
[22, 42, 64, 86]],

[[0, 44, 67, 90],
[1, 45, 46, 70, 94],
[2, 23, 48, 73, 98],
[3, 24, 50, 76, 102],
[4, 25, 52, 79, 106],
[5, 26, 54, 82],
[6, 27, 56, 85],
[7, 28, 58, 88, 95],
[8, 29, 60, 91, 99],
[9, 30, 62, 71, 103],
[10, 31, 64, 74, 107],
[11, 32, 66, 77],
[12, 33, 68, 80, 92],
[13, 34, 47, 83, 96],
[14, 35, 49, 86, 100],
[15, 36, 51, 89, 104],
[16, 37, 53, 69],
[17, 38, 55, 72],
[18, 39, 57, 75, 93],
[19, 40, 59, 78, 97],
[20, 41, 61, 81, 101],
[21, 42, 63, 84, 105],
[22, 43, 65, 87]],

[[0, 45, 68, 91],
[1, 23, 47, 71, 95],
[2, 24, 49, 74, 99],
[3, 25, 51, 77, 103],
[4, 26, 53, 80, 107],
[5, 27, 55, 83],
[6, 28, 57, 86, 92],
[7, 29, 59, 89, 96],
[8, 30, 61, 69, 100],
[9, 31, 63, 72, 104],
[10, 32, 65, 75],
[11, 33, 67, 78],
[12, 34, 46, 81, 93],
[13, 35, 48, 84, 97],
[14, 36, 50, 87, 101],
[15, 37, 52, 90, 105],
[16, 38, 54, 70],
[17, 39, 56, 73],
[18, 40, 58, 76, 94],
[19, 41, 60, 79, 98],
[20, 42, 62, 82, 102],
[21, 43, 64, 85, 106],
[22, 44, 66, 88]]]