[[[1, 16, 24, 27],
[8, 9, 22, 29],
[4, 13, 23, 28],
[2, 15, 20, 31],
[18, 33, 41, 44],
[25, 26, 39, 46],
[21, 30, 40, 45],
[19, 32, 37, 48],
[7, 10, 35, 50],
[5, 12, 42, 43],
[6, 11, 38, 47],
[3, 14, 36, 49],
[52, 67, 75, 78],
[59, 60, 73, 80],
[55, 64, 74, 79],
[53, 66, 71, 82],
[69, 84, 92, 95],
[76, 77, 90, 97],
[72, 81, 91, 96],
[70, 83, 88, 99],
[58, 61, 86, 101],
[56, 63, 93, 94],
[57, 62, 89, 98],
[54, 65, 87, 100],
[103, 118, 126, 129],
[110, 111, 124, 131],
[106, 115, 125, 130],
[104, 117, 122, 133],
[120, 135, 143, 146],
[127, 128, 141, 148],
[123, 132, 142, 147],
[121, 134, 139, 150],
[109, 112, 137, 152],
[107, 114, 144, 145],
[108, 113, 140, 149],
[105, 116, 138, 151],
[154, 169, 177, 180],
[161, 162, 175, 182],
[157, 166, 176, 181],
[155, 168, 173, 184],
[171, 186, 194, 197],
[178, 179, 192, 199],
[174, 183, 193, 198],
[172, 185, 190, 201],
[160, 163, 188, 203],
[158, 165, 195, 196],
[159, 164, 191, 200],
[156, 167, 189, 202],
[0, 51, 102, 153],
[17, 68, 119, 170],
[34, 85, 136, 187]],

[[2, 4, 27, 30],
[11, 12, 25, 32],
[7, 16, 26, 31],
[1, 5, 17, 23],
[19, 21, 44, 47],
[28, 29, 42, 49],
[24, 33, 43, 48],
[18, 22, 34, 40],
[10, 13, 36, 38],
[8, 15, 45, 46],
[9, 14, 41, 50],
[0, 6, 35, 39],
[53, 55, 78, 81],
[62, 63, 76, 83],
[58, 67, 77, 82],
[52, 56, 68, 74],
[70, 72, 95, 98],
[79, 80, 93, 100],
[75, 84, 94, 99],
[69, 73, 85, 91],
[61, 64, 87, 89],
[59, 66, 96, 97],
[60, 65, 92, 101],
[51, 57, 86, 90],
[104, 106, 129, 132],
[113, 114, 127, 134],
[109, 118, 128, 133],
[103, 107, 119, 125],
[121, 123, 146, 149],
[130, 131, 144, 151],
[126, 135, 145, 150],
[120, 124, 136, 142],
[112, 115, 138, 140],
[110, 117, 147, 148],
[111, 116, 143, 152],
[102, 108, 137, 141],
[155, 157, 180, 183],
[164, 165, 178, 185],
[160, 169, 179, 184],
[154, 158, 170, 176],
[172, 174, 197, 200],
[181, 182, 195, 202],
[177, 186, 196, 201],
[171, 175, 187, 193],
[163, 166, 189, 191],
[161, 168, 198, 199],
[162, 167, 194, 203],
[153, 159, 188, 192],
[3, 54, 105, 156],
[20, 71, 122, 173],
[37, 88, 139, 190]],

[[8, 10, 19, 33],
[0, 1, 21, 31],
[5, 13, 20, 32],
[7, 11, 23, 29],
[25, 27, 36, 50],
[17, 18, 38, 48],
[22, 30, 37, 49],
[24, 28, 40, 46],
[2, 16, 42, 44],
[4, 14, 34, 35],
[3, 15, 39, 47],
[6, 12, 41, 45],
[59, 61, 70, 84],
[51, 52, 72, 82],
[56, 64, 71, 83],
[58, 62, 74, 80],
[76, 78, 87, 101],
[68, 69, 89, 99],
[73, 81, 88, 100],
[75, 79, 91, 97],
[53, 67, 93, 95],
[55, 65, 85, 86],
[54, 66, 90, 98],
[57, 63, 92, 96],
[110, 112, 121, 135],
[102, 103, 123, 133],
[107, 115, 122, 134],
[109, 113, 125, 131],
[127, 129, 138, 152],
[119, 120, 140, 150],
[124, 132, 139, 151],
[126, 130, 142, 148],
[104, 118, 144, 146],
[106, 116, 136, 137],
[105, 117, 141, 149],
[108, 114, 143, 147],
[161, 163, 172, 186],
[153, 154, 174, 184],
[158, 166, 173, 185],
[160, 164, 176, 182],
[178, 180, 189, 203],
[170, 171, 191, 201],
[175, 183, 190, 202],
[177, 181, 193, 199],
[155, 169, 195, 197],
[157, 167, 187, 188],
[156, 168, 192, 200],
[159, 165, 194, 198],
[9, 60, 111, 162],
[26, 77, 128, 179],
[43, 94, 145, 196]],

[[9, 11, 17, 20],
[1, 2, 22, 32],
[6, 14, 21, 33],
[8, 12, 24, 30],
[26, 28, 34, 37],
[18, 19, 39, 49],
[23, 31, 38, 50],
[25, 29, 41, 47],
[0, 3, 43, 45],
[5, 15, 35, 36],
[4, 16, 40, 48],
[7, 13, 42, 46],
[60, 62, 68, 71],
[52, 53, 73, 83],
[57, 65, 72, 84],
[59, 63, 75, 81],
[77, 79, 85, 88],
[69, 70, 90, 100],
[74, 82, 89, 101],
[76, 80, 92, 98],
[51, 54, 94, 96],
[56, 66, 86, 87],
[55, 67, 91, 99],
[58, 64, 93, 97],
[111, 113, 119, 122],
[103, 104, 124, 134],
[108, 116, 123, 135],
[110, 114, 126, 132],
[128, 130, 136, 139],
[120, 121, 141, 151],
[125, 133, 140, 152],
[127, 131, 143, 149],
[102, 105, 145, 147],
[107, 117, 137, 138],
[106, 118, 142, 150],
[109, 115, 144, 148],
[162, 164, 170, 173],
[154, 155, 175, 185],
[159, 167, 174, 186],
[161, 165, 177, 183],
[179, 181, 187, 190],
[171, 172, 192, 202],
[176, 184, 191, 203],
[178, 182, 194, 200],
[153, 156, 196, 198],
[158, 168, 188, 189],
[157, 169, 193, 201],
[160, 166, 195, 199],
[10, 61, 112, 163],
[27, 78, 129, 180],
[44, 95, 146, 197]],

[[12, 14, 20, 23],
[4, 5, 18, 25],
[0, 9, 19, 24],
[11, 15, 27, 33],
[29, 31, 37, 40],
[21, 22, 35, 42],
[17, 26, 36, 41],
[28, 32, 44, 50],
[3, 6, 46, 48],
[1, 8, 38, 39],
[2, 7, 34, 43],
[10, 16, 45, 49],
[63, 65, 71, 74],
[55, 56, 69, 76],
[51, 60, 70, 75],
[62, 66, 78, 84],
[80, 82, 88, 91],
[72, 73, 86, 93],
[68, 77, 87, 92],
[79, 83, 95, 101],
[54, 57, 97, 99],
[52, 59, 89, 90],
[53, 58, 85, 94],
[61, 67, 96, 100],
[114, 116, 122, 125],
[106, 107, 120, 127],
[102, 111, 121, 126],
[113, 117, 129, 135],
[131, 133, 139, 142],
[123, 124, 137, 144],
[119, 128, 138, 143],
[130, 134, 146, 152],
[105, 108, 148, 150],
[103, 110, 140, 141],
[104, 109, 136, 145],
[112, 118, 147, 151],
[165, 167, 173, 176],
[157, 158, 171, 178],
[153, 162, 172, 177],
[164, 168, 180, 186],
[182, 184, 190, 193],
[174, 175, 188, 195],
[170, 179, 189, 194],
[181, 185, 197, 203],
[156, 159, 199, 201],
[154, 161, 191, 192],
[155, 160, 187, 196],
[163, 169, 198, 202],
[13, 64, 115, 166],
[30, 81, 132, 183],
[47, 98, 149, 200]],

[[4, 6, 29, 32],
[13, 14, 17, 27],
[1, 9, 28, 33],
[3, 7, 19, 25],
[21, 23, 46, 49],
[30, 31, 34, 44],
[18, 26, 45, 50],
[20, 24, 36, 42],
[12, 15, 38, 40],
[0, 10, 47, 48],
[11, 16, 35, 43],
[2, 8, 37, 41],
[55, 57, 80, 83],
[64, 65, 68, 78],
[52, 60, 79, 84],
[54, 58, 70, 76],
[72, 74, 97, 100],
[81, 82, 85, 95],
[69, 77, 96, 101],
[71, 75, 87, 93],
[63, 66, 89, 91],
[51, 61, 98, 99],
[62, 67, 86, 94],
[53, 59, 88, 92],
[106, 108, 131, 134],
[115, 116, 119, 129],
[103, 111, 130, 135],
[105, 109, 121, 127],
[123, 125, 148, 151],
[132, 133, 136, 146],
[120, 128, 147, 152],
[122, 126, 138, 144],
[114, 117, 140, 142],
[102, 112, 149, 150],
[113, 118, 137, 145],
[104, 110, 139, 143],
[157, 159, 182, 185],
[166, 167, 170, 180],
[154, 162, 181, 186],
[156, 160, 172, 178],
[174, 176, 199, 202],
[183, 184, 187, 197],
[171, 179, 198, 203],
[173, 177, 189, 195],
[165, 168, 191, 193],
[153, 163, 200, 201],
[164, 169, 188, 196],
[155, 161, 190, 194],
[5, 56, 107, 158],
[22, 73, 124, 175],
[39, 90, 141, 192]],

[[14, 16, 22, 25],
[6, 7, 20, 27],
[2, 11, 21, 26],
[0, 13, 18, 29],
[31, 33, 39, 42],
[23, 24, 37, 44],
[19, 28, 38, 43],
[17, 30, 35, 46],
[5, 8, 48, 50],
[3, 10, 40, 41],
[4, 9, 36, 45],
[1, 12, 34, 47],
[65, 67, 73, 76],
[57, 58, 71, 78],
[53, 62, 72, 77],
[51, 64, 69, 80],
[82, 84, 90, 93],
[74, 75, 88, 95],
[70, 79, 89, 94],
[68, 81, 86, 97],
[56, 59, 99, 101],
[54, 61, 91, 92],
[55, 60, 87, 96],
[52, 63, 85, 98],
[116, 118, 124, 127],
[108, 109, 122, 129],
[104, 113, 123, 128],
[102, 115, 120, 131],
[133, 135, 141, 144],
[125, 126, 139, 146],
[121, 130, 140, 145],
[119, 132, 137, 148],
[107, 110, 150, 152],
[105, 112, 142, 143],
[106, 111, 138, 147],
[103, 114, 136, 149],
[167, 169, 175, 178],
[159, 160, 173, 180],
[155, 164, 174, 179],
[153, 166, 171, 182],
[184, 186, 192, 195],
[176, 177, 190, 197],
[172, 181, 191, 196],
[170, 183, 188, 199],
[158, 161, 201, 203],
[156, 163, 193, 194],
[157, 162, 189, 198],
[154, 165, 187, 200],
[15, 66, 117, 168],
[32, 83, 134, 185],
[49, 100, 151, 202]],

[[10, 12, 18, 21],
[2, 3, 23, 33],
[7, 15, 17, 22],
[9, 13, 25, 31],
[27, 29, 35, 38],
[19, 20, 40, 50],
[24, 32, 34, 39],
[26, 30, 42, 48],
[1, 4, 44, 46],
[6, 16, 36, 37],
[0, 5, 41, 49],
[8, 14, 43, 47],
[61, 63, 69, 72],
[53, 54, 74, 84],
[58, 66, 68, 73],
[60, 64, 76, 82],
[78, 80, 86, 89],
[70, 71, 91, 101],
[75, 83, 85, 90],
[77, 81, 93, 99],
[52, 55, 95, 97],
[57, 67, 87, 88],
[51, 56, 92, 100],
[59, 65, 94, 98],
[112, 114, 120, 123],
[104, 105, 125, 135],
[109, 117, 119, 124],
[111, 115, 127, 133],
[129, 131, 137, 140],
[121, 122, 142, 152],
[126, 134, 136, 141],
[128, 132, 144, 150],
[103, 106, 146, 148],
[108, 118, 138, 139],
[102, 107, 143, 151],
[110, 116, 145, 149],
[163, 165, 171, 174],
[155, 156, 176, 186],
[160, 168, 170, 175],
[162, 166, 178, 184],
[180, 182, 188, 191],
[172, 173, 193, 203],
[177, 185, 187, 192],
[179, 183, 195, 201],
[154, 157, 197, 199],
[159, 169, 189, 190],
[153, 158, 194, 202],
[161, 167, 196, 200],
[11, 62, 113, 164],
[28, 79, 130, 181],
[45, 96, 147, 198]],

[[0, 15, 23, 26],
[7, 8, 21, 28],
[3, 12, 22, 27],
[1, 14, 19, 30],
[17, 32, 40, 43],
[24, 25, 38, 45],
[20, 29, 39, 44],
[18, 31, 36, 47],
[6, 9, 34, 49],
[4, 11, 41, 42],
[5, 10, 37, 46],
[2, 13, 35, 48],
[51, 66, 74, 77],
[58, 59, 72, 79],
[54, 63, 73, 78],
[52, 65, 70, 81],
[68, 83, 91, 94],
[75, 76, 89, 96],
[71, 80, 90, 95],
[69, 82, 87, 98],
[57, 60, 85, 100],
[55, 62, 92, 93],
[56, 61, 88, 97],
[53, 64, 86, 99],
[102, 117, 125, 128],
[109, 110, 123, 130],
[105, 114, 124, 129],
[103, 116, 121, 132],
[119, 134, 142, 145],
[126, 127, 140, 147],
[122, 131, 141, 146],
[120, 133, 138, 149],
[108, 111, 136, 151],
[106, 113, 143, 144],
[107, 112, 139, 148],
[104, 115, 137, 150],
[153, 168, 176, 179],
[160, 161, 174, 181],
[156, 165, 175, 180],
[154, 167, 172, 183],
[170, 185, 193, 196],
[177, 178, 191, 198],
[173, 182, 192, 197],
[171, 184, 189, 200],
[159, 162, 187, 202],
[157, 164, 194, 195],
[158, 163, 190, 199],
[155, 166, 188, 201],
[16, 67, 118, 169],
[33, 84, 135, 186],
[50, 101, 152, 203]],

[[13, 15, 21, 24],
[5, 6, 19, 26],
[1, 10, 20, 25],
[12, 16, 17, 28],
[30, 32, 38, 41],
[22, 23, 36, 43],
[18, 27, 37, 42],
[29, 33, 34, 45],
[4, 7, 47, 49],
[2, 9, 39, 40],
[3, 8, 35, 44],
[0, 11, 46, 50],
[64, 66, 72, 75],
[56, 57, 70, 77],
[52, 61, 71, 76],
[63, 67, 68, 79],
[81, 83, 89, 92],
[73, 74, 87, 94],
[69, 78, 88, 93],
[80, 84, 85, 96],
[55, 58, 98, 100],
[53, 60, 90, 91],
[54, 59, 86, 95],
[51, 62, 97, 101],
[115, 117, 123, 126],
[107, 108, 121, 128],
[103, 112, 122, 127],
[114, 118, 119, 130],
[132, 134, 140, 143],
[124, 125, 138, 145],
[120, 129, 139, 144],
[131, 135, 136, 147],
[106, 109, 149, 151],
[104, 111, 141, 142],
[105, 110, 137, 146],
[102, 113, 148, 152],
[166, 168, 174, 177],
[158, 159, 172, 179],
[154, 163, 173, 178],
[165, 169, 170, 181],
[183, 185, 191, 194],
[175, 176, 189, 196],
[171, 180, 190, 195],
[182, 186, 187, 198],
[157, 160, 200, 202],
[155, 162, 192, 193],
[156, 161, 188, 197],
[153, 164, 199, 203],
[14, 65, 116, 167],
[31, 82, 133, 184],
[48, 99, 150, 201]],

[[7, 9, 18, 32],
[0, 16, 20, 30],
[4, 12, 19, 31],
[6, 10, 22, 28],
[24, 26, 35, 49],
[17, 33, 37, 47],
[21, 29, 36, 48],
[23, 27, 39, 45],
[1, 15, 41, 43],
[3, 13, 34, 50],
[2, 14, 38, 46],
[5, 11, 40, 44],
[58, 60, 69, 83],
[51, 67, 71, 81],
[55, 63, 70, 82],
[57, 61, 73, 79],
[75, 77, 86, 100],
[68, 84, 88, 98],
[72, 80, 87, 99],
[74, 78, 90, 96],
[52, 66, 92, 94],
[54, 64, 85, 101],
[53, 65, 89, 97],
[56, 62, 91, 95],
[109, 111, 120, 134],
[102, 118, 122, 132],
[106, 114, 121, 133],
[108, 112, 124, 130],
[126, 128, 137, 151],
[119, 135, 139, 149],
[123, 131, 138, 150],
[125, 129, 141, 147],
[103, 117, 143, 145],
[105, 115, 136, 152],
[104, 116, 140, 148],
[107, 113, 142, 146],
[160, 162, 171, 185],
[153, 169, 173, 183],
[157, 165, 172, 184],
[159, 163, 175, 181],
[177, 179, 188, 202],
[170, 186, 190, 200],
[174, 182, 189, 201],
[176, 180, 192, 198],
[154, 168, 194, 196],
[156, 166, 187, 203],
[155, 167, 191, 199],
[158, 164, 193, 197],
[8, 59, 110, 161],
[25, 76, 127, 178],
[42, 93, 144, 195]],

[[6, 8, 17, 31],
[15, 16, 19, 29],
[3, 11, 18, 30],
[5, 9, 21, 27],
[23, 25, 34, 48],
[32, 33, 36, 46],
[20, 28, 35, 47],
[22, 26, 38, 44],
[0, 14, 40, 42],
[2, 12, 49, 50],
[1, 13, 37, 45],
[4, 10, 39, 43],
[57, 59, 68, 82],
[66, 67, 70, 80],
[54, 62, 69, 81],
[56, 60, 72, 78],
[74, 76, 85, 99],
[83, 84, 87, 97],
[71, 79, 86, 98],
[73, 77, 89, 95],
[51, 65, 91, 93],
[53, 63, 100, 101],
[52, 64, 88, 96],
[55, 61, 90, 94],
[108, 110, 119, 133],
[117, 118, 121, 131],
[105, 113, 120, 132],
[107, 111, 123, 129],
[125, 127, 136, 150],
[134, 135, 138, 148],
[122, 130, 137, 149],
[124, 128, 140, 146],
[102, 116, 142, 144],
[104, 114, 151, 152],
[103, 115, 139, 147],
[106, 112, 141, 145],
[159, 161, 170, 184],
[168, 169, 172, 182],
[156, 164, 171, 183],
[158, 162, 174, 180],
[176, 178, 187, 201],
[185, 186, 189, 199],
[173, 181, 188, 200],
[175, 179, 191, 197],
[153, 167, 193, 195],
[155, 165, 202, 203],
[154, 166, 190, 198],
[157, 163, 192, 196],
[7, 58, 109, 160],
[24, 75, 126, 177],
[41, 92, 143, 194]],

[[3, 5, 28, 31],
[12, 13, 26, 33],
[0, 8, 27, 32],
[2, 6, 18, 24],
[20, 22, 45, 48],
[29, 30, 43, 50],
[17, 25, 44, 49],
[19, 23, 35, 41],
[11, 14, 37, 39],
[9, 16, 46, 47],
[10, 15, 34, 42],
[1, 7, 36, 40],
[54, 56, 79, 82],
[63, 64, 77, 84],
[51, 59, 78, 83],
[53, 57, 69, 75],
[71, 73, 96, 99],
[80, 81, 94, 101],
[68, 76, 95, 100],
[70, 74, 86, 92],
[62, 65, 88, 90],
[60, 67, 97, 98],
[61, 66, 85, 93],
[52, 58, 87, 91],
[105, 107, 130, 133],
[114, 115, 128, 135],
[102, 110, 129, 134],
[104, 108, 120, 126],
[122, 124, 147, 150],
[131, 132, 145, 152],
[119, 127, 146, 151],
[121, 125, 137, 143],
[113, 116, 139, 141],
[111, 118, 148, 149],
[112, 117, 136, 144],
[103, 109, 138, 142],
[156, 158, 181, 184],
[165, 166, 179, 186],
[153, 161, 180, 185],
[155, 159, 171, 177],
[173, 175, 198, 201],
[182, 183, 196, 203],
[170, 178, 197, 202],
[172, 176, 188, 194],
[164, 167, 190, 192],
[162, 169, 199, 200],
[163, 168, 187, 195],
[154, 160, 189, 193],
[4, 55, 106, 157],
[21, 72, 123, 174],
[38, 89, 140, 191]],

[[11, 13, 19, 22],
[3, 4, 17, 24],
[8, 16, 18, 23],
[10, 14, 26, 32],
[28, 30, 36, 39],
[20, 21, 34, 41],
[25, 33, 35, 40],
[27, 31, 43, 49],
[2, 5, 45, 47],
[0, 7, 37, 38],
[1, 6, 42, 50],
[9, 15, 44, 48],
[62, 64, 70, 73],
[54, 55, 68, 75],
[59, 67, 69, 74],
[61, 65, 77, 83],
[79, 81, 87, 90],
[71, 72, 85, 92],
[76, 84, 86, 91],
[78, 82, 94, 100],
[53, 56, 96, 98],
[51, 58, 88, 89],
[52, 57, 93, 101],
[60, 66, 95, 99],
[113, 115, 121, 124],
[105, 106, 119, 126],
[110, 118, 120, 125],
[112, 116, 128, 134],
[130, 132, 138, 141],
[122, 123, 136, 143],
[127, 135, 137, 142],
[129, 133, 145, 151],
[104, 107, 147, 149],
[102, 109, 139, 140],
[103, 108, 144, 152],
[111, 117, 146, 150],
[164, 166, 172, 175],
[156, 157, 170, 177],
[161, 169, 171, 176],
[163, 167, 179, 185],
[181, 183, 189, 192],
[173, 174, 187, 194],
[178, 186, 188, 193],
[180, 184, 196, 202],
[155, 158, 198, 200],
[153, 160, 190, 191],
[154, 159, 195, 203],
[162, 168, 197, 201],
[12, 63, 114, 165],
[29, 80, 131, 182],
[46, 97, 148, 199]],

[[1, 3, 26, 29],
[10, 11, 24, 31],
[6, 15, 25, 30],
[0, 4, 22, 33],
[18, 20, 43, 46],
[27, 28, 41, 48],
[23, 32, 42, 47],
[17, 21, 39, 50],
[9, 12, 35, 37],
[7, 14, 44, 45],
[8, 13, 40, 49],
[5, 16, 34, 38],
[52, 54, 77, 80],
[61, 62, 75, 82],
[57, 66, 76, 81],
[51, 55, 73, 84],
[69, 71, 94, 97],
[78, 79, 92, 99],
[74, 83, 93, 98],
[68, 72, 90, 101],
[60, 63, 86, 88],
[58, 65, 95, 96],
[59, 64, 91, 100],
[56, 67, 85, 89],
[103, 105, 128, 131],
[112, 113, 126, 133],
[108, 117, 127, 132],
[102, 106, 124, 135],
[120, 122, 145, 148],
[129, 130, 143, 150],
[125, 134, 144, 149],
[119, 123, 141, 152],
[111, 114, 137, 139],
[109, 116, 146, 147],
[110, 115, 142, 151],
[107, 118, 136, 140],
[154, 156, 179, 182],
[163, 164, 177, 184],
[159, 168, 178, 183],
[153, 157, 175, 186],
[171, 173, 196, 199],
[180, 181, 194, 201],
[176, 185, 195, 200],
[170, 174, 192, 203],
[162, 165, 188, 190],
[160, 167, 197, 198],
[161, 166, 193, 202],
[158, 169, 187, 191],
[2, 53, 104, 155],
[19, 70, 121, 172],
[36, 87, 138, 189]],

[[5, 7, 30, 33],
[14, 15, 18, 28],
[2, 10, 17, 29],
[4, 8, 20, 26],
[22, 24, 47, 50],
[31, 32, 35, 45],
[19, 27, 34, 46],
[21, 25, 37, 43],
[13, 16, 39, 41],
[1, 11, 48, 49],
[0, 12, 36, 44],
[3, 9, 38, 42],
[56, 58, 81, 84],
[65, 66, 69, 79],
[53, 61, 68, 80],
[55, 59, 71, 77],
[73, 75, 98, 101],
[82, 83, 86, 96],
[70, 78, 85, 97],
[72, 76, 88, 94],
[64, 67, 90, 92],
[52, 62, 99, 100],
[51, 63, 87, 95],
[54, 60, 89, 93],
[107, 109, 132, 135],
[116, 117, 120, 130],
[104, 112, 119, 131],
[106, 110, 122, 128],
[124, 126, 149, 152],
[133, 134, 137, 147],
[121, 129, 136, 148],
[123, 127, 139, 145],
[115, 118, 141, 143],
[103, 113, 150, 151],
[102, 114, 138, 146],
[105, 111, 140, 144],
[158, 160, 183, 186],
[167, 168, 171, 181],
[155, 163, 170, 182],
[157, 161, 173, 179],
[175, 177, 200, 203],
[184, 185, 188, 198],
[172, 180, 187, 199],
[174, 178, 190, 196],
[166, 169, 192, 194],
[154, 164, 201, 202],
[153, 165, 189, 197],
[156, 162, 191, 195],
[6, 57, 108, 159],
[23, 74, 125, 176],
[40, 91, 142, 193]],

[[0, 2, 25, 28],
[9, 10, 23, 30],
[5, 14, 24, 29],
[3, 16, 21, 32],
[17, 19, 42, 45],
[26, 27, 40, 47],
[22, 31, 41, 46],
[20, 33, 38, 49],
[8, 11, 34, 36],
[6, 13, 43, 44],
[7, 12, 39, 48],
[4, 15, 37, 50],
[51, 53, 76, 79],
[60, 61, 74, 81],
[56, 65, 75, 80],
[54, 67, 72, 83],
[68, 70, 93, 96],
[77, 78, 91, 98],
[73, 82, 92, 97],
[71, 84, 89, 100],
[59, 62, 85, 87],
[57, 64, 94, 95],
[58, 63, 90, 99],
[55, 66, 88, 101],
[102, 104, 127, 130],
[111, 112, 125, 132],
[107, 116, 126, 131],
[105, 118, 123, 134],
[119, 121, 144, 147],
[128, 129, 142, 149],
[124, 133, 143, 148],
[122, 135, 140, 151],
[110, 113, 136, 138],
[108, 115, 145, 146],
[109, 114, 141, 150],
[106, 117, 139, 152],
[153, 155, 178, 181],
[162, 163, 176, 183],
[158, 167, 177, 182],
[156, 169, 174, 185],
[170, 172, 195, 198],
[179, 180, 193, 200],
[175, 184, 194, 199],
[173, 186, 191, 202],
[161, 164, 187, 189],
[159, 166, 196, 197],
[160, 165, 192, 201],
[157, 168, 190, 203],
[1, 52, 103, 154],
[18, 69, 120, 171],
[35, 86, 137, 188]],

[[0, 89, 131, 163],
[17, 60, 152, 161],
[34, 58, 103, 177],
[3, 77, 110, 167],
[20, 53, 137, 169],
[37, 70, 124, 197],
[9, 82, 115, 168],
[26, 55, 141, 174],
[43, 61, 130, 160],
[10, 91, 104, 158],
[27, 52, 121, 199],
[44, 56, 114, 155],
[13, 84, 119, 201],
[30, 66, 148, 187],
[47, 68, 118, 175],
[5, 65, 113, 159],
[22, 57, 144, 194],
[39, 100, 147, 157],
[15, 54, 132, 188],
[32, 86, 136, 189],
[49, 90, 106, 183],
[11, 96, 149, 186],
[28, 95, 120, 153],
[45, 99, 151, 182],
[16, 74, 129, 196],
[33, 72, 128, 171],
[50, 78, 102, 190],
[14, 80, 112, 178],
[31, 85, 140, 154],
[48, 76, 143, 192],
[8, 64, 138, 181],
[25, 83, 123, 200],
[42, 92, 150, 162],
[7, 62, 139, 179],
[24, 63, 122, 176],
[41, 93, 108, 198],
[4, 71, 142, 191],
[21, 97, 146, 172],
[38, 94, 127, 164],
[12, 88, 126, 195],
[29, 79, 125, 180],
[46, 59, 107, 193],
[2, 101, 133, 166],
[19, 87, 135, 170],
[36, 98, 105, 184],
[6, 69, 116, 185],
[23, 51, 111, 202],
[40, 81, 134, 203],
[1, 73, 117, 156],
[18, 75, 145, 173],
[35, 67, 109, 165]],

[[0, 72, 122, 180],
[17, 88, 107, 199],
[34, 55, 112, 200],
[3, 63, 145, 198],
[20, 61, 123, 154],
[37, 87, 131, 171],
[9, 98, 147, 201],
[26, 76, 148, 189],
[43, 97, 132, 164],
[10, 52, 151, 176],
[27, 73, 135, 194],
[44, 75, 105, 166],
[13, 57, 125, 170],
[30, 78, 103, 181],
[47, 86, 133, 167],
[5, 58, 128, 157],
[22, 85, 120, 202],
[39, 51, 139, 191],
[15, 96, 129, 172],
[32, 53, 118, 163],
[49, 89, 110, 185],
[11, 54, 146, 175],
[28, 74, 113, 190],
[45, 84, 109, 161],
[16, 64, 149, 193],
[33, 81, 114, 158],
[50, 94, 130, 165],
[14, 56, 152, 168],
[31, 59, 121, 162],
[48, 77, 126, 173],
[8, 92, 142, 188],
[25, 66, 116, 182],
[42, 90, 127, 159],
[7, 71, 138, 174],
[24, 95, 115, 160],
[41, 79, 124, 203],
[4, 62, 111, 196],
[21, 70, 117, 195],
[38, 101, 119, 184],
[12, 91, 150, 153],
[29, 82, 108, 179],
[46, 99, 134, 155],
[2, 83, 144, 156],
[19, 80, 143, 187],
[36, 69, 102, 177],
[6, 65, 137, 192],
[23, 67, 140, 183],
[40, 60, 141, 186],
[1, 68, 106, 178],
[18, 100, 136, 169],
[35, 93, 104, 197]],

[[0, 62, 135, 201],
[17, 94, 124, 155],
[34, 82, 144, 166],
[3, 97, 121, 159],
[20, 79, 104, 196],
[37, 52, 127, 173],
[9, 69, 107, 165],
[26, 65, 129, 181],
[43, 92, 133, 185],
[10, 101, 118, 153],
[27, 75, 149, 203],
[44, 100, 102, 191],
[13, 93, 137, 187],
[30, 51, 134, 177],
[47, 56, 145, 182],
[5, 89, 143, 154],
[22, 63, 130, 172],
[39, 77, 109, 186],
[15, 60, 115, 195],
[32, 74, 114, 184],
[49, 87, 128, 199],
[11, 88, 123, 183],
[28, 53, 119, 157],
[45, 81, 120, 168],
[16, 78, 122, 200],
[33, 66, 113, 156],
[50, 68, 125, 194],
[14, 91, 151, 180],
[31, 57, 112, 189],
[48, 83, 105, 174],
[8, 61, 108, 197],
[25, 71, 117, 163],
[42, 86, 140, 193],
[7, 54, 150, 202],
[24, 70, 116, 164],
[41, 84, 148, 176],
[4, 99, 147, 178],
[21, 95, 141, 158],
[38, 98, 136, 179],
[12, 80, 103, 192],
[29, 73, 138, 161],
[46, 76, 111, 160],
[2, 64, 106, 170],
[19, 90, 139, 169],
[36, 59, 142, 167],
[6, 67, 152, 198],
[23, 85, 131, 188],
[40, 72, 126, 175],
[1, 55, 132, 190],
[18, 58, 146, 162],
[35, 96, 110, 171]],

[[0, 74, 123, 165],
[17, 95, 102, 181],
[34, 91, 147, 170],
[3, 76, 139, 187],
[20, 101, 105, 202],
[37, 99, 135, 158],
[9, 75, 150, 197],
[26, 67, 144, 180],
[43, 85, 114, 182],
[10, 71, 143, 183],
[27, 80, 128, 161],
[44, 93, 113, 178],
[13, 96, 152, 195],
[30, 62, 131, 167],
[47, 60, 106, 198],
[5, 57, 104, 193],
[22, 88, 142, 173],
[39, 79, 151, 184],
[15, 61, 122, 190],
[32, 55, 148, 179],
[49, 81, 125, 192],
[11, 69, 130, 166],
[28, 82, 127, 175],
[45, 87, 103, 172],
[16, 68, 109, 189],
[33, 56, 124, 159],
[50, 86, 120, 169],
[14, 58, 134, 191],
[31, 73, 149, 155],
[48, 51, 121, 185],
[8, 90, 137, 164],
[25, 52, 111, 201],
[42, 70, 136, 199],
[7, 89, 126, 156],
[24, 53, 138, 186],
[41, 98, 140, 153],
[4, 78, 133, 203],
[21, 64, 129, 162],
[38, 84, 132, 194],
[12, 65, 110, 160],
[29, 59, 145, 188],
[46, 100, 116, 200],
[2, 92, 141, 176],
[19, 66, 146, 177],
[36, 54, 115, 171],
[6, 83, 117, 154],
[23, 72, 112, 196],
[40, 77, 107, 163],
[1, 94, 108, 157],
[18, 97, 118, 168],
[35, 63, 119, 174]],

[[0, 79, 103, 164],
[17, 81, 127, 180],
[34, 84, 152, 182],
[3, 73, 129, 177],
[20, 92, 115, 167],
[37, 80, 137, 186],
[9, 64, 102, 194],
[26, 93, 138, 201],
[43, 72, 139, 155],
[10, 77, 125, 193],
[27, 70, 142, 175],
[44, 59, 130, 200],
[13, 62, 120, 162],
[30, 74, 112, 179],
[47, 95, 107, 154],
[5, 55, 146, 196],
[22, 51, 135, 156],
[39, 82, 117, 197],
[15, 99, 149, 192],
[32, 52, 124, 168],
[49, 97, 133, 160],
[11, 68, 134, 188],
[28, 67, 151, 187],
[45, 76, 150, 157],
[16, 69, 145, 184],
[33, 58, 122, 185],
[50, 57, 147, 202],
[14, 89, 109, 171],
[31, 63, 106, 195],
[48, 100, 113, 170],
[8, 60, 105, 183],
[25, 54, 131, 153],
[42, 75, 141, 181],
[7, 98, 110, 166],
[24, 88, 108, 169],
[41, 87, 116, 190],
[4, 65, 126, 161],
[21, 56, 143, 178],
[38, 66, 114, 174],
[12, 78, 118, 191],
[29, 85, 123, 176],
[46, 83, 104, 163],
[2, 96, 140, 159],
[19, 71, 132, 203],
[36, 86, 119, 198],
[6, 53, 148, 165],
[23, 90, 136, 173],
[40, 94, 121, 158],
[1, 61, 144, 199],
[18, 91, 111, 172],
[35, 101, 128, 189]],

[[0, 80, 130, 185],
[17, 99, 145, 153],
[34, 68, 150, 155],
[3, 78, 112, 193],
[20, 100, 114, 198],
[37, 71, 148, 154],
[9, 59, 131, 190],
[26, 66, 152, 191],
[43, 62, 116, 181],
[10, 94, 115, 170],
[27, 61, 134, 156],
[44, 98, 117, 157],
[13, 83, 151, 159],
[30, 95, 109, 174],
[47, 81, 121, 160],
[5, 84, 144, 173],
[22, 97, 119, 158],
[39, 60, 102, 169],
[15, 76, 136, 201],
[32, 64, 113, 188],
[49, 75, 147, 189],
[11, 101, 143, 176],
[28, 58, 106, 163],
[45, 72, 149, 167],
[16, 92, 138, 172],
[33, 67, 104, 192],
[50, 63, 124, 183],
[14, 51, 129, 186],
[31, 88, 122, 165],
[48, 79, 146, 179],
[8, 96, 120, 177],
[25, 55, 137, 175],
[42, 53, 107, 161],
[7, 93, 132, 182],
[24, 65, 123, 187],
[41, 82, 111, 171],
[4, 69, 140, 168],
[21, 85, 108, 200],
[38, 57, 142, 162],
[12, 86, 125, 164],
[29, 56, 128, 195],
[46, 77, 127, 203],
[2, 90, 135, 199],
[19, 74, 126, 202],
[36, 70, 118, 178],
[6, 89, 103, 196],
[23, 87, 133, 180],
[40, 54, 110, 197],
[1, 91, 105, 194],
[18, 52, 139, 166],
[35, 73, 141, 184]],

[[0, 100, 132, 192],
[17, 59, 151, 183],
[34, 64, 104, 161],
[3, 58, 138, 170],
[20, 56, 121, 156],
[37, 96, 125, 196],
[9, 70, 133, 173],
[26, 83, 107, 168],
[43, 86, 112, 195],
[10, 95, 140, 182],
[27, 91, 148, 177],
[44, 52, 106, 169],
[13, 65, 136, 172],
[30, 90, 149, 202],
[47, 84, 122, 164],
[5, 68, 105, 176],
[22, 78, 139, 197],
[39, 101, 103, 194],
[15, 55, 152, 171],
[32, 92, 110, 181],
[49, 66, 120, 163],
[11, 93, 129, 185],
[28, 80, 142, 203],
[45, 63, 146, 199],
[16, 94, 113, 154],
[33, 71, 116, 184],
[50, 72, 135, 188],
[14, 79, 147, 175],
[31, 60, 114, 190],
[48, 82, 124, 180],
[8, 99, 119, 160],
[25, 74, 109, 198],
[42, 97, 131, 157],
[7, 87, 144, 200],
[24, 62, 118, 193],
[41, 85, 127, 167],
[4, 76, 141, 165],
[21, 67, 126, 189],
[38, 77, 111, 159],
[12, 51, 117, 174],
[29, 89, 134, 153],
[46, 57, 130, 179],
[2, 61, 150, 178],
[19, 54, 102, 166],
[36, 81, 108, 186],
[6, 98, 128, 162],
[23, 88, 145, 158],
[40, 69, 143, 155],
[1, 53, 123, 201],
[18, 73, 137, 191],
[35, 75, 115, 187]],

[[0, 93, 148, 167],
[17, 96, 118, 188],
[34, 83, 149, 175],
[3, 66, 135, 200],
[20, 63, 116, 177],
[37, 57, 105, 169],
[9, 74, 134, 158],
[26, 98, 143, 197],
[43, 90, 144, 189],
[10, 89, 121, 179],
[27, 84, 126, 193],
[44, 73, 133, 198],
[13, 75, 146, 171],
[30, 85, 110, 184],
[47, 54, 113, 186],
[5, 78, 124, 153],
[22, 58, 137, 203],
[39, 56, 115, 201],
[15, 80, 145, 191],
[32, 97, 112, 165],
[49, 71, 123, 182],
[11, 86, 109, 199],
[28, 62, 114, 183],
[45, 59, 117, 178],
[16, 79, 119, 166],
[33, 91, 120, 173],
[50, 70, 140, 192],
[14, 94, 102, 163],
[31, 99, 129, 157],
[48, 55, 125, 168],
[8, 76, 147, 155],
[25, 64, 103, 176],
[42, 81, 122, 196],
[7, 101, 107, 172],
[24, 69, 139, 159],
[41, 95, 128, 156],
[4, 77, 150, 154],
[21, 92, 132, 180],
[38, 72, 108, 185],
[12, 61, 141, 202],
[29, 60, 136, 164],
[46, 88, 106, 161],
[2, 51, 151, 160],
[19, 52, 138, 162],
[36, 53, 152, 187],
[6, 68, 111, 190],
[23, 65, 130, 174],
[40, 82, 104, 194],
[1, 67, 142, 170],
[18, 87, 127, 181],
[35, 100, 131, 195]],

[[0, 96, 107, 179],
[17, 62, 133, 154],
[34, 74, 128, 163],
[3, 90, 113, 157],
[20, 86, 102, 159],
[37, 79, 140, 198],
[9, 51, 137, 171],
[26, 81, 106, 194],
[43, 65, 142, 201],
[10, 54, 139, 185],
[27, 88, 105, 160],
[44, 78, 108, 156],
[13, 100, 143, 196],
[30, 93, 119, 165],
[47, 77, 123, 192],
[5, 53, 120, 190],
[22, 56, 147, 161],
[39, 63, 131, 178],
[15, 57, 148, 181],
[32, 59, 104, 195],
[49, 101, 121, 180],
[11, 70, 127, 193],
[28, 89, 122, 166],
[45, 95, 125, 175],
[16, 83, 136, 162],
[33, 99, 103, 187],
[50, 73, 109, 197],
[14, 98, 126, 188],
[31, 91, 152, 199],
[48, 64, 114, 172],
[8, 97, 134, 189],
[25, 92, 129, 170],
[42, 66, 145, 203],
[7, 68, 124, 158],
[24, 80, 144, 184],
[41, 67, 115, 202],
[4, 84, 130, 169],
[21, 61, 138, 173],
[38, 71, 118, 155],
[12, 94, 111, 183],
[29, 52, 132, 186],
[46, 55, 110, 153],
[2, 82, 146, 200],
[19, 60, 149, 176],
[36, 75, 116, 174],
[6, 87, 112, 167],
[23, 58, 141, 168],
[40, 85, 151, 164],
[1, 76, 135, 191],
[18, 72, 117, 177],
[35, 69, 150, 182]],

[[0, 67, 138, 193],
[17, 74, 144, 160],
[34, 95, 143, 173],
[3, 81, 130, 199],
[20, 54, 120, 172],
[37, 89, 152, 202],
[9, 99, 126, 196],
[26, 60, 131, 165],
[43, 68, 146, 191],
[10, 85, 117, 181],
[27, 53, 115, 183],
[44, 82, 137, 176],
[13, 56, 111, 169],
[30, 96, 142, 158],
[47, 62, 103, 180],
[5, 61, 127, 188],
[22, 87, 109, 168],
[39, 57, 129, 200],
[15, 79, 107, 162],
[32, 51, 133, 182],
[49, 83, 135, 179],
[11, 80, 105, 155],
[28, 98, 150, 156],
[45, 88, 124, 187],
[16, 84, 134, 157],
[33, 90, 110, 174],
[50, 64, 145, 167],
[14, 100, 122, 201],
[31, 65, 108, 163],
[48, 73, 112, 166],
[8, 66, 125, 184],
[25, 101, 106, 185],
[42, 71, 114, 177],
[7, 86, 104, 178],
[24, 58, 147, 194],
[41, 59, 139, 192],
[4, 72, 148, 186],
[21, 78, 151, 171],
[38, 52, 116, 197],
[12, 70, 128, 170],
[29, 91, 141, 175],
[46, 75, 118, 190],
[2, 97, 123, 161],
[19, 76, 119, 159],
[36, 55, 113, 203],
[6, 93, 140, 164],
[23, 69, 121, 154],
[40, 63, 132, 189],
[1, 77, 149, 153],
[18, 92, 102, 195],
[35, 94, 136, 198]],

[[0, 91, 110, 196],
[17, 72, 116, 156],
[34, 81, 139, 176],
[3, 84, 142, 197],
[20, 68, 151, 166],
[37, 53, 109, 184],
[9, 88, 112, 186],
[26, 64, 108, 158],
[43, 55, 107, 180],
[10, 58, 119, 195],
[27, 77, 136, 182],
[44, 87, 148, 175],
[13, 76, 131, 203],
[30, 57, 141, 171],
[47, 74, 117, 194],
[5, 95, 145, 155],
[22, 52, 150, 163],
[39, 69, 122, 189],
[15, 51, 114, 159],
[32, 99, 144, 174],
[49, 60, 143, 193],
[11, 90, 102, 160],
[28, 59, 137, 170],
[45, 65, 138, 169],
[16, 82, 147, 167],
[33, 78, 106, 172],
[50, 54, 123, 164],
[14, 66, 104, 154],
[31, 96, 124, 181],
[48, 85, 111, 199],
[8, 100, 121, 187],
[25, 86, 134, 192],
[42, 80, 146, 183],
[7, 70, 125, 198],
[24, 89, 135, 162],
[41, 63, 129, 191],
[4, 83, 115, 188],
[21, 94, 133, 190],
[38, 56, 149, 165],
[12, 75, 140, 201],
[29, 98, 130, 177],
[46, 73, 132, 157],
[2, 93, 128, 168],
[19, 101, 127, 200],
[36, 92, 103, 202],
[6, 97, 120, 178],
[23, 62, 126, 153],
[40, 67, 105, 173],
[1, 79, 118, 185],
[18, 61, 113, 161],
[35, 71, 152, 179]],

[[0, 70, 112, 160],
[17, 73, 123, 158],
[34, 94, 140, 169],
[3, 68, 115, 203],
[20, 78, 117, 201],
[37, 58, 149, 187],
[9, 87, 122, 192],
[26, 82, 121, 190],
[43, 66, 111, 194],
[10, 97, 144, 155],
[27, 63, 103, 179],
[44, 61, 110, 193],
[13, 69, 133, 157],
[30, 92, 107, 178],
[47, 51, 132, 165],
[5, 81, 136, 191],
[22, 84, 104, 170],
[39, 75, 138, 199],
[15, 67, 124, 185],
[32, 60, 125, 202],
[49, 64, 139, 164],
[11, 55, 142, 156],
[28, 54, 152, 176],
[45, 83, 131, 177],
[16, 85, 116, 171],
[33, 76, 129, 154],
[50, 56, 146, 184],
[14, 53, 127, 153],
[31, 86, 135, 173],
[48, 74, 147, 182],
[8, 77, 141, 166],
[25, 96, 105, 167],
[42, 89, 106, 188],
[7, 59, 119, 175],
[24, 98, 134, 196],
[41, 88, 102, 174],
[4, 79, 114, 195],
[21, 90, 148, 163],
[38, 91, 143, 168],
[12, 57, 113, 180],
[29, 93, 126, 181],
[46, 65, 151, 198],
[2, 100, 118, 172],
[19, 62, 130, 189],
[36, 80, 150, 159],
[6, 71, 145, 186],
[23, 101, 109, 162],
[40, 95, 108, 161],
[1, 72, 137, 197],
[18, 99, 128, 183],
[35, 52, 120, 200]],

[[0, 75, 109, 159],
[17, 98, 121, 176],
[34, 100, 127, 194],
[3, 91, 126, 171],
[20, 58, 148, 178],
[37, 56, 136, 181],
[9, 63, 113, 167],
[26, 69, 124, 188],
[43, 76, 105, 168],
[10, 86, 141, 191],
[27, 101, 139, 170],
[44, 79, 145, 160],
[13, 52, 123, 156],
[30, 67, 143, 172],
[47, 71, 144, 162],
[5, 60, 118, 180],
[22, 68, 110, 195],
[39, 78, 135, 177],
[15, 93, 116, 166],
[32, 72, 147, 183],
[49, 55, 134, 186],
[11, 66, 115, 153],
[28, 97, 117, 169],
[45, 53, 112, 203],
[16, 90, 107, 198],
[33, 77, 140, 165],
[50, 92, 114, 173],
[14, 57, 119, 192],
[31, 87, 150, 161],
[48, 89, 102, 197],
[8, 81, 129, 193],
[25, 61, 132, 187],
[42, 74, 137, 154],
[7, 88, 146, 163],
[24, 83, 103, 157],
[41, 65, 106, 158],
[4, 82, 152, 164],
[21, 99, 125, 179],
[38, 54, 133, 199],
[12, 73, 142, 189],
[29, 51, 120, 155],
[46, 62, 108, 182],
[2, 85, 149, 196],
[19, 96, 128, 184],
[36, 95, 151, 185],
[6, 59, 138, 202],
[23, 70, 104, 190],
[40, 80, 122, 174],
[1, 84, 111, 200],
[18, 94, 131, 201],
[35, 64, 130, 175]],

[[0, 66, 151, 157],
[17, 93, 122, 202],
[34, 65, 105, 203],
[3, 96, 150, 191],
[20, 73, 108, 165],
[37, 63, 133, 162],
[9, 57, 110, 182],
[26, 79, 120, 154],
[43, 67, 147, 163],
[10, 92, 137, 189],
[27, 89, 132, 195],
[44, 80, 115, 177],
[13, 99, 104, 176],
[30, 75, 127, 169],
[47, 72, 142, 184],
[5, 70, 139, 174],
[22, 55, 128, 155],
[39, 58, 123, 179],
[15, 56, 102, 198],
[32, 62, 140, 187],
[49, 94, 129, 175],
[11, 97, 106, 190],
[28, 86, 148, 161],
[45, 101, 136, 171],
[16, 87, 121, 178],
[33, 54, 144, 196],
[50, 61, 126, 180],
[14, 71, 125, 197],
[31, 51, 103, 188],
[48, 69, 138, 200],
[8, 88, 152, 201],
[25, 68, 114, 156],
[42, 52, 118, 167],
[7, 81, 131, 173],
[24, 82, 119, 199],
[41, 90, 145, 172],
[4, 85, 146, 194],
[21, 76, 112, 153],
[38, 64, 134, 160],
[12, 53, 143, 166],
[29, 100, 117, 185],
[46, 60, 109, 170],
[2, 95, 111, 193],
[19, 77, 113, 158],
[36, 74, 130, 192],
[6, 84, 149, 183],
[23, 83, 116, 186],
[40, 98, 135, 168],
[1, 59, 124, 164],
[18, 78, 141, 159],
[35, 91, 107, 181]],

[[0, 73, 144, 182],
[17, 86, 149, 172],
[34, 62, 124, 186],
[3, 85, 137, 178],
[20, 74, 138, 195],
[37, 100, 111, 180],
[9, 79, 143, 174],
[26, 51, 123, 193],
[43, 99, 109, 173],
[10, 72, 129, 199],
[27, 71, 131, 185],
[44, 88, 118, 179],
[13, 59, 148, 198],
[30, 64, 135, 203],
[47, 93, 150, 171],
[5, 94, 117, 192],
[22, 98, 115, 164],
[39, 97, 130, 170],
[15, 63, 127, 160],
[32, 57, 152, 196],
[49, 95, 126, 167],
[11, 91, 114, 157],
[28, 101, 146, 168],
[45, 89, 133, 200],
[16, 80, 110, 165],
[33, 69, 105, 162],
[50, 53, 139, 158],
[14, 52, 108, 155],
[31, 70, 134, 201],
[48, 60, 145, 163],
[8, 67, 116, 159],
[25, 82, 112, 181],
[42, 58, 125, 169],
[7, 75, 128, 154],
[24, 68, 107, 197],
[41, 76, 103, 166],
[4, 54, 104, 184],
[21, 77, 119, 191],
[38, 92, 121, 161],
[12, 66, 106, 176],
[29, 87, 142, 187],
[46, 96, 136, 183],
[2, 55, 122, 177],
[19, 84, 141, 156],
[36, 61, 120, 194],
[6, 81, 151, 188],
[23, 78, 113, 175],
[40, 90, 140, 190],
[1, 65, 102, 189],
[18, 83, 147, 153],
[35, 56, 132, 202]],

[[0, 57, 118, 186],
[17, 100, 139, 193],
[34, 89, 113, 184],
[3, 95, 147, 190],
[20, 77, 131, 162],
[37, 81, 116, 179],
[9, 96, 141, 155],
[26, 99, 142, 164],
[43, 60, 127, 156],
[10, 64, 122, 197],
[27, 94, 114, 166],
[44, 70, 107, 183],
[13, 82, 128, 160],
[30, 83, 133, 196],
[47, 66, 102, 178],
[5, 62, 138, 165],
[22, 91, 136, 188],
[39, 65, 148, 153],
[15, 101, 151, 177],
[32, 79, 150, 176],
[49, 51, 112, 158],
[11, 84, 108, 154],
[28, 73, 125, 172],
[45, 80, 119, 189],
[16, 88, 143, 159],
[33, 59, 123, 180],
[50, 67, 137, 174],
[14, 87, 115, 194],
[31, 75, 111, 170],
[48, 98, 106, 181],
[8, 55, 104, 199],
[25, 72, 140, 202],
[42, 76, 121, 182],
[7, 63, 134, 171],
[24, 93, 130, 173],
[41, 58, 144, 201],
[4, 92, 145, 187],
[21, 53, 135, 192],
[38, 61, 103, 195],
[12, 71, 105, 200],
[29, 86, 146, 203],
[46, 69, 117, 167],
[2, 74, 110, 175],
[19, 97, 124, 198],
[36, 78, 132, 169],
[6, 52, 109, 191],
[23, 68, 149, 163],
[40, 56, 120, 157],
[1, 54, 126, 168],
[18, 85, 152, 185],
[35, 90, 129, 161]],

[[0, 54, 114, 200],
[17, 51, 128, 190],
[34, 96, 115, 156],
[3, 88, 120, 192],
[20, 84, 129, 168],
[37, 61, 107, 174],
[9, 68, 140, 160],
[26, 74, 132, 170],
[43, 64, 117, 153],
[10, 55, 150, 169],
[27, 66, 124, 201],
[44, 91, 125, 187],
[13, 98, 144, 175],
[30, 76, 130, 176],
[47, 90, 143, 158],
[5, 86, 152, 162],
[22, 95, 116, 180],
[39, 73, 110, 163],
[15, 85, 133, 161],
[32, 80, 149, 198],
[49, 99, 138, 203],
[11, 60, 121, 194],
[28, 78, 111, 173],
[45, 100, 134, 184],
[16, 59, 103, 185],
[33, 82, 142, 202],
[50, 83, 127, 155],
[14, 72, 131, 164],
[31, 69, 148, 191],
[48, 93, 141, 177],
[8, 65, 146, 182],
[25, 97, 135, 166],
[42, 94, 126, 186],
[7, 92, 105, 193],
[24, 79, 106, 165],
[41, 62, 151, 197],
[4, 63, 139, 181],
[21, 71, 104, 167],
[38, 87, 102, 188],
[12, 52, 145, 179],
[29, 70, 137, 159],
[46, 89, 119, 178],
[2, 67, 136, 154],
[19, 81, 123, 157],
[36, 101, 147, 196],
[6, 56, 118, 171],
[23, 75, 122, 195],
[40, 58, 113, 199],
[1, 57, 109, 172],
[18, 53, 108, 189],
[35, 77, 112, 183]],

[[0, 61, 121, 175],
[17, 53, 125, 159],
[34, 60, 130, 168],
[3, 74, 148, 169],
[20, 82, 109, 188],
[37, 78, 114, 189],
[9, 52, 144, 164],
[26, 58, 126, 176],
[43, 81, 118, 177],
[10, 66, 136, 161],
[27, 97, 138, 171],
[44, 86, 147, 181],
[13, 73, 134, 167],
[30, 65, 139, 157],
[47, 92, 151, 203],
[5, 54, 142, 194],
[22, 89, 112, 174],
[39, 84, 140, 155],
[15, 100, 123, 199],
[32, 77, 143, 200],
[49, 59, 113, 196],
[11, 64, 116, 178],
[28, 55, 105, 191],
[45, 56, 141, 197],
[16, 96, 106, 192],
[33, 83, 145, 183],
[50, 76, 117, 186],
[14, 90, 150, 170],
[31, 94, 107, 153],
[48, 67, 133, 195],
[8, 62, 132, 198],
[25, 85, 119, 193],
[42, 101, 102, 187],
[7, 91, 108, 190],
[24, 71, 137, 156],
[41, 99, 146, 180],
[4, 95, 149, 201],
[21, 79, 115, 182],
[38, 70, 135, 154],
[12, 69, 152, 163],
[29, 75, 104, 160],
[46, 98, 131, 202],
[2, 88, 103, 162],
[19, 72, 110, 173],
[36, 68, 127, 172],
[6, 80, 129, 158],
[23, 57, 128, 165],
[40, 93, 124, 179],
[1, 63, 120, 166],
[18, 51, 122, 184],
[35, 87, 111, 185]],

[[0, 69, 141, 183],
[17, 52, 105, 157],
[34, 87, 134, 202],
[3, 55, 151, 189],
[20, 81, 133, 171],
[37, 76, 122, 163],
[9, 56, 125, 185],
[26, 75, 139, 153],
[43, 63, 108, 203],
[10, 68, 128, 198],
[27, 86, 110, 200],
[44, 101, 116, 165],
[13, 89, 129, 182],
[30, 100, 106, 154],
[47, 85, 115, 172],
[5, 71, 149, 178],
[22, 53, 117, 191],
[39, 88, 121, 164],
[15, 78, 126, 170],
[32, 96, 127, 166],
[49, 61, 142, 159],
[11, 83, 120, 158],
[28, 66, 140, 162],
[45, 97, 137, 195],
[16, 57, 132, 201],
[33, 74, 146, 188],
[50, 90, 104, 175],
[14, 92, 136, 190],
[31, 54, 138, 177],
[48, 91, 144, 161],
[8, 72, 143, 179],
[25, 95, 118, 196],
[42, 77, 103, 156],
[7, 80, 152, 167],
[24, 73, 111, 168],
[41, 70, 131, 169],
[4, 64, 119, 155],
[21, 84, 113, 181],
[38, 99, 148, 193],
[12, 98, 102, 173],
[29, 67, 112, 199],
[46, 93, 135, 176],
[2, 65, 107, 186],
[19, 82, 145, 174],
[36, 94, 123, 197],
[6, 58, 150, 184],
[23, 59, 114, 194],
[40, 51, 130, 180],
[1, 62, 147, 160],
[18, 79, 109, 187],
[35, 60, 124, 192]],

[[0, 55, 147, 188],
[17, 67, 132, 175],
[34, 75, 137, 172],
[3, 69, 106, 186],
[20, 97, 149, 185],
[37, 68, 143, 165],
[9, 92, 124, 199],
[26, 57, 134, 183],
[43, 93, 115, 161],
[10, 79, 111, 178],
[27, 58, 130, 196],
[44, 89, 123, 159],
[13, 80, 140, 180],
[30, 88, 114, 193],
[47, 96, 146, 173],
[5, 77, 148, 184],
[22, 70, 113, 162],
[39, 87, 136, 195],
[15, 82, 105, 153],
[32, 56, 108, 177],
[49, 74, 150, 187],
[11, 52, 117, 202],
[28, 90, 109, 194],
[45, 86, 126, 174],
[16, 101, 131, 179],
[33, 51, 118, 181],
[50, 81, 119, 163],
[14, 54, 135, 157],
[31, 71, 110, 168],
[48, 53, 116, 198],
[8, 73, 139, 200],
[25, 94, 142, 160],
[42, 84, 128, 158],
[7, 61, 145, 169],
[24, 59, 112, 154],
[41, 100, 141, 189],
[4, 98, 107, 171],
[21, 66, 103, 170],
[38, 78, 120, 182],
[12, 64, 133, 156],
[29, 65, 152, 197],
[46, 72, 121, 166],
[2, 62, 102, 203],
[19, 85, 144, 190],
[36, 76, 104, 164],
[6, 91, 127, 201],
[23, 63, 138, 192],
[40, 83, 125, 191],
[1, 60, 151, 155],
[18, 95, 129, 176],
[35, 99, 122, 167]],

[[0, 64, 124, 154],
[17, 97, 129, 163],
[34, 72, 118, 157],
[3, 93, 131, 184],
[20, 67, 146, 190],
[37, 101, 113, 183],
[9, 58, 142, 180],
[26, 71, 147, 166],
[43, 51, 106, 175],
[10, 62, 148, 200],
[27, 99, 141, 162],
[44, 63, 151, 158],
[13, 88, 127, 202],
[30, 59, 126, 155],
[47, 82, 125, 156],
[5, 74, 119, 197],
[22, 61, 133, 192],
[39, 98, 120, 174],
[15, 69, 110, 179],
[32, 76, 137, 161],
[49, 57, 111, 198],
[11, 81, 138, 167],
[28, 75, 136, 186],
[45, 54, 122, 191],
[16, 89, 108, 164],
[33, 80, 107, 160],
[50, 60, 128, 182],
[14, 68, 103, 199],
[31, 53, 102, 172],
[48, 70, 123, 189],
[8, 87, 140, 196],
[25, 100, 115, 159],
[42, 91, 117, 176],
[7, 78, 130, 194],
[24, 52, 104, 171],
[41, 83, 121, 173],
[4, 96, 132, 185],
[21, 65, 144, 165],
[38, 86, 145, 177],
[12, 56, 109, 193],
[29, 66, 143, 169],
[46, 85, 112, 201],
[2, 94, 105, 187],
[19, 95, 152, 178],
[36, 77, 139, 168],
[6, 92, 135, 153],
[23, 73, 150, 181],
[40, 79, 116, 188],
[1, 90, 134, 195],
[18, 55, 149, 170],
[35, 84, 114, 203]],

[[0, 78, 125, 178],
[17, 66, 147, 173],
[34, 101, 114, 199],
[3, 94, 128, 172],
[20, 62, 107, 192],
[37, 72, 119, 168],
[9, 80, 120, 175],
[26, 63, 117, 155],
[43, 70, 129, 187],
[10, 60, 146, 157],
[27, 95, 133, 159],
[44, 64, 132, 174],
[13, 79, 149, 194],
[30, 82, 150, 186],
[47, 83, 108, 170],
[5, 76, 134, 169],
[22, 81, 103, 201],
[39, 52, 143, 188],
[15, 65, 109, 164],
[32, 67, 123, 160],
[49, 92, 131, 200],
[11, 51, 141, 196],
[28, 68, 116, 154],
[45, 93, 110, 190],
[16, 53, 124, 195],
[33, 88, 111, 153],
[50, 59, 144, 176],
[14, 55, 130, 193],
[31, 58, 145, 166],
[48, 87, 152, 184],
[8, 98, 127, 185],
[25, 69, 126, 158],
[42, 96, 148, 202],
[7, 73, 136, 203],
[24, 56, 151, 191],
[41, 75, 135, 165],
[4, 90, 105, 197],
[21, 74, 118, 183],
[38, 85, 139, 180],
[12, 89, 104, 198],
[29, 57, 122, 156],
[46, 86, 142, 171],
[2, 77, 121, 181],
[19, 91, 137, 167],
[36, 84, 112, 162],
[6, 61, 115, 189],
[23, 71, 102, 161],
[40, 100, 138, 182],
[1, 99, 140, 163],
[18, 54, 106, 179],
[35, 97, 113, 177]],

[[0, 101, 120, 198],
[17, 56, 134, 162],
[34, 86, 129, 197],
[3, 80, 125, 166],
[20, 91, 130, 184],
[37, 95, 144, 188],
[9, 94, 103, 189],
[26, 59, 109, 157],
[43, 79, 136, 170],
[10, 98, 114, 167],
[27, 55, 119, 172],
[44, 84, 143, 202],
[13, 66, 118, 164],
[30, 99, 113, 191],
[47, 76, 138, 190],
[5, 90, 111, 177],
[22, 92, 106, 171],
[39, 68, 145, 181],
[15, 75, 142, 163],
[32, 85, 122, 153],
[49, 72, 127, 176],
[11, 71, 107, 159],
[28, 60, 132, 158],
[45, 58, 140, 173],
[16, 62, 123, 168],
[33, 87, 147, 179],
[50, 82, 141, 161],
[14, 83, 139, 203],
[31, 97, 151, 156],
[48, 63, 104, 187],
[8, 69, 112, 192],
[25, 65, 150, 183],
[42, 67, 108, 194],
[7, 74, 133, 186],
[24, 100, 110, 178],
[41, 57, 149, 195],
[4, 93, 102, 180],
[21, 54, 137, 201],
[38, 81, 128, 175],
[12, 77, 115, 155],
[29, 88, 135, 196],
[46, 51, 124, 169],
[2, 89, 117, 165],
[19, 61, 105, 182],
[36, 73, 131, 154],
[6, 78, 121, 174],
[23, 52, 148, 185],
[40, 70, 152, 200],
[1, 96, 116, 193],
[18, 64, 126, 199],
[35, 53, 146, 160]],

[[0, 87, 119, 176],
[17, 80, 109, 196],
[34, 57, 106, 174],
[3, 89, 114, 201],
[20, 59, 134, 187],
[37, 73, 151, 192],
[9, 84, 139, 163],
[26, 91, 145, 185],
[43, 83, 122, 172],
[10, 99, 110, 177],
[27, 65, 125, 154],
[44, 97, 103, 184],
[13, 78, 142, 186],
[30, 86, 128, 153],
[47, 64, 120, 195],
[5, 92, 116, 168],
[22, 54, 141, 198],
[39, 71, 146, 165],
[15, 58, 104, 182],
[32, 93, 117, 199],
[49, 77, 124, 161],
[11, 94, 150, 203],
[28, 70, 144, 202],
[45, 55, 118, 194],
[16, 63, 126, 197],
[33, 95, 127, 189],
[50, 69, 129, 160],
[14, 76, 132, 200],
[31, 90, 115, 178],
[48, 101, 149, 169],
[8, 79, 135, 167],
[25, 67, 121, 188],
[42, 85, 138, 175],
[7, 72, 111, 191],
[24, 81, 143, 190],
[41, 96, 123, 162],
[4, 51, 113, 179],
[21, 62, 152, 155],
[38, 53, 131, 181],
[12, 68, 130, 157],
[29, 61, 148, 170],
[46, 82, 102, 158],
[2, 60, 147, 171],
[19, 88, 136, 180],
[36, 52, 137, 193],
[6, 100, 107, 173],
[23, 56, 105, 164],
[40, 75, 133, 183],
[1, 98, 112, 159],
[18, 74, 140, 156],
[35, 66, 108, 166]],

[[0, 86, 111, 187],
[17, 69, 103, 203],
[34, 59, 122, 158],
[3, 51, 146, 164],
[20, 88, 125, 181],
[37, 83, 106, 167],
[9, 100, 149, 188],
[26, 78, 115, 199],
[43, 73, 104, 183],
[10, 90, 124, 184],
[27, 64, 123, 198],
[44, 85, 134, 173],
[13, 101, 145, 192],
[30, 56, 117, 190],
[47, 89, 130, 161],
[5, 66, 109, 179],
[22, 71, 140, 189],
[39, 53, 132, 196],
[15, 70, 119, 180],
[32, 63, 135, 193],
[49, 62, 136, 166],
[11, 61, 147, 200],
[28, 91, 138, 178],
[45, 98, 139, 186],
[16, 97, 128, 191],
[33, 79, 108, 201],
[50, 84, 150, 185],
[14, 67, 114, 176],
[31, 92, 118, 159],
[48, 54, 148, 162],
[8, 80, 113, 171],
[25, 99, 102, 154],
[42, 72, 105, 163],
[7, 77, 116, 157],
[24, 94, 141, 195],
[41, 68, 142, 168],
[4, 74, 127, 174],
[21, 60, 120, 160],
[38, 95, 112, 170],
[12, 87, 107, 182],
[29, 58, 151, 172],
[46, 52, 133, 177],
[2, 76, 152, 194],
[19, 55, 129, 165],
[36, 82, 110, 155],
[6, 75, 131, 156],
[23, 96, 144, 197],
[40, 57, 137, 153],
[1, 93, 143, 175],
[18, 65, 121, 202],
[35, 81, 126, 169]],

[[0, 68, 108, 171],
[17, 89, 141, 167],
[34, 67, 145, 178],
[3, 83, 124, 194],
[20, 60, 119, 153],
[37, 82, 134, 182],
[9, 90, 146, 154],
[26, 96, 113, 163],
[43, 56, 148, 166],
[10, 100, 135, 175],
[27, 54, 147, 192],
[44, 66, 127, 196],
[13, 77, 106, 197],
[30, 80, 104, 188],
[47, 57, 136, 168],
[5, 88, 151, 200],
[22, 86, 122, 160],
[39, 70, 126, 185],
[15, 87, 118, 158],
[32, 98, 103, 155],
[49, 79, 102, 156],
[11, 95, 110, 187],
[28, 52, 129, 159],
[45, 73, 116, 162],
[16, 65, 115, 190],
[33, 101, 130, 195],
[50, 99, 111, 181],
[14, 78, 138, 183],
[31, 72, 125, 203],
[48, 71, 128, 202],
[8, 53, 133, 174],
[25, 59, 120, 165],
[42, 64, 152, 173],
[7, 94, 137, 199],
[24, 61, 140, 172],
[41, 91, 132, 179],
[4, 58, 117, 189],
[21, 81, 150, 164],
[38, 55, 109, 176],
[12, 84, 121, 177],
[29, 69, 144, 193],
[46, 63, 149, 184],
[2, 75, 143, 198],
[19, 92, 112, 191],
[36, 97, 114, 180],
[6, 76, 123, 170],
[23, 93, 107, 169],
[40, 74, 139, 201],
[1, 51, 131, 161],
[18, 62, 142, 157],
[35, 85, 105, 186]],

[[0, 77, 137, 190],
[17, 58, 111, 165],
[34, 88, 132, 154],
[3, 72, 104, 162],
[20, 90, 147, 191],
[37, 55, 103, 161],
[9, 76, 106, 193],
[26, 54, 119, 173],
[43, 74, 120, 199],
[10, 57, 133, 187],
[27, 96, 102, 157],
[44, 53, 129, 188],
[13, 86, 150, 158],
[30, 61, 146, 201],
[47, 59, 135, 163],
[5, 51, 110, 189],
[22, 82, 149, 159],
[39, 89, 124, 176],
[15, 98, 108, 183],
[32, 69, 128, 194],
[49, 65, 145, 170],
[11, 99, 152, 169],
[28, 84, 123, 167],
[45, 75, 114, 202],
[16, 100, 140, 174],
[33, 85, 148, 168],
[50, 80, 151, 179],
[14, 64, 141, 182],
[31, 56, 116, 175],
[48, 94, 134, 178],
[8, 70, 130, 186],
[25, 87, 143, 164],
[42, 83, 109, 180],
[7, 66, 112, 197],
[24, 91, 131, 166],
[41, 52, 126, 184],
[4, 73, 118, 160],
[21, 63, 136, 185],
[38, 68, 138, 153],
[12, 97, 122, 203],
[29, 78, 105, 198],
[46, 67, 139, 156],
[2, 79, 113, 192],
[19, 93, 142, 196],
[36, 71, 121, 195],
[6, 101, 125, 155],
[23, 92, 127, 177],
[40, 62, 144, 171],
[1, 81, 115, 181],
[18, 60, 107, 200],
[35, 95, 117, 172]],

[[0, 84, 136, 184],
[17, 61, 131, 168],
[34, 63, 141, 180],
[3, 82, 118, 173],
[20, 94, 135, 174],
[37, 54, 129, 195],
[9, 97, 145, 200],
[26, 92, 146, 156],
[43, 53, 103, 197],
[10, 81, 109, 166],
[27, 51, 143, 167],
[44, 74, 152, 172],
[13, 87, 114, 163],
[30, 89, 138, 194],
[47, 52, 119, 181],
[5, 83, 102, 199],
[22, 60, 123, 185],
[39, 76, 113, 202],
[15, 88, 147, 203],
[32, 65, 111, 175],
[49, 67, 130, 191],
[11, 85, 104, 177],
[28, 64, 112, 171],
[45, 78, 127, 154],
[16, 93, 125, 186],
[33, 96, 126, 164],
[50, 77, 133, 189],
[14, 59, 149, 160],
[31, 66, 132, 193],
[48, 57, 140, 157],
[8, 91, 106, 162],
[25, 98, 151, 190],
[42, 69, 142, 153],
[7, 90, 122, 155],
[24, 86, 121, 201],
[41, 73, 107, 187],
[4, 75, 108, 192],
[21, 100, 128, 176],
[38, 79, 110, 183],
[12, 58, 116, 161],
[29, 101, 124, 178],
[46, 56, 137, 196],
[2, 72, 115, 169],
[19, 99, 120, 188],
[36, 62, 117, 158],
[6, 70, 105, 179],
[23, 80, 134, 170],
[40, 71, 150, 198],
[1, 95, 139, 165],
[18, 68, 148, 182],
[35, 55, 144, 159]],

[[0, 97, 139, 202],
[17, 78, 110, 192],
[34, 52, 107, 189],
[3, 79, 132, 155],
[20, 76, 128, 197],
[37, 91, 102, 164],
[9, 53, 114, 179],
[26, 101, 104, 159],
[43, 71, 119, 169],
[10, 87, 145, 201],
[27, 68, 122, 187],
[44, 60, 142, 154],
[13, 81, 112, 184],
[30, 69, 125, 199],
[47, 88, 116, 191],
[5, 75, 103, 182],
[22, 90, 152, 166],
[39, 55, 127, 183],
[15, 92, 120, 186],
[32, 82, 129, 178],
[49, 85, 141, 157],
[11, 72, 151, 195],
[28, 77, 135, 198],
[45, 66, 121, 165],
[16, 56, 150, 173],
[33, 62, 134, 190],
[50, 74, 108, 153],
[14, 61, 143, 185],
[31, 83, 113, 176],
[48, 86, 118, 156],
[8, 51, 126, 172],
[25, 73, 146, 174],
[42, 65, 149, 168],
[7, 67, 117, 161],
[24, 54, 124, 170],
[41, 89, 105, 181],
[4, 100, 144, 167],
[21, 93, 111, 188],
[38, 96, 130, 203],
[12, 99, 123, 175],
[29, 63, 140, 200],
[46, 80, 147, 162],
[2, 57, 131, 158],
[19, 94, 148, 171],
[36, 64, 109, 163],
[6, 95, 136, 194],
[23, 98, 137, 160],
[40, 59, 106, 177],
[1, 70, 138, 196],
[18, 84, 115, 180],
[35, 58, 133, 193]],

[[0, 63, 143, 156],
[17, 101, 115, 186],
[34, 56, 123, 188],
[3, 75, 144, 185],
[20, 99, 118, 170],
[37, 92, 130, 201],
[9, 73, 152, 153],
[26, 87, 125, 160],
[43, 80, 135, 202],
[10, 70, 103, 171],
[27, 69, 104, 181],
[44, 58, 124, 167],
[13, 55, 117, 173],
[30, 68, 121, 192],
[47, 67, 134, 166],
[5, 82, 140, 195],
[22, 93, 145, 193],
[39, 54, 112, 187],
[15, 97, 150, 175],
[32, 71, 109, 190],
[49, 76, 114, 162],
[11, 77, 132, 172],
[28, 94, 149, 179],
[45, 61, 102, 196],
[16, 86, 105, 180],
[33, 57, 138, 197],
[50, 95, 106, 168],
[14, 81, 111, 161],
[31, 52, 142, 183],
[48, 90, 120, 203],
[8, 89, 128, 169],
[25, 60, 108, 184],
[42, 100, 119, 164],
[7, 85, 113, 189],
[24, 72, 136, 200],
[41, 53, 147, 177],
[4, 88, 137, 182],
[21, 96, 139, 154],
[38, 62, 141, 163],
[12, 74, 151, 178],
[29, 64, 127, 157],
[46, 79, 126, 159],
[2, 59, 129, 174],
[19, 51, 107, 194],
[36, 91, 133, 165],
[6, 66, 122, 199],
[23, 84, 110, 191],
[40, 65, 131, 176],
[1, 83, 146, 198],
[18, 98, 116, 158],
[35, 78, 148, 155]],

[[0, 56, 133, 170],
[17, 79, 142, 169],
[34, 80, 148, 190],
[3, 57, 127, 163],
[20, 93, 139, 183],
[37, 64, 128, 177],
[9, 71, 151, 181],
[26, 100, 112, 161],
[43, 69, 134, 176],
[10, 59, 102, 186],
[27, 98, 145, 165],
[44, 67, 135, 182],
[13, 63, 147, 154],
[30, 97, 136, 197],
[47, 58, 105, 188],
[5, 72, 106, 187],
[22, 76, 126, 179],
[39, 62, 104, 156],
[15, 53, 121, 167],
[32, 101, 138, 157],
[49, 70, 122, 168],
[11, 92, 125, 174],
[28, 61, 118, 184],
[45, 91, 113, 160],
[16, 52, 152, 158],
[33, 89, 137, 155],
[50, 51, 116, 201],
[14, 84, 146, 189],
[31, 68, 141, 200],
[48, 75, 117, 175],
[8, 54, 109, 178],
[25, 88, 130, 171],
[42, 55, 111, 192],
[7, 96, 103, 153],
[24, 77, 120, 185],
[41, 94, 110, 159],
[4, 87, 129, 198],
[21, 82, 131, 193],
[38, 74, 115, 173],
[12, 95, 132, 199],
[29, 81, 149, 162],
[46, 66, 150, 172],
[2, 99, 108, 202],
[19, 83, 114, 164],
[36, 60, 144, 191],
[6, 73, 143, 180],
[23, 86, 124, 166],
[40, 78, 123, 195],
[1, 85, 107, 203],
[18, 90, 119, 196],
[35, 65, 140, 194]],

[[0, 85, 126, 191],
[17, 57, 143, 177],
[34, 99, 117, 171],
[3, 59, 133, 168],
[20, 51, 150, 199],
[37, 62, 115, 175],
[9, 66, 130, 198],
[26, 70, 149, 182],
[43, 96, 121, 200],
[10, 67, 106, 203],
[27, 83, 152, 190],
[44, 65, 104, 180],
[13, 72, 102, 193],
[30, 79, 129, 173],
[47, 101, 110, 201],
[5, 63, 137, 163],
[22, 94, 146, 167],
[39, 92, 108, 160],
[15, 95, 135, 169],
[32, 87, 105, 154],
[49, 80, 116, 172],
[11, 98, 124, 189],
[28, 71, 134, 164],
[45, 52, 128, 192],
[16, 73, 120, 176],
[33, 75, 112, 194],
[50, 88, 131, 170],
[14, 60, 140, 181],
[31, 78, 119, 185],
[48, 58, 132, 159],
[8, 93, 136, 157],
[25, 53, 122, 162],
[42, 82, 151, 165],
[7, 97, 141, 188],
[24, 74, 145, 161],
[41, 61, 109, 183],
[4, 91, 123, 202],
[21, 69, 114, 196],
[38, 76, 107, 156],
[12, 81, 148, 197],
[29, 84, 118, 166],
[46, 68, 113, 174],
[2, 86, 138, 184],
[19, 64, 111, 186],
[36, 90, 125, 153],
[6, 55, 139, 195],
[23, 100, 142, 155],
[40, 89, 147, 187],
[1, 56, 127, 179],
[18, 77, 144, 178],
[35, 54, 103, 158]],

[[0, 53, 145, 194],
[17, 77, 108, 195],
[34, 51, 142, 198],
[3, 64, 136, 165],
[20, 83, 143, 189],
[37, 60, 138, 166],
[9, 95, 148, 157],
[26, 86, 151, 196],
[43, 98, 113, 193],
[10, 74, 105, 159],
[27, 72, 146, 178],
[44, 90, 112, 168],
[13, 85, 135, 155],
[30, 94, 152, 156],
[47, 99, 114, 197],
[5, 80, 123, 181],
[22, 79, 131, 199],
[39, 91, 119, 154],
[15, 71, 111, 176],
[32, 84, 102, 171],
[49, 69, 137, 173],
[11, 59, 140, 184],
[28, 65, 147, 185],
[45, 70, 106, 153],
[16, 75, 130, 188],
[33, 100, 109, 203],
[50, 93, 121, 191],
[14, 82, 107, 177],
[31, 55, 126, 182],
[48, 56, 103, 183],
[8, 63, 118, 202],
[25, 62, 110, 172],
[42, 87, 124, 174],
[7, 76, 149, 180],
[24, 101, 132, 163],
[41, 81, 104, 200],
[4, 52, 122, 175],
[21, 73, 127, 186],
[38, 67, 125, 158],
[12, 92, 144, 169],
[29, 68, 133, 201],
[46, 78, 128, 187],
[2, 58, 120, 164],
[19, 89, 116, 192],
[36, 66, 141, 190],
[6, 54, 134, 161],
[23, 97, 115, 179],
[40, 96, 117, 170],
[1, 88, 129, 167],
[18, 57, 150, 160],
[35, 61, 139, 162]],

[[0, 52, 115, 174],
[17, 87, 104, 191],
[34, 61, 111, 179],
[3, 60, 117, 196],
[20, 66, 110, 180],
[37, 90, 142, 185],
[9, 55, 116, 187],
[26, 84, 133, 172],
[43, 89, 149, 158],
[10, 65, 120, 156],
[27, 81, 137, 202],
[44, 94, 119, 162],
[13, 54, 121, 189],
[30, 77, 102, 170],
[47, 91, 112, 169],
[5, 64, 125, 201],
[22, 59, 127, 182],
[39, 99, 107, 166],
[15, 73, 103, 173],
[32, 70, 141, 203],
[49, 78, 152, 165],
[11, 67, 131, 197],
[28, 83, 126, 192],
[45, 85, 129, 183],
[16, 98, 146, 161],
[33, 93, 151, 163],
[50, 96, 122, 178],
[14, 62, 105, 195],
[31, 76, 144, 198],
[48, 97, 108, 193],
[8, 57, 145, 175],
[25, 79, 128, 186],
[42, 95, 123, 184],
[7, 69, 147, 164],
[24, 92, 113, 155],
[41, 80, 118, 199],
[4, 68, 135, 159],
[21, 75, 124, 157],
[38, 100, 150, 190],
[12, 72, 134, 194],
[29, 71, 139, 171],
[46, 58, 143, 181],
[2, 56, 130, 167],
[19, 63, 109, 153],
[36, 88, 140, 188],
[6, 86, 132, 168],
[23, 53, 106, 200],
[40, 101, 148, 160],
[1, 74, 136, 177],
[18, 82, 114, 154],
[35, 51, 138, 176]],

[[0, 60, 116, 203],
[17, 75, 148, 164],
[34, 69, 135, 195],
[3, 52, 141, 160],
[20, 55, 136, 158],
[37, 86, 123, 155],
[9, 54, 117, 183],
[26, 97, 140, 167],
[43, 78, 143, 184],
[10, 88, 113, 194],
[27, 85, 109, 169],
[44, 68, 131, 186],
[13, 91, 103, 174],
[30, 53, 105, 185],
[47, 61, 152, 177],
[5, 73, 121, 171],
[22, 66, 134, 181],
[39, 83, 150, 193],
[15, 64, 144, 187],
[32, 100, 145, 197],
[49, 98, 132, 178],
[11, 56, 112, 180],
[28, 72, 107, 201],
[45, 90, 108, 188],
[16, 77, 114, 175],
[33, 65, 119, 200],
[50, 62, 149, 199],
[14, 74, 124, 162],
[31, 95, 137, 179],
[48, 92, 139, 196],
[8, 101, 111, 156],
[25, 51, 104, 157],
[42, 99, 130, 190],
[7, 84, 127, 192],
[24, 67, 129, 153],
[41, 71, 120, 170],
[4, 59, 128, 166],
[21, 58, 102, 202],
[38, 93, 147, 172],
[12, 96, 138, 168],
[29, 94, 106, 191],
[46, 70, 115, 165],
[2, 63, 142, 182],
[19, 57, 151, 154],
[36, 79, 122, 161],
[6, 82, 126, 163],
[23, 89, 118, 189],
[40, 87, 146, 159],
[1, 80, 133, 176],
[18, 81, 110, 198],
[35, 76, 125, 173]],

[[0, 92, 134, 197],
[17, 55, 140, 178],
[34, 93, 133, 153],
[3, 67, 102, 179],
[20, 75, 132, 176],
[37, 97, 110, 194],
[9, 89, 127, 170],
[26, 53, 136, 175],
[43, 101, 126, 154],
[10, 56, 142, 192],
[27, 82, 120, 191],
[44, 77, 122, 171],
[13, 58, 107, 190],
[30, 73, 145, 164],
[47, 87, 137, 183],
[5, 52, 112, 198],
[22, 100, 105, 165],
[39, 86, 106, 182],
[15, 90, 138, 156],
[32, 66, 139, 167],
[49, 96, 104, 201],
[11, 65, 118, 162],
[28, 57, 121, 155],
[45, 94, 144, 181],
[16, 54, 111, 163],
[33, 61, 125, 157],
[50, 85, 103, 159],
[14, 95, 113, 166],
[31, 81, 147, 174],
[48, 84, 131, 160],
[8, 71, 115, 158],
[25, 80, 141, 169],
[42, 60, 135, 172],
[7, 64, 151, 168],
[24, 78, 150, 188],
[41, 72, 114, 161],
[4, 70, 109, 177],
[21, 83, 130, 187],
[38, 63, 152, 186],
[12, 62, 129, 184],
[29, 74, 116, 189],
[46, 91, 146, 195],
[2, 98, 148, 180],
[19, 79, 117, 193],
[36, 51, 149, 173],
[6, 99, 124, 200],
[23, 76, 108, 199],
[40, 88, 128, 185],
[1, 69, 119, 202],
[18, 59, 143, 203],
[35, 68, 123, 196]],

[[0, 58, 127, 158],
[17, 71, 106, 201],
[34, 97, 126, 162],
[3, 62, 143, 161],
[20, 72, 152, 160],
[37, 93, 118, 203],
[9, 101, 123, 191],
[26, 88, 150, 177],
[43, 87, 110, 157],
[10, 80, 108, 173],
[27, 57, 117, 188],
[44, 76, 109, 195],
[13, 61, 124, 165],
[30, 63, 144, 168],
[47, 100, 104, 153],
[5, 69, 131, 175],
[22, 75, 121, 196],
[39, 96, 137, 180],
[15, 89, 146, 193],
[32, 54, 116, 169],
[49, 86, 115, 154],
[11, 74, 135, 181],
[28, 85, 128, 174],
[45, 51, 105, 170],
[16, 91, 139, 182],
[33, 53, 141, 199],
[50, 52, 134, 172],
[14, 77, 145, 202],
[31, 84, 120, 187],
[48, 68, 129, 164],
[8, 78, 107, 176],
[25, 70, 148, 194],
[42, 59, 132, 171],
[7, 55, 102, 184],
[24, 66, 149, 189],
[41, 56, 138, 163],
[4, 94, 125, 200],
[21, 98, 122, 198],
[38, 90, 151, 167],
[12, 79, 112, 190],
[29, 95, 114, 192],
[46, 81, 140, 185],
[2, 73, 119, 179],
[19, 65, 133, 155],
[36, 99, 136, 156],
[6, 60, 113, 197],
[23, 64, 147, 159],
[40, 92, 111, 166],
[1, 82, 130, 183],
[18, 67, 103, 186],
[35, 83, 142, 178]],

[[0, 90, 117, 162],
[17, 63, 150, 194],
[34, 70, 146, 181],
[3, 101, 108, 174],
[20, 95, 142, 200],
[37, 94, 112, 176],
[9, 62, 128, 178],
[26, 80, 127, 195],
[43, 82, 138, 198],
[10, 69, 123, 172],
[27, 59, 111, 197],
[44, 51, 136, 163],
[13, 92, 122, 179],
[30, 52, 147, 180],
[47, 79, 139, 189],
[5, 96, 135, 161],
[22, 67, 107, 157],
[39, 93, 105, 158],
[15, 74, 131, 155],
[32, 88, 119, 156],
[49, 53, 140, 171],
[11, 89, 148, 173],
[28, 81, 102, 182],
[45, 77, 130, 164],
[16, 60, 137, 177],
[33, 73, 115, 193],
[50, 87, 132, 166],
[14, 75, 106, 184],
[31, 61, 104, 186],
[48, 78, 109, 167],
[8, 58, 114, 153],
[25, 56, 144, 203],
[42, 98, 133, 191],
[7, 83, 118, 165],
[24, 97, 152, 192],
[41, 86, 113, 185],
[4, 57, 116, 199],
[21, 91, 134, 159],
[38, 65, 124, 196],
[12, 54, 149, 154],
[29, 99, 121, 168],
[46, 84, 125, 188],
[2, 68, 126, 183],
[19, 100, 103, 160],
[36, 85, 143, 170],
[6, 64, 110, 169],
[23, 55, 120, 201],
[40, 66, 129, 202],
[1, 71, 141, 187],
[18, 76, 151, 175],
[35, 72, 145, 190]],

[[0, 94, 104, 168],
[17, 54, 136, 174],
[34, 79, 138, 191],
[3, 98, 119, 182],
[20, 80, 111, 164],
[37, 84, 117, 159],
[9, 91, 121, 203],
[26, 95, 130, 162],
[43, 59, 150, 179],
[10, 76, 116, 196],
[27, 67, 127, 184],
[44, 83, 141, 201],
[13, 60, 110, 199],
[30, 71, 124, 160],
[47, 75, 129, 155],
[5, 99, 115, 185],
[22, 74, 102, 200],
[39, 72, 144, 172],
[15, 62, 137, 194],
[32, 81, 107, 170],
[49, 82, 103, 169],
[11, 87, 126, 165],
[28, 88, 133, 197],
[45, 68, 152, 193],
[16, 61, 151, 153],
[33, 55, 131, 198],
[50, 100, 148, 156],
[14, 69, 118, 187],
[31, 93, 146, 192],
[48, 52, 135, 190],
[8, 56, 122, 154],
[25, 63, 125, 161],
[42, 57, 139, 178],
[7, 65, 143, 195],
[24, 90, 128, 180],
[41, 101, 112, 188],
[4, 89, 120, 183],
[21, 51, 140, 166],
[38, 73, 106, 202],
[12, 85, 147, 158],
[29, 53, 113, 173],
[46, 64, 105, 189],
[2, 78, 134, 163],
[19, 58, 108, 175],
[36, 96, 145, 176],
[6, 77, 142, 177],
[23, 66, 123, 171],
[40, 97, 109, 181],
[1, 86, 114, 186],
[18, 70, 132, 167],
[35, 92, 149, 157]],

[[0, 71, 113, 172],
[17, 91, 135, 189],
[34, 53, 110, 164],
[3, 99, 116, 195],
[20, 65, 103, 193],
[37, 59, 141, 153],
[9, 78, 136, 202],
[26, 73, 105, 178],
[43, 84, 151, 174],
[10, 83, 138, 160],
[27, 92, 140, 158],
[44, 72, 150, 192],
[13, 90, 132, 181],
[30, 55, 123, 166],
[47, 70, 147, 176],
[5, 93, 114, 170],
[22, 64, 148, 183],
[39, 81, 152, 159],
[15, 94, 139, 184],
[32, 95, 131, 191],
[49, 68, 144, 177],
[11, 76, 145, 171],
[28, 69, 108, 180],
[45, 82, 143, 201],
[16, 58, 112, 156],
[33, 52, 149, 161],
[50, 97, 107, 196],
[14, 96, 133, 169],
[31, 67, 128, 167],
[48, 62, 119, 188],
[8, 75, 102, 168],
[25, 57, 124, 173],
[42, 79, 134, 200],
[7, 51, 115, 162],
[24, 85, 142, 179],
[41, 54, 130, 155],
[4, 80, 121, 163],
[21, 88, 109, 175],
[38, 60, 126, 187],
[12, 100, 146, 186],
[29, 77, 129, 194],
[46, 87, 120, 197],
[2, 66, 137, 185],
[19, 56, 106, 199],
[36, 63, 111, 157],
[6, 74, 104, 203],
[23, 61, 117, 198],
[40, 86, 127, 165],
[1, 101, 122, 182],
[18, 89, 125, 190],
[35, 98, 118, 154]],

[[0, 65, 128, 173],
[17, 70, 120, 184],
[34, 73, 102, 185],
[3, 87, 123, 153],
[20, 64, 140, 179],
[37, 85, 145, 156],
[9, 83, 132, 161],
[26, 56, 110, 186],
[43, 100, 137, 162],
[10, 78, 149, 164],
[27, 90, 116, 176],
[44, 71, 126, 194],
[13, 94, 138, 188],
[30, 54, 118, 182],
[47, 97, 127, 187],
[5, 98, 129, 203],
[22, 62, 125, 177],
[39, 66, 133, 175],
[15, 68, 112, 202],
[32, 91, 115, 192],
[49, 84, 107, 195],
[11, 58, 139, 198],
[28, 92, 104, 165],
[45, 67, 111, 155],
[16, 76, 142, 181],
[33, 63, 121, 169],
[50, 75, 113, 200],
[14, 101, 144, 158],
[31, 74, 143, 171],
[48, 72, 130, 154],
[8, 95, 103, 163],
[25, 93, 152, 189],
[42, 51, 147, 197],
[7, 99, 106, 159],
[24, 60, 148, 174],
[41, 77, 117, 160],
[4, 53, 151, 170],
[21, 59, 105, 199],
[38, 82, 122, 157],
[12, 55, 108, 167],
[29, 96, 119, 190],
[46, 61, 114, 191],
[2, 69, 109, 201],
[19, 86, 131, 183],
[36, 57, 146, 166],
[6, 79, 141, 172],
[23, 81, 135, 178],
[40, 52, 136, 196],
[1, 89, 150, 180],
[18, 80, 124, 193],
[35, 88, 134, 168]],

[[0, 82, 106, 189],
[17, 85, 130, 197],
[34, 98, 109, 192],
[3, 100, 152, 183],
[20, 69, 127, 161],
[37, 66, 126, 160],
[9, 77, 104, 169],
[26, 90, 118, 200],
[43, 57, 123, 190],
[10, 96, 131, 174],
[27, 56, 113, 153],
[44, 54, 140, 203],
[13, 70, 108, 191],
[30, 91, 116, 163],
[47, 53, 128, 193],
[5, 101, 150, 167],
[22, 65, 114, 178],
[39, 95, 134, 198],
[15, 86, 143, 157],
[32, 58, 121, 186],
[49, 73, 148, 188],
[11, 78, 144, 179],
[28, 63, 115, 196],
[45, 71, 135, 180],
[16, 72, 141, 170],
[33, 92, 117, 182],
[50, 79, 105, 171],
[14, 93, 120, 159],
[31, 80, 139, 194],
[48, 81, 142, 165],
[8, 94, 151, 173],
[25, 84, 145, 199],
[42, 62, 112, 185],
[7, 60, 129, 201],
[24, 64, 146, 202],
[41, 55, 133, 164],
[4, 61, 136, 176],
[21, 87, 149, 177],
[38, 83, 137, 166],
[12, 76, 124, 172],
[29, 97, 111, 154],
[46, 74, 103, 168],
[2, 52, 125, 195],
[19, 67, 122, 181],
[36, 89, 107, 175],
[6, 51, 119, 187],
[23, 99, 132, 184],
[40, 68, 102, 162],
[1, 75, 110, 158],
[18, 88, 138, 155],
[35, 59, 147, 156]],

[[0, 83, 129, 169],
[17, 76, 146, 185],
[34, 77, 151, 201],
[3, 65, 122, 188],
[20, 96, 112, 175],
[37, 67, 150, 200],
[9, 86, 108, 176],
[26, 61, 135, 171],
[43, 54, 128, 159],
[10, 51, 127, 168],
[27, 74, 107, 164],
[44, 57, 120, 161],
[13, 53, 126, 178],
[30, 98, 111, 195],
[47, 73, 140, 199],
[5, 87, 130, 156],
[22, 80, 138, 154],
[39, 85, 125, 162],
[15, 84, 106, 196],
[32, 89, 142, 172],
[49, 63, 105, 190],
[11, 100, 133, 163],
[28, 56, 139, 160],
[45, 79, 148, 158],
[16, 70, 102, 155],
[33, 94, 132, 177],
[50, 71, 136, 193],
[14, 99, 137, 165],
[31, 62, 109, 202],
[48, 59, 115, 191],
[8, 68, 117, 180],
[25, 91, 149, 197],
[42, 78, 104, 166],
[7, 95, 121, 183],
[24, 55, 114, 181],
[41, 66, 119, 186],
[4, 97, 143, 153],
[21, 52, 110, 203],
[38, 69, 113, 198],
[12, 90, 131, 187],
[29, 92, 147, 184],
[46, 101, 141, 173],
[2, 81, 145, 189],
[19, 75, 134, 179],
[36, 72, 124, 182],
[6, 88, 144, 157],
[23, 60, 103, 167],
[40, 64, 118, 192],
[1, 58, 152, 174],
[18, 93, 123, 194],
[35, 82, 116, 170]],

[[0, 76, 140, 177],
[17, 90, 114, 171],
[34, 92, 119, 183],
[3, 61, 149, 181],
[20, 85, 124, 163],
[37, 74, 121, 157],
[9, 72, 138, 159],
[26, 89, 111, 203],
[43, 52, 102, 165],
[10, 53, 130, 202],
[27, 60, 150, 189],
[44, 81, 144, 153],
[13, 51, 109, 200],
[30, 87, 108, 162],
[47, 65, 141, 179],
[5, 100, 126, 166],
[22, 69, 151, 169],
[39, 59, 116, 173],
[15, 77, 134, 174],
[32, 78, 146, 158],
[49, 88, 117, 184],
[11, 79, 137, 168],
[28, 96, 143, 199],
[45, 57, 115, 176],
[16, 99, 133, 194],
[33, 98, 152, 170],
[50, 91, 118, 198],
[14, 70, 110, 156],
[31, 64, 131, 180],
[48, 95, 122, 186],
[8, 83, 148, 195],
[25, 58, 136, 155],
[42, 73, 113, 201],
[7, 56, 135, 187],
[24, 84, 105, 175],
[41, 97, 125, 182],
[4, 86, 103, 190],
[21, 101, 142, 161],
[38, 75, 123, 178],
[12, 67, 120, 196],
[29, 54, 107, 167],
[46, 71, 129, 192],
[2, 80, 132, 197],
[19, 68, 104, 185],
[36, 93, 106, 160],
[6, 94, 147, 193],
[23, 82, 139, 172],
[40, 55, 145, 154],
[1, 66, 128, 188],
[18, 63, 112, 164],
[35, 62, 127, 191]],

[[0, 95, 150, 195],
[17, 92, 126, 198],
[34, 54, 125, 165],
[3, 71, 103, 175],
[20, 52, 113, 182],
[37, 77, 147, 199],
[9, 81, 105, 172],
[26, 94, 116, 202],
[43, 88, 141, 178],
[10, 75, 152, 180],
[27, 87, 151, 186],
[44, 55, 138, 185],
[13, 68, 139, 161],
[30, 60, 122, 159],
[47, 69, 111, 174],
[5, 85, 132, 160],
[22, 96, 108, 187],
[39, 67, 149, 171],
[15, 83, 140, 197],
[32, 61, 106, 164],
[49, 56, 119, 194],
[11, 82, 136, 192],
[28, 99, 131, 189],
[45, 74, 142, 166],
[16, 51, 148, 203],
[33, 64, 143, 191],
[50, 65, 112, 177],
[14, 73, 128, 196],
[31, 98, 123, 169],
[48, 66, 107, 155],
[8, 84, 124, 190],
[25, 90, 133, 179],
[42, 63, 110, 170],
[7, 100, 120, 181],
[24, 57, 102, 167],
[41, 78, 137, 157],
[4, 101, 134, 193],
[21, 89, 145, 168],
[38, 80, 117, 200],
[12, 93, 127, 162],
[29, 72, 109, 158],
[46, 53, 144, 154],
[2, 70, 114, 188],
[19, 59, 118, 201],
[36, 58, 135, 183],
[6, 62, 146, 176],
[23, 91, 129, 156],
[40, 76, 115, 184],
[1, 97, 104, 173],
[18, 86, 130, 163],
[35, 79, 121, 153]],

[[0, 99, 105, 161],
[17, 84, 138, 179],
[34, 71, 108, 196],
[3, 53, 134, 180],
[20, 70, 145, 157],
[37, 75, 120, 193],
[9, 61, 129, 166],
[26, 68, 137, 184],
[43, 91, 140, 186],
[10, 82, 132, 162],
[27, 93, 112, 155],
[44, 69, 149, 190],
[13, 97, 116, 183],
[30, 58, 115, 200],
[47, 55, 124, 202],
[5, 67, 141, 164],
[22, 77, 118, 176],
[39, 74, 111, 167],
[15, 72, 113, 165],
[32, 90, 126, 201],
[49, 52, 146, 153],
[11, 57, 103, 191],
[28, 76, 110, 188],
[45, 64, 107, 185],
[16, 81, 117, 187],
[33, 60, 133, 178],
[50, 66, 142, 195],
[14, 85, 121, 198],
[31, 100, 130, 158],
[48, 65, 127, 171],
[8, 86, 144, 170],
[25, 78, 147, 168],
[42, 54, 143, 160],
[7, 79, 123, 177],
[24, 96, 109, 182],
[41, 51, 152, 154],
[4, 56, 131, 172],
[21, 80, 106, 156],
[38, 88, 104, 189],
[12, 59, 136, 159],
[29, 62, 150, 174],
[46, 94, 122, 194],
[2, 87, 139, 173],
[19, 98, 125, 163],
[36, 83, 128, 181],
[6, 63, 102, 175],
[23, 95, 119, 203],
[40, 73, 114, 169],
[1, 92, 148, 192],
[18, 101, 135, 197],
[35, 89, 151, 199]],

[[0, 88, 149, 166],
[17, 64, 137, 200],
[34, 78, 116, 160],
[3, 70, 111, 158],
[20, 87, 106, 155],
[37, 98, 104, 172],
[9, 93, 109, 156],
[26, 52, 114, 187],
[43, 58, 131, 192],
[10, 73, 126, 190],
[27, 76, 118, 174],
[44, 62, 121, 170],
[13, 67, 113, 168],
[30, 101, 140, 175],
[47, 63, 148, 159],
[5, 97, 147, 186],
[22, 72, 132, 153],
[39, 61, 128, 203],
[15, 81, 141, 154],
[32, 94, 120, 180],
[49, 54, 108, 181],
[11, 75, 119, 161],
[28, 51, 145, 195],
[45, 92, 123, 163],
[16, 66, 144, 183],
[33, 68, 136, 167],
[50, 55, 143, 162],
[14, 86, 117, 179],
[31, 77, 105, 196],
[48, 96, 151, 194],
[8, 85, 150, 165],
[25, 89, 139, 177],
[42, 56, 129, 189],
[7, 53, 142, 176],
[24, 99, 127, 198],
[41, 74, 122, 193],
[4, 60, 112, 173],
[21, 57, 107, 184],
[38, 59, 146, 169],
[12, 82, 135, 185],
[29, 83, 110, 202],
[46, 95, 138, 164],
[2, 91, 124, 191],
[19, 69, 115, 197],
[36, 65, 134, 199],
[6, 90, 130, 182],
[23, 79, 152, 157],
[40, 84, 103, 178],
[1, 100, 125, 171],
[18, 71, 133, 188],
[35, 80, 102, 201]],

[[0, 59, 152, 181],
[17, 82, 113, 187],
[34, 66, 131, 159],
[3, 56, 140, 176],
[20, 98, 141, 194],
[37, 69, 146, 170],
[9, 65, 135, 184],
[26, 62, 122, 169],
[43, 75, 125, 167],
[10, 63, 107, 188],
[27, 100, 108, 168],
[44, 92, 128, 164],
[13, 95, 105, 177],
[30, 72, 120, 189],
[47, 80, 126, 157],
[5, 79, 133, 202],
[22, 101, 129, 190],
[39, 94, 118, 161],
[15, 52, 130, 178],
[32, 68, 132, 173],
[49, 91, 109, 155],
[11, 53, 111, 182],
[28, 93, 103, 200],
[45, 60, 104, 179],
[16, 71, 127, 199],
[33, 86, 139, 175],
[50, 58, 110, 154],
[14, 97, 142, 174],
[31, 89, 136, 160],
[48, 61, 137, 158],
[8, 74, 149, 191],
[25, 77, 138, 180],
[42, 88, 115, 198],
[7, 57, 114, 185],
[24, 87, 117, 203],
[41, 64, 150, 196],
[4, 81, 124, 156],
[21, 55, 121, 197],
[38, 51, 144, 192],
[12, 83, 119, 171],
[29, 76, 102, 183],
[46, 90, 123, 186],
[2, 84, 116, 153],
[19, 73, 147, 195],
[36, 67, 148, 201],
[6, 85, 106, 166],
[23, 54, 151, 193],
[40, 99, 112, 172],
[1, 78, 145, 162],
[18, 96, 134, 165],
[35, 70, 143, 163]],

[[0, 98, 142, 199],
[17, 83, 112, 182],
[34, 76, 120, 167],
[3, 86, 107, 202],
[20, 57, 126, 203],
[37, 65, 132, 191],
[9, 67, 119, 177],
[26, 85, 102, 192],
[43, 95, 124, 171],
[10, 93, 134, 154],
[27, 79, 144, 163],
[44, 96, 111, 189],
[13, 71, 130, 153],
[30, 84, 137, 198],
[47, 94, 109, 185],
[5, 59, 108, 172],
[22, 99, 143, 186],
[39, 80, 114, 168],
[15, 91, 128, 200],
[32, 75, 151, 162],
[49, 58, 118, 197],
[11, 73, 122, 170],
[28, 87, 141, 193],
[45, 62, 145, 159],
[16, 55, 135, 160],
[33, 70, 150, 166],
[50, 89, 115, 157],
[14, 63, 123, 173],
[31, 101, 117, 164],
[48, 88, 110, 176],
[8, 52, 131, 194],
[25, 81, 113, 195],
[42, 61, 116, 155],
[7, 82, 148, 196],
[24, 51, 125, 183],
[41, 69, 136, 178],
[4, 66, 138, 158],
[21, 68, 147, 169],
[38, 97, 105, 201],
[12, 60, 139, 188],
[29, 90, 103, 165],
[46, 92, 152, 175],
[2, 54, 127, 190],
[19, 78, 140, 161],
[36, 100, 129, 179],
[6, 72, 133, 181],
[23, 77, 146, 187],
[40, 53, 149, 156],
[1, 64, 121, 184],
[18, 56, 104, 174],
[35, 74, 106, 180]],

[[0, 81, 146, 155],
[17, 65, 117, 166],
[34, 90, 121, 193],
[3, 92, 109, 154],
[20, 89, 144, 186],
[37, 51, 108, 178],
[9, 85, 118, 195],
[26, 72, 103, 198],
[43, 77, 152, 188],
[10, 84, 147, 165],
[27, 62, 106, 173],
[44, 99, 139, 199],
[13, 74, 141, 185],
[30, 70, 151, 161],
[47, 78, 131, 196],
[5, 91, 122, 183],
[22, 83, 111, 184],
[39, 64, 142, 190],
[15, 59, 125, 189],
[32, 73, 130, 159],
[49, 93, 149, 174],
[11, 63, 128, 201],
[28, 100, 124, 177],
[45, 69, 132, 156],
[16, 95, 104, 202],
[33, 97, 102, 176],
[50, 98, 138, 187],
[14, 88, 148, 172],
[31, 79, 127, 197],
[48, 80, 136, 153],
[8, 82, 123, 203],
[25, 75, 107, 191],
[42, 68, 120, 179],
[7, 52, 140, 170],
[24, 76, 133, 158],
[41, 60, 134, 175],
[4, 67, 110, 162],
[21, 86, 116, 194],
[38, 58, 129, 171],
[12, 101, 137, 181],
[29, 55, 115, 163],
[46, 54, 145, 180],
[2, 71, 112, 157],
[19, 53, 150, 168],
[36, 56, 126, 200],
[6, 96, 114, 160],
[23, 94, 143, 182],
[40, 61, 119, 167],
[1, 87, 113, 169],
[18, 66, 105, 192],
[35, 57, 135, 164]]]