[[[8,24,115,123],
[27,35,52,68],
[71,79,96,112],
[7,29,77,103],
[15,51,73,121],
[33,59,95,117],
[2,19,113,126],
[25,38,46,63],
[69,82,90,107],
[13,17,88,102],
[0,14,57,61],
[44,58,101,105],
[10,22,116,122],
[28,34,54,66],
[72,78,98,110],
[3,40,48,49],
[47,84,92,93],
[4,5,91,128],
[9,12,41,108],
[20,53,56,85],
[64,97,100,129],
[18,37,42,74],
[62,81,86,118],
[30,106,125,130],
[23,43,76,83],
[67,87,120,127],
[32,39,111,131],
[1,70,99,132],
[16,31,45,135],
[60,75,89,136],
[6,104,119,137],
[21,36,50,138],
[65,80,94,139],
[11,109,124,133],
[26,55,114,134]],

[[10,26,117,125],
[29,37,54,70],
[73,81,98,114],
[9,31,79,105],
[17,53,75,123],
[35,61,97,119],
[4,21,88,115],
[0,27,48,65],
[44,71,92,109],
[15,19,90,104],
[2,16,59,63],
[46,60,103,107],
[12,24,118,124],
[30,36,56,68],
[74,80,100,112],
[5,40,50,51],
[49,84,94,95],
[6,7,93,128],
[11,14,41,110],
[22,55,58,85],
[66,99,102,129],
[20,39,42,76],
[64,83,86,120],
[32,108,127,130],
[25,43,45,78],
[69,87,89,122],
[1,34,113,131],
[3,72,101,132],
[18,33,47,135],
[62,77,91,136],
[8,106,121,137],
[23,38,52,138],
[67,82,96,139],
[13,111,126,133],
[28,57,116,134]],

[[12,28,119,127],
[31,39,56,72],
[75,83,100,116],
[11,33,81,107],
[19,55,77,125],
[37,63,99,121],
[6,23,90,117],
[2,29,50,67],
[46,73,94,111],
[17,21,92,106],
[4,18,61,65],
[48,62,105,109],
[14,26,120,126],
[32,38,58,70],
[76,82,102,114],
[7,40,52,53],
[51,84,96,97],
[8,9,95,128],
[13,16,41,112],
[24,57,60,85],
[68,101,104,129],
[1,22,42,78],
[45,66,86,122],
[34,89,110,130],
[27,43,47,80],
[71,87,91,124],
[3,36,115,131],
[0,69,98,132],
[15,30,44,135],
[59,74,88,136],
[5,103,118,137],
[20,35,49,138],
[64,79,93,139],
[10,108,123,133],
[25,54,113,134]],

[[14,30,89,121],
[1,33,58,74],
[45,77,102,118],
[13,35,83,109],
[21,57,79,127],
[39,65,101,123],
[8,25,92,119],
[4,31,52,69],
[48,75,96,113],
[19,23,94,108],
[6,20,63,67],
[50,64,107,111],
[16,28,88,122],
[0,34,60,72],
[44,78,104,116],
[9,40,54,55],
[53,84,98,99],
[10,11,97,128],
[15,18,41,114],
[26,59,62,85],
[70,103,106,129],
[3,24,42,80],
[47,68,86,124],
[36,91,112,130],
[29,43,49,82],
[73,87,93,126],
[5,38,117,131],
[2,71,100,132],
[17,32,46,135],
[61,76,90,136],
[7,105,120,137],
[22,37,51,138],
[66,81,95,139],
[12,110,125,133],
[27,56,115,134]],

[[16,32,91,123],
[3,35,60,76],
[47,79,104,120],
[15,37,45,111],
[23,59,81,89],
[1,67,103,125],
[10,27,94,121],
[6,33,54,71],
[50,77,98,115],
[21,25,96,110],
[8,22,65,69],
[52,66,109,113],
[18,30,90,124],
[2,36,62,74],
[46,80,106,118],
[11,40,56,57],
[55,84,100,101],
[12,13,99,128],
[17,20,41,116],
[28,61,64,85],
[72,105,108,129],
[5,26,42,82],
[49,70,86,126],
[38,93,114,130],
[31,43,44,51],
[75,87,88,95],
[0,7,119,131],
[4,73,102,132],
[19,34,48,135],
[63,78,92,136],
[9,107,122,137],
[24,39,53,138],
[68,83,97,139],
[14,112,127,133],
[29,58,117,134]],

[[18,34,93,125],
[5,37,62,78],
[49,81,106,122],
[17,39,47,113],
[25,61,83,91],
[3,69,105,127],
[12,29,96,123],
[8,35,56,73],
[52,79,100,117],
[23,27,98,112],
[10,24,67,71],
[54,68,111,115],
[20,32,92,126],
[4,38,64,76],
[48,82,108,120],
[13,40,58,59],
[57,84,102,103],
[14,15,101,128],
[19,22,41,118],
[30,63,66,85],
[74,107,110,129],
[7,28,42,44],
[51,72,86,88],
[0,95,116,130],
[33,43,46,53],
[77,87,90,97],
[2,9,121,131],
[1,16,114,133],
[45,80,99,136],
[89,109,119,135],
[6,21,75,139],
[50,104,124,134],
[26,31,94,137],
[11,36,60,132],
[55,65,70,138]],

[[20,36,95,127],
[7,39,64,80],
[51,83,108,124],
[1,19,49,115],
[27,45,63,93],
[5,71,89,107],
[14,31,98,125],
[10,37,58,75],
[54,81,102,119],
[25,29,100,114],
[12,26,69,73],
[56,70,113,117],
[22,34,88,94],
[0,6,66,78],
[44,50,110,122],
[15,40,60,61],
[59,84,104,105],
[16,17,103,128],
[21,24,41,120],
[32,65,68,85],
[76,109,112,129],
[9,30,42,46],
[53,74,86,90],
[2,97,118,130],
[35,43,48,55],
[79,87,92,99],
[4,11,123,131],
[3,18,116,133],
[47,82,101,136],
[91,111,121,135],
[8,23,77,139],
[52,106,126,134],
[28,33,96,137],
[13,38,62,132],
[57,67,72,138]],

[[22,38,89,97],
[1,9,66,82],
[45,53,110,126],
[3,21,51,117],
[29,47,65,95],
[7,73,91,109],
[16,33,100,127],
[12,39,60,77],
[56,83,104,121],
[27,31,102,116],
[14,28,71,75],
[58,72,115,119],
[24,36,90,96],
[2,8,68,80],
[46,52,112,124],
[17,40,62,63],
[61,84,106,107],
[18,19,105,128],
[23,26,41,122],
[34,67,70,85],
[78,111,114,129],
[11,32,42,48],
[55,76,86,92],
[4,99,120,130],
[37,43,50,57],
[81,87,94,101],
[6,13,125,131],
[0,15,113,133],
[44,79,98,136],
[88,108,118,135],
[5,20,74,139],
[49,103,123,134],
[25,30,93,137],
[10,35,59,132],
[54,64,69,138]],

[[0,24,91,99],
[3,11,44,68],
[47,55,88,112],
[5,23,53,119],
[31,49,67,97],
[9,75,93,111],
[18,35,89,102],
[1,14,62,79],
[45,58,106,123],
[29,33,104,118],
[16,30,73,77],
[60,74,117,121],
[26,38,92,98],
[4,10,70,82],
[48,54,114,126],
[19,40,64,65],
[63,84,108,109],
[20,21,107,128],
[25,28,41,124],
[36,69,72,85],
[80,113,116,129],
[13,34,42,50],
[57,78,86,94],
[6,101,122,130],
[39,43,52,59],
[83,87,96,103],
[8,15,127,131],
[2,17,115,133],
[46,81,100,136],
[90,110,120,135],
[7,22,76,139],
[51,105,125,134],
[27,32,95,137],
[12,37,61,132],
[56,66,71,138]],

[[2,26,93,101],
[5,13,46,70],
[49,57,90,114],
[7,25,55,121],
[33,51,69,99],
[11,77,95,113],
[20,37,91,104],
[3,16,64,81],
[47,60,108,125],
[31,35,106,120],
[18,32,75,79],
[62,76,119,123],
[0,28,94,100],
[6,12,44,72],
[50,56,88,116],
[21,40,66,67],
[65,84,110,111],
[22,23,109,128],
[27,30,41,126],
[38,71,74,85],
[82,115,118,129],
[15,36,42,52],
[59,80,86,96],
[8,103,124,130],
[1,43,54,61],
[45,87,98,105],
[10,17,89,131],
[4,19,117,133],
[48,83,102,136],
[92,112,122,135],
[9,24,78,139],
[53,107,127,134],
[29,34,97,137],
[14,39,63,132],
[58,68,73,138]],

[[4,28,95,103],
[7,15,48,72],
[51,59,92,116],
[9,27,57,123],
[35,53,71,101],
[13,79,97,115],
[22,39,93,106],
[5,18,66,83],
[49,62,110,127],
[33,37,108,122],
[20,34,77,81],
[64,78,121,125],
[2,30,96,102],
[8,14,46,74],
[52,58,90,118],
[23,40,68,69],
[67,84,112,113],
[24,25,111,128],
[29,32,41,88],
[0,73,76,85],
[44,117,120,129],
[17,38,42,54],
[61,82,86,98],
[10,105,126,130],
[3,43,56,63],
[47,87,100,107],
[12,19,91,131],
[1,31,60,134],
[45,70,109,139],
[89,99,124,137],
[6,26,36,136],
[50,65,119,133],
[21,94,114,135],
[11,16,75,138],
[55,80,104,132]],

[[6,30,97,105],
[9,17,50,74],
[53,61,94,118],
[11,29,59,125],
[37,55,73,103],
[15,81,99,117],
[1,24,95,108],
[7,20,45,68],
[51,64,89,112],
[35,39,110,124],
[22,36,79,83],
[66,80,123,127],
[4,32,98,104],
[10,16,48,76],
[54,60,92,120],
[25,40,70,71],
[69,84,114,115],
[26,27,113,128],
[31,34,41,90],
[2,75,78,85],
[46,119,122,129],
[0,19,42,56],
[44,63,86,100],
[12,88,107,130],
[5,43,58,65],
[49,87,102,109],
[14,21,93,131],
[3,33,62,134],
[47,72,111,139],
[91,101,126,137],
[8,28,38,136],
[52,67,121,133],
[23,96,116,135],
[13,18,77,138],
[57,82,106,132]],

[[8,32,99,107],
[11,19,52,76],
[55,63,96,120],
[13,31,61,127],
[39,57,75,105],
[17,83,101,119],
[3,26,97,110],
[9,22,47,70],
[53,66,91,114],
[1,37,112,126],
[24,38,45,81],
[68,82,89,125],
[6,34,100,106],
[12,18,50,78],
[56,62,94,122],
[27,40,72,73],
[71,84,116,117],
[28,29,115,128],
[33,36,41,92],
[4,77,80,85],
[48,121,124,129],
[2,21,42,58],
[46,65,86,102],
[14,90,109,130],
[7,43,60,67],
[51,87,104,111],
[16,23,95,131],
[0,30,59,134],
[44,69,108,139],
[88,98,123,137],
[5,25,35,136],
[49,64,118,133],
[20,93,113,135],
[10,15,74,138],
[54,79,103,132]],

[[10,34,101,109],
[13,21,54,78],
[57,65,98,122],
[15,33,63,89],
[1,59,77,107],
[19,45,103,121],
[5,28,99,112],
[11,24,49,72],
[55,68,93,116],
[3,39,88,114],
[0,26,47,83],
[44,70,91,127],
[8,36,102,108],
[14,20,52,80],
[58,64,96,124],
[29,40,74,75],
[73,84,118,119],
[30,31,117,128],
[35,38,41,94],
[6,79,82,85],
[50,123,126,129],
[4,23,42,60],
[48,67,86,104],
[16,92,111,130],
[9,43,62,69],
[53,87,106,113],
[18,25,97,131],
[2,32,61,134],
[46,71,110,139],
[90,100,125,137],
[7,27,37,136],
[51,66,120,133],
[22,95,115,135],
[12,17,76,138],
[56,81,105,132]],

[[12,36,103,111],
[15,23,56,80],
[59,67,100,124],
[17,35,65,91],
[3,61,79,109],
[21,47,105,123],
[7,30,101,114],
[13,26,51,74],
[57,70,95,118],
[1,5,90,116],
[2,28,45,49],
[46,72,89,93],
[10,38,104,110],
[16,22,54,82],
[60,66,98,126],
[31,40,76,77],
[75,84,120,121],
[32,33,119,128],
[0,37,41,96],
[8,44,81,85],
[52,88,125,129],
[6,25,42,62],
[50,69,86,106],
[18,94,113,130],
[11,43,64,71],
[55,87,108,115],
[20,27,99,131],
[4,34,63,134],
[48,73,112,139],
[92,102,127,137],
[9,29,39,136],
[53,68,122,133],
[24,97,117,135],
[14,19,78,138],
[58,83,107,132]],

[[14,38,105,113],
[17,25,58,82],
[61,69,102,126],
[19,37,67,93],
[5,63,81,111],
[23,49,107,125],
[9,32,103,116],
[15,28,53,76],
[59,72,97,120],
[3,7,92,118],
[4,30,47,51],
[48,74,91,95],
[0,12,106,112],
[18,24,44,56],
[62,68,88,100],
[33,40,78,79],
[77,84,122,123],
[34,35,121,128],
[2,39,41,98],
[10,46,83,85],
[54,90,127,129],
[8,27,42,64],
[52,71,86,108],
[20,96,115,130],
[13,43,66,73],
[57,87,110,117],
[22,29,101,131],
[1,75,104,135],
[21,45,124,132],
[26,70,89,133],
[6,99,114,138],
[16,50,80,137],
[36,94,109,134],
[11,31,65,136],
[55,60,119,139]],

[[0,16,107,115],
[19,27,44,60],
[63,71,88,104],
[21,39,69,95],
[7,65,83,113],
[25,51,109,127],
[11,34,105,118],
[17,30,55,78],
[61,74,99,122],
[5,9,94,120],
[6,32,49,53],
[50,76,93,97],
[2,14,108,114],
[20,26,46,58],
[64,70,90,102],
[35,40,80,81],
[79,84,124,125],
[36,37,123,128],
[1,4,41,100],
[12,45,48,85],
[56,89,92,129],
[10,29,42,66],
[54,73,86,110],
[22,98,117,130],
[15,43,68,75],
[59,87,112,119],
[24,31,103,131],
[3,77,106,135],
[23,47,126,132],
[28,72,91,133],
[8,101,116,138],
[18,52,82,137],
[38,96,111,134],
[13,33,67,136],
[57,62,121,139]],

[[2,18,109,117],
[21,29,46,62],
[65,73,90,106],
[1,23,71,97],
[9,45,67,115],
[27,53,89,111],
[13,36,107,120],
[19,32,57,80],
[63,76,101,124],
[7,11,96,122],
[8,34,51,55],
[52,78,95,99],
[4,16,110,116],
[22,28,48,60],
[66,72,92,104],
[37,40,82,83],
[81,84,126,127],
[38,39,125,128],
[3,6,41,102],
[14,47,50,85],
[58,91,94,129],
[12,31,42,68],
[56,75,86,112],
[24,100,119,130],
[17,43,70,77],
[61,87,114,121],
[26,33,105,131],
[0,74,103,135],
[20,44,123,132],
[25,69,88,133],
[5,98,113,138],
[15,49,79,137],
[35,93,108,134],
[10,30,64,136],
[54,59,118,139]],

[[4,20,111,119],
[23,31,48,64],
[67,75,92,108],
[3,25,73,99],
[11,47,69,117],
[29,55,91,113],
[15,38,109,122],
[21,34,59,82],
[65,78,103,126],
[9,13,98,124],
[10,36,53,57],
[54,80,97,101],
[6,18,112,118],
[24,30,50,62],
[68,74,94,106],
[39,40,44,45],
[83,84,88,89],
[0,1,127,128],
[5,8,41,104],
[16,49,52,85],
[60,93,96,129],
[14,33,42,70],
[58,77,86,114],
[26,102,121,130],
[19,43,72,79],
[63,87,116,123],
[28,35,107,131],
[2,76,105,135],
[22,46,125,132],
[27,71,90,133],
[7,100,115,138],
[17,51,81,137],
[37,95,110,134],
[12,32,66,136],
[56,61,120,139]],

[[6,22,113,121],
[25,33,50,66],
[69,77,94,110],
[5,27,75,101],
[13,49,71,119],
[31,57,93,115],
[0,17,111,124],
[23,36,44,61],
[67,80,88,105],
[11,15,100,126],
[12,38,55,59],
[56,82,99,103],
[8,20,114,120],
[26,32,52,64],
[70,76,96,108],
[1,40,46,47],
[45,84,90,91],
[2,3,89,128],
[7,10,41,106],
[18,51,54,85],
[62,95,98,129],
[16,35,42,72],
[60,79,86,116],
[28,104,123,130],
[21,43,74,81],
[65,87,118,125],
[30,37,109,131],
[4,78,107,135],
[24,48,127,132],
[29,73,92,133],
[9,102,117,138],
[19,53,83,137],
[39,97,112,134],
[14,34,68,136],
[58,63,122,139]],

[[9,25,72,80],
[53,69,116,124],
[28,36,97,113],
[8,30,60,122],
[34,52,74,104],
[16,78,96,118],
[3,20,70,83],
[47,64,114,127],
[26,39,91,108],
[14,18,45,59],
[58,62,89,103],
[1,15,102,106],
[11,23,73,79],
[55,67,117,123],
[29,35,99,111],
[4,40,93,94],
[5,6,48,84],
[49,50,92,128],
[41,54,57,109],
[21,85,98,101],
[10,13,65,129],
[42,75,107,126],
[19,38,86,119],
[31,63,82,130],
[24,43,88,121],
[0,33,68,87],
[44,77,112,131],
[2,22,120,136],
[37,46,105,133],
[66,90,115,132],
[7,17,71,134],
[32,51,100,139],
[61,95,125,138],
[12,27,81,135],
[56,76,110,137]],

[[11,27,74,82],
[55,71,118,126],
[30,38,99,115],
[10,32,62,124],
[36,54,76,106],
[18,80,98,120],
[5,22,45,72],
[49,66,89,116],
[1,28,93,110],
[16,20,47,61],
[60,64,91,105],
[3,17,104,108],
[13,25,75,81],
[57,69,119,125],
[31,37,101,113],
[6,40,95,96],
[7,8,50,84],
[51,52,94,128],
[41,56,59,111],
[23,85,100,103],
[12,15,67,129],
[42,77,88,109],
[0,21,86,121],
[33,44,65,130],
[26,43,90,123],
[2,35,70,87],
[46,79,114,131],
[4,24,122,136],
[39,48,107,133],
[68,92,117,132],
[9,19,73,134],
[34,53,102,139],
[63,97,127,138],
[14,29,83,135],
[58,78,112,137]],

[[13,29,44,76],
[57,73,88,120],
[0,32,101,117],
[12,34,64,126],
[38,56,78,108],
[20,82,100,122],
[7,24,47,74],
[51,68,91,118],
[3,30,95,112],
[18,22,49,63],
[62,66,93,107],
[5,19,106,110],
[15,27,77,83],
[59,71,121,127],
[33,39,103,115],
[8,40,97,98],
[9,10,52,84],
[53,54,96,128],
[41,58,61,113],
[25,85,102,105],
[14,17,69,129],
[42,79,90,111],
[2,23,86,123],
[35,46,67,130],
[28,43,92,125],
[4,37,72,87],
[48,81,116,131],
[1,21,119,136],
[36,45,104,133],
[65,89,114,132],
[6,16,70,134],
[31,50,99,139],
[60,94,124,138],
[11,26,80,135],
[55,75,109,137]],

[[15,31,46,78],
[59,75,90,122],
[2,34,103,119],
[14,36,66,88],
[0,58,80,110],
[22,44,102,124],
[9,26,49,76],
[53,70,93,120],
[5,32,97,114],
[20,24,51,65],
[64,68,95,109],
[7,21,108,112],
[17,29,45,79],
[61,73,89,123],
[1,35,105,117],
[10,40,99,100],
[11,12,54,84],
[55,56,98,128],
[41,60,63,115],
[27,85,104,107],
[16,19,71,129],
[42,81,92,113],
[4,25,86,125],
[37,48,69,130],
[30,43,94,127],
[6,39,74,87],
[50,83,118,131],
[3,23,121,136],
[38,47,106,133],
[67,91,116,132],
[8,18,72,134],
[33,52,101,139],
[62,96,126,138],
[13,28,82,135],
[57,77,111,137]],

[[17,33,48,80],
[61,77,92,124],
[4,36,105,121],
[16,38,68,90],
[2,60,82,112],
[24,46,104,126],
[11,28,51,78],
[55,72,95,122],
[7,34,99,116],
[22,26,53,67],
[66,70,97,111],
[9,23,110,114],
[19,31,47,81],
[63,75,91,125],
[3,37,107,119],
[12,40,101,102],
[13,14,56,84],
[57,58,100,128],
[41,62,65,117],
[29,85,106,109],
[18,21,73,129],
[42,83,94,115],
[6,27,86,127],
[39,50,71,130],
[32,43,89,96],
[1,8,76,87],
[45,52,120,131],
[0,20,118,136],
[35,44,103,133],
[64,88,113,132],
[5,15,69,134],
[30,49,98,139],
[59,93,123,138],
[10,25,79,135],
[54,74,108,137]],

[[19,35,50,82],
[63,79,94,126],
[6,38,107,123],
[0,18,70,92],
[4,44,62,114],
[26,48,88,106],
[13,30,53,80],
[57,74,97,124],
[9,36,101,118],
[24,28,55,69],
[68,72,99,113],
[11,25,112,116],
[21,33,49,83],
[65,77,93,127],
[5,39,109,121],
[14,40,103,104],
[15,16,58,84],
[59,60,102,128],
[41,64,67,119],
[31,85,108,111],
[20,23,75,129],
[42,45,96,117],
[8,29,86,89],
[1,52,73,130],
[34,43,91,98],
[3,10,78,87],
[47,54,122,131],
[2,37,66,137],
[27,46,120,138],
[22,81,90,134],
[7,32,110,132],
[51,61,71,135],
[76,95,100,133],
[12,105,115,139],
[17,56,125,136]],

[[21,37,44,52],
[65,81,88,96],
[0,8,109,125],
[2,20,72,94],
[6,46,64,116],
[28,50,90,108],
[15,32,55,82],
[59,76,99,126],
[11,38,103,120],
[26,30,57,71],
[70,74,101,115],
[13,27,114,118],
[23,35,45,51],
[67,79,89,95],
[1,7,111,123],
[16,40,105,106],
[17,18,60,84],
[61,62,104,128],
[41,66,69,121],
[33,85,110,113],
[22,25,77,129],
[42,47,98,119],
[10,31,86,91],
[3,54,75,130],
[36,43,93,100],
[5,12,80,87],
[49,56,124,131],
[4,39,68,137],
[29,48,122,138],
[24,83,92,134],
[9,34,112,132],
[53,63,73,135],
[78,97,102,133],
[14,107,117,139],
[19,58,127,136]],

[[23,39,46,54],
[67,83,90,98],
[2,10,111,127],
[4,22,74,96],
[8,48,66,118],
[30,52,92,110],
[17,34,44,57],
[61,78,88,101],
[0,13,105,122],
[28,32,59,73],
[72,76,103,117],
[15,29,116,120],
[25,37,47,53],
[69,81,91,97],
[3,9,113,125],
[18,40,107,108],
[19,20,62,84],
[63,64,106,128],
[41,68,71,123],
[35,85,112,115],
[24,27,79,129],
[42,49,100,121],
[12,33,86,93],
[5,56,77,130],
[38,43,95,102],
[7,14,82,87],
[51,58,126,131],
[1,36,65,137],
[26,45,119,138],
[21,80,89,134],
[6,31,109,132],
[50,60,70,135],
[75,94,99,133],
[11,104,114,139],
[16,55,124,136]],

[[1,25,48,56],
[45,69,92,100],
[4,12,89,113],
[6,24,76,98],
[10,50,68,120],
[32,54,94,112],
[19,36,46,59],
[63,80,90,103],
[2,15,107,124],
[30,34,61,75],
[74,78,105,119],
[17,31,118,122],
[27,39,49,55],
[71,83,93,99],
[5,11,115,127],
[20,40,109,110],
[21,22,64,84],
[65,66,108,128],
[41,70,73,125],
[37,85,114,117],
[26,29,81,129],
[42,51,102,123],
[14,35,86,95],
[7,58,79,130],
[0,43,97,104],
[9,16,44,87],
[53,60,88,131],
[3,38,67,137],
[28,47,121,138],
[23,82,91,134],
[8,33,111,132],
[52,62,72,135],
[77,96,101,133],
[13,106,116,139],
[18,57,126,136]],

[[3,27,50,58],
[47,71,94,102],
[6,14,91,115],
[8,26,78,100],
[12,52,70,122],
[34,56,96,114],
[21,38,48,61],
[65,82,92,105],
[4,17,109,126],
[32,36,63,77],
[76,80,107,121],
[19,33,120,124],
[1,29,51,57],
[45,73,95,101],
[7,13,89,117],
[22,40,111,112],
[23,24,66,84],
[67,68,110,128],
[41,72,75,127],
[39,85,116,119],
[28,31,83,129],
[42,53,104,125],
[16,37,86,97],
[9,60,81,130],
[2,43,99,106],
[11,18,46,87],
[55,62,90,131],
[0,35,64,137],
[25,44,118,138],
[20,79,88,134],
[5,30,108,132],
[49,59,69,135],
[74,93,98,133],
[10,103,113,139],
[15,54,123,136]],

[[5,29,52,60],
[49,73,96,104],
[8,16,93,117],
[10,28,80,102],
[14,54,72,124],
[36,58,98,116],
[0,23,50,63],
[44,67,94,107],
[6,19,88,111],
[34,38,65,79],
[78,82,109,123],
[21,35,122,126],
[3,31,53,59],
[47,75,97,103],
[9,15,91,119],
[24,40,113,114],
[25,26,68,84],
[69,70,112,128],
[41,74,77,89],
[1,85,118,121],
[30,33,45,129],
[42,55,106,127],
[18,39,86,99],
[11,62,83,130],
[4,43,101,108],
[13,20,48,87],
[57,64,92,131],
[2,81,110,138],
[46,61,115,137],
[17,37,90,139],
[7,66,125,135],
[27,51,76,132],
[71,95,105,136],
[12,100,120,134],
[22,32,56,133]],

[[7,31,54,62],
[51,75,98,106],
[10,18,95,119],
[12,30,82,104],
[16,56,74,126],
[38,60,100,118],
[2,25,52,65],
[46,69,96,109],
[8,21,90,113],
[0,36,67,81],
[44,80,111,125],
[23,37,88,124],
[5,33,55,61],
[49,77,99,105],
[11,17,93,121],
[26,40,115,116],
[27,28,70,84],
[71,72,114,128],
[41,76,79,91],
[3,85,120,123],
[32,35,47,129],
[42,57,89,108],
[1,20,86,101],
[13,45,64,130],
[6,43,103,110],
[15,22,50,87],
[59,66,94,131],
[4,83,112,138],
[48,63,117,137],
[19,39,92,139],
[9,68,127,135],
[29,53,78,132],
[73,97,107,136],
[14,102,122,134],
[24,34,58,133]],

[[9,33,56,64],
[53,77,100,108],
[12,20,97,121],
[14,32,44,106],
[18,58,76,88],
[0,62,102,120],
[4,27,54,67],
[48,71,98,111],
[10,23,92,115],
[2,38,69,83],
[46,82,113,127],
[25,39,90,126],
[7,35,57,63],
[51,79,101,107],
[13,19,95,123],
[28,40,117,118],
[29,30,72,84],
[73,74,116,128],
[41,78,81,93],
[5,85,122,125],
[34,37,49,129],
[42,59,91,110],
[3,22,86,103],
[15,47,66,130],
[8,43,105,112],
[17,24,52,87],
[61,68,96,131],
[1,80,109,138],
[45,60,114,137],
[16,36,89,139],
[6,65,124,135],
[26,50,75,132],
[70,94,104,136],
[11,99,119,134],
[21,31,55,133]],

[[11,35,58,66],
[55,79,102,110],
[14,22,99,123],
[16,34,46,108],
[20,60,78,90],
[2,64,104,122],
[6,29,56,69],
[50,73,100,113],
[12,25,94,117],
[0,4,45,71],
[44,48,89,115],
[1,27,88,92],
[9,37,59,65],
[53,81,103,109],
[15,21,97,125],
[30,40,119,120],
[31,32,74,84],
[75,76,118,128],
[41,80,83,95],
[7,85,124,127],
[36,39,51,129],
[42,61,93,112],
[5,24,86,105],
[17,49,68,130],
[10,43,107,114],
[19,26,54,87],
[63,70,98,131],
[3,82,111,138],
[47,62,116,137],
[18,38,91,139],
[8,67,126,135],
[28,52,77,132],
[72,96,106,136],
[13,101,121,134],
[23,33,57,133]],

[[13,37,60,68],
[57,81,104,112],
[16,24,101,125],
[18,36,48,110],
[22,62,80,92],
[4,66,106,124],
[8,31,58,71],
[52,75,102,115],
[14,27,96,119],
[2,6,47,73],
[46,50,91,117],
[3,29,90,94],
[11,39,61,67],
[55,83,105,111],
[17,23,99,127],
[32,40,121,122],
[33,34,76,84],
[77,78,120,128],
[41,45,82,97],
[9,85,89,126],
[1,38,53,129],
[42,63,95,114],
[7,26,86,107],
[19,51,70,130],
[12,43,109,116],
[21,28,56,87],
[65,72,100,131],
[0,79,108,138],
[44,59,113,137],
[15,35,88,139],
[5,64,123,135],
[25,49,74,132],
[69,93,103,136],
[10,98,118,134],
[20,30,54,133]],

[[15,39,62,70],
[59,83,106,114],
[18,26,103,127],
[20,38,50,112],
[24,64,82,94],
[6,68,108,126],
[10,33,60,73],
[54,77,104,117],
[16,29,98,121],
[4,8,49,75],
[48,52,93,119],
[5,31,92,96],
[1,13,63,69],
[45,57,107,113],
[19,25,89,101],
[34,40,123,124],
[35,36,78,84],
[79,80,122,128],
[41,44,47,99],
[11,85,88,91],
[0,3,55,129],
[42,65,97,116],
[9,28,86,109],
[21,53,72,130],
[14,43,111,118],
[23,30,58,87],
[67,74,102,131],
[2,27,125,139],
[46,66,76,134],
[32,90,105,138],
[7,61,81,133],
[51,110,115,136],
[17,95,120,132],
[12,22,71,137],
[37,56,100,135]],

[[1,17,64,72],
[45,61,108,116],
[20,28,89,105],
[0,22,52,114],
[26,44,66,96],
[8,70,88,110],
[12,35,62,75],
[56,79,106,119],
[18,31,100,123],
[6,10,51,77],
[50,54,95,121],
[7,33,94,98],
[3,15,65,71],
[47,59,109,115],
[21,27,91,103],
[36,40,125,126],
[37,38,80,84],
[81,82,124,128],
[41,46,49,101],
[13,85,90,93],
[2,5,57,129],
[42,67,99,118],
[11,30,86,111],
[23,55,74,130],
[16,43,113,120],
[25,32,60,87],
[69,76,104,131],
[4,29,127,139],
[48,68,78,134],
[34,92,107,138],
[9,63,83,133],
[53,112,117,136],
[19,97,122,132],
[14,24,73,137],
[39,58,102,135]],

[[3,19,66,74],
[47,63,110,118],
[22,30,91,107],
[2,24,54,116],
[28,46,68,98],
[10,72,90,112],
[14,37,64,77],
[58,81,108,121],
[20,33,102,125],
[8,12,53,79],
[52,56,97,123],
[9,35,96,100],
[5,17,67,73],
[49,61,111,117],
[23,29,93,105],
[38,40,88,127],
[0,39,82,84],
[44,83,126,128],
[41,48,51,103],
[15,85,92,95],
[4,7,59,129],
[42,69,101,120],
[13,32,86,113],
[25,57,76,130],
[18,43,115,122],
[27,34,62,87],
[71,78,106,131],
[1,26,124,139],
[45,65,75,134],
[31,89,104,138],
[6,60,80,133],
[50,109,114,136],
[16,94,119,132],
[11,21,70,137],
[36,55,99,135]],

[[5,21,68,76],
[49,65,112,120],
[24,32,93,109],
[4,26,56,118],
[30,48,70,100],
[12,74,92,114],
[16,39,66,79],
[60,83,110,123],
[22,35,104,127],
[10,14,55,81],
[54,58,99,125],
[11,37,98,102],
[7,19,69,75],
[51,63,113,119],
[25,31,95,107],
[0,40,89,90],
[1,2,44,84],
[45,46,88,128],
[41,50,53,105],
[17,85,94,97],
[6,9,61,129],
[42,71,103,122],
[15,34,86,115],
[27,59,78,130],
[20,43,117,124],
[29,36,64,87],
[73,80,108,131],
[3,28,126,139],
[47,67,77,134],
[33,91,106,138],
[8,62,82,133],
[52,111,116,136],
[18,96,121,132],
[13,23,72,137],
[38,57,101,135]],

[[7,23,70,78],
[51,67,114,122],
[26,34,95,111],
[6,28,58,120],
[32,50,72,102],
[14,76,94,116],
[1,18,68,81],
[45,62,112,125],
[24,37,89,106],
[12,16,57,83],
[56,60,101,127],
[13,39,100,104],
[9,21,71,77],
[53,65,115,121],
[27,33,97,109],
[2,40,91,92],
[3,4,46,84],
[47,48,90,128],
[41,52,55,107],
[19,85,96,99],
[8,11,63,129],
[42,73,105,124],
[17,36,86,117],
[29,61,80,130],
[22,43,119,126],
[31,38,66,87],
[75,82,110,131],
[0,25,123,139],
[44,64,74,134],
[30,88,103,138],
[5,59,79,133],
[49,108,113,136],
[15,93,118,132],
[10,20,69,137],
[35,54,98,135]],

[[1,30,32,83],
[45,74,76,127],
[39,89,118,120],
[5,34,36,47],
[49,78,80,91],
[3,93,122,124],
[0,9,38,51],
[44,53,82,95],
[7,88,97,126],
[2,4,13,55],
[46,48,57,99],
[11,90,92,101],
[6,8,17,59],
[50,52,61,103],
[15,94,96,105],
[10,12,21,63],
[54,56,65,107],
[19,98,100,109],
[14,16,25,67],
[58,60,69,111],
[23,102,104,113],
[18,20,29,71],
[62,64,73,115],
[27,106,108,117],
[22,24,33,75],
[66,68,77,119],
[31,110,112,121],
[26,28,37,79],
[70,72,81,123],
[35,114,116,125],
[40,131,134,137],
[84,85,135,138],
[128,129,130,139],
[41,42,43,132],
[86,87,133,136]],

[[3,32,34,45],
[47,76,78,89],
[1,91,120,122],
[7,36,38,49],
[51,80,82,93],
[5,95,124,126],
[0,2,11,53],
[44,46,55,97],
[9,88,90,99],
[4,6,15,57],
[48,50,59,101],
[13,92,94,103],
[8,10,19,61],
[52,54,63,105],
[17,96,98,107],
[12,14,23,65],
[56,58,67,109],
[21,100,102,111],
[16,18,27,69],
[60,62,71,113],
[25,104,106,115],
[20,22,31,73],
[64,66,75,117],
[29,108,110,119],
[24,26,35,77],
[68,70,79,121],
[33,112,114,123],
[28,30,39,81],
[72,74,83,125],
[37,116,118,127],
[40,87,129,135],
[43,85,134,139],
[41,130,133,138],
[86,128,132,137],
[42,84,131,136]],

[[2,31,33,88],
[0,46,75,77],
[44,90,119,121],
[6,35,37,92],
[4,50,79,81],
[48,94,123,125],
[1,10,39,96],
[8,45,54,83],
[52,89,98,127],
[3,5,14,100],
[12,47,49,58],
[56,91,93,102],
[7,9,18,104],
[16,51,53,62],
[60,95,97,106],
[11,13,22,108],
[20,55,57,66],
[64,99,101,110],
[15,17,26,112],
[24,59,61,70],
[68,103,105,114],
[19,21,30,116],
[28,63,65,74],
[72,107,109,118],
[23,25,34,120],
[32,67,69,78],
[76,111,113,122],
[27,29,38,124],
[36,71,73,82],
[80,115,117,126],
[40,43,86,138],
[85,128,131,133],
[42,130,135,137],
[84,87,132,139],
[41,129,134,136]],

[[4,33,35,90],
[2,48,77,79],
[46,92,121,123],
[8,37,39,94],
[6,52,81,83],
[50,96,125,127],
[1,3,12,98],
[10,45,47,56],
[54,89,91,100],
[5,7,16,102],
[14,49,51,60],
[58,93,95,104],
[9,11,20,106],
[18,53,55,64],
[62,97,99,108],
[13,15,24,110],
[22,57,59,68],
[66,101,103,112],
[17,19,28,114],
[26,61,63,72],
[70,105,107,116],
[21,23,32,118],
[30,65,67,76],
[74,109,111,120],
[25,27,36,122],
[34,69,71,80],
[78,113,115,124],
[0,29,31,126],
[38,44,73,75],
[82,88,117,119],
[40,42,133,139],
[41,85,87,137],
[84,86,130,134],
[129,131,132,138],
[43,128,135,136]],

[[0,5,44,88],
[10,49,54,93],
[15,59,98,103],
[20,25,64,108],
[30,69,74,113],
[35,79,118,123],
[1,6,45,89],
[11,50,55,94],
[16,60,99,104],
[21,26,65,109],
[31,70,75,114],
[36,80,119,124],
[2,7,46,90],
[12,51,56,95],
[17,61,100,105],
[22,27,66,110],
[32,71,76,115],
[37,81,120,125],
[3,8,47,91],
[13,52,57,96],
[18,62,101,106],
[23,28,67,111],
[33,72,77,116],
[38,82,121,126],
[4,9,48,92],
[14,53,58,97],
[19,63,102,107],
[24,29,68,112],
[34,73,78,117],
[39,83,122,127],
[40,41,84,128],
[85,130,132,136],
[43,129,133,137],
[42,87,134,138],
[86,131,135,139]]

]
