[[[0,1,2,3,4,5],
[6,7,8,9,10,11],
[12,13,14,15,16,17],
[18,19,20,21,22,23],
[24,25,26,27,28,29],
[30,31,32,33,34],
[35,36,37,38,39],
[40,41,42,43,44],
[45,46,47,48,49],
[50,51,52,53,54],
[55,56,57,58,59],
[60,61,62,63,64],
[65,66,67,68,69],
[70,71,72,73,74],
[75,76,77,78,79],
[80,81,82,83,84],
[85,86,87,88,89],
[90,91,92,93,94],
[95,96,97,98,99],
[100,101,102,103,104],
[105,106,107,108,109],
[110,111,112,113,114],
[115,116,117,118,119],
[120,121,122,123,124],
[125,126,127,128,129],
[130,131,132,133,134]],

[[0,7,14,21,28,34],
[6,13,20,27,33,39],
[12,19,26,32,38,44],
[18,25,31,37,43,49],
[24,30,36,42,48,54],
[35,41,47,53,59],
[40,46,52,58,64],
[45,51,57,63,69],
[50,56,62,68,74],
[55,61,67,73,79],
[60,66,72,78,84],
[65,71,77,83,89],
[70,76,82,88,94],
[75,81,87,93,99],
[80,86,92,98,104],
[85,91,97,103,109],
[90,96,102,108,114],
[95,101,107,113,119],
[100,106,112,118,124],
[105,111,117,123,129],
[110,116,122,128,134],
[5,115,121,127,133],
[4,11,120,126,132],
[3,10,17,125,131],
[2,9,16,23,130],
[1,8,15,22,29]],

[[0,8,13,23,32,43],
[6,14,19,29,37,48],
[12,20,25,34,42,53],
[18,26,30,39,47,58],
[24,31,35,44,52,63],
[36,40,49,57,68],
[41,45,54,62,73],
[46,50,59,67,78],
[51,55,64,72,83],
[56,60,69,77,88],
[61,65,74,82,93],
[66,70,79,87,98],
[71,75,84,92,103],
[76,80,89,97,108],
[81,85,94,102,113],
[86,90,99,107,118],
[91,95,104,112,123],
[96,100,109,117,128],
[101,105,114,122,133],
[4,106,110,119,127],
[10,111,115,124,132],
[3,16,116,120,129],
[9,22,121,125,134],
[5,15,28,126,130],
[1,11,21,33,131],
[2,7,17,27,38]],

[[0,9,17,19,31,53],
[6,15,23,25,36,58],
[12,21,29,30,41,63],
[18,27,34,35,46,68],
[24,32,39,40,51,73],
[37,44,45,56,78],
[42,49,50,61,83],
[47,54,55,66,88],
[52,59,60,71,93],
[57,64,65,76,98],
[62,69,70,81,103],
[67,74,75,86,108],
[72,79,80,91,113],
[77,84,85,96,118],
[82,89,90,101,123],
[87,94,95,106,128],
[92,99,100,111,133],
[4,97,104,105,116],
[10,102,109,110,121],
[16,107,114,115,126],
[22,112,119,120,131],
[2,28,117,124,125],
[8,33,122,129,130],
[1,14,38,127,134],
[5,7,20,43,132],
[3,11,13,26,48]],

[[0,10,15,20,30,44],
[6,16,21,26,35,49],
[12,22,27,31,40,54],
[18,28,32,36,45,59],
[24,33,37,41,50,64],
[38,42,46,55,69],
[43,47,51,60,74],
[48,52,56,65,79],
[53,57,61,70,84],
[58,62,66,75,89],
[63,67,71,80,94],
[68,72,76,85,99],
[73,77,81,90,104],
[78,82,86,95,109],
[83,87,91,100,114],
[88,92,96,105,119],
[93,97,101,110,124],
[98,102,106,115,129],
[103,107,111,120,134],
[5,108,112,116,125],
[11,113,117,121,130],
[1,17,118,122,126],
[7,23,123,127,131],
[2,13,29,128,132],
[3,8,19,34,133],
[4,9,14,25,39]],

[[0,11,16,25,41,52],
[6,17,22,30,46,57],
[12,23,28,35,51,62],
[18,29,33,40,56,67],
[24,34,38,45,61,72],
[39,43,50,66,77],
[44,48,55,71,82],
[49,53,60,76,87],
[54,58,65,81,92],
[59,63,70,86,97],
[64,68,75,91,102],
[69,73,80,96,107],
[74,78,85,101,112],
[79,83,90,106,117],
[84,88,95,111,122],
[89,93,100,116,127],
[94,98,105,121,132],
[3,99,103,110,126],
[9,104,108,115,131],
[2,15,109,113,120],
[8,21,114,118,125],
[14,27,119,123,130],
[1,20,32,124,128],
[7,26,37,129,133],
[4,13,31,42,134],
[5,10,19,36,47]],

[[0,22,26,42,45,64],
[6,28,31,47,50,69],
[12,33,36,52,55,74],
[18,38,41,57,60,79],
[24,43,46,62,65,84],
[48,51,67,70,89],
[53,56,72,75,94],
[58,61,77,80,99],
[63,66,82,85,104],
[68,71,87,90,109],
[73,76,92,95,114],
[78,81,97,100,119],
[83,86,102,105,124],
[88,91,107,110,129],
[93,96,112,115,134],
[5,98,101,117,120],
[11,103,106,122,125],
[17,108,111,127,130],
[1,23,113,116,132],
[3,7,29,118,121],
[9,13,34,123,126],
[15,19,39,128,131],
[2,21,25,44,133],
[4,8,27,30,49],
[10,14,32,35,54],
[16,20,37,40,59]],

[[0,27,36,50,63,79],
[6,32,41,55,68,84],
[12,37,46,60,73,89],
[18,42,51,65,78,94],
[24,47,56,70,83,99],
[52,61,75,88,104],
[57,66,80,93,109],
[62,71,85,98,114],
[67,76,90,103,119],
[72,81,95,108,124],
[77,86,100,113,129],
[82,91,105,118,134],
[5,87,96,110,123],
[11,92,101,115,128],
[17,97,106,120,133],
[4,23,102,111,125],
[10,29,107,116,130],
[1,16,34,112,121],
[7,22,39,117,126],
[13,28,44,122,131],
[2,19,33,49,127],
[8,25,38,54,132],
[3,14,30,43,59],
[9,20,35,48,64],
[15,26,40,53,69],
[21,31,45,58,74]],

[[0,29,35,57,71,78],
[6,34,40,62,76,83],
[12,39,45,67,81,88],
[18,44,50,72,86,93],
[24,49,55,77,91,98],
[54,60,82,96,103],
[59,65,87,101,108],
[64,70,92,106,113],
[69,75,97,111,118],
[74,80,102,116,123],
[79,85,107,121,128],
[84,90,112,126,133],
[4,89,95,117,131],
[2,10,94,100,122],
[8,16,99,105,127],
[14,22,104,110,132],
[3,20,28,109,115],
[9,26,33,114,120],
[15,31,38,119,125],
[21,36,43,124,130],
[1,27,41,48,129],
[7,32,46,53,134],
[5,13,37,51,58],
[11,19,42,56,63],
[17,25,47,61,68],
[23,30,52,66,73]],

[[0,33,46,54,70,77],
[6,38,51,59,75,82],
[12,43,56,64,80,87],
[18,48,61,69,85,92],
[24,53,66,74,90,97],
[58,71,79,95,102],
[63,76,84,100,107],
[68,81,89,105,112],
[73,86,94,110,117],
[78,91,99,115,122],
[83,96,104,120,127],
[88,101,109,125,132],
[3,93,106,114,130],
[1,9,98,111,119],
[7,15,103,116,124],
[13,21,108,121,129],
[19,27,113,126,134],
[5,25,32,118,131],
[2,11,30,37,123],
[8,17,35,42,128],
[14,23,40,47,133],
[4,20,29,45,52],
[10,26,34,50,57],
[16,31,39,55,62],
[22,36,44,60,67],
[28,41,49,65,72]],

[[0,37,55,76,93,104],
[6,42,60,81,98,109],
[12,47,65,86,103,114],
[18,52,70,91,108,119],
[24,57,75,96,113,124],
[62,80,101,118,129],
[67,85,106,123,134],
[5,72,90,111,128],
[11,77,95,116,133],
[4,17,82,100,121],
[10,23,87,105,126],
[16,29,92,110,131],
[2,22,34,97,115],
[8,28,39,102,120],
[14,33,44,107,125],
[20,38,49,112,130],
[1,26,43,54,117],
[7,31,48,59,122],
[13,36,53,64,127],
[19,41,58,69,132],
[3,25,46,63,74],
[9,30,51,68,79],
[15,35,56,73,84],
[21,40,61,78,89],
[27,45,66,83,94],
[32,50,71,88,99]],

[[0,38,40,66,92,124],
[6,43,45,71,97,129],
[12,48,50,76,102,134],
[5,18,53,55,81,107],
[11,24,58,60,86,112],
[17,63,65,91,117],
[23,68,70,96,122],
[29,73,75,101,127],
[34,78,80,106,132],
[3,39,83,85,111],
[9,44,88,90,116],
[15,49,93,95,121],
[21,54,98,100,126],
[27,59,103,105,131],
[2,32,64,108,110],
[8,37,69,113,115],
[14,42,74,118,120],
[20,47,79,123,125],
[26,52,84,128,130],
[1,31,57,89,133],
[4,7,36,62,94],
[10,13,41,67,99],
[16,19,46,72,104],
[22,25,51,77,109],
[28,30,56,82,114],
[33,35,61,87,119]],

[[0,39,48,60,91,127],
[6,44,53,65,96,132],
[3,12,49,58,70,101],
[9,18,54,63,75,106],
[15,24,59,68,80,111],
[21,64,73,85,116],
[27,69,78,90,121],
[32,74,83,95,126],
[37,79,88,100,131],
[2,42,84,93,105],
[8,47,89,98,110],
[14,52,94,103,115],
[20,57,99,108,120],
[26,62,104,113,125],
[31,67,109,118,130],
[1,36,72,114,123],
[7,41,77,119,128],
[13,46,82,124,133],
[4,19,51,87,129],
[10,25,56,92,134],
[5,16,30,61,97],
[11,22,35,66,102],
[17,28,40,71,107],
[23,33,45,76,112],
[29,38,50,81,117],
[34,43,55,86,122]],

[[0,49,51,85,108,117],
[6,54,56,90,113,122],
[12,59,61,95,118,127],
[18,64,66,100,123,132],
[3,24,69,71,105,128],
[9,74,76,110,133],
[4,15,79,81,115],
[10,21,84,86,120],
[16,27,89,91,125],
[22,32,94,96,130],
[1,28,37,99,101],
[7,33,42,104,106],
[13,38,47,109,111],
[19,43,52,114,116],
[25,48,57,119,121],
[30,53,62,124,126],
[35,58,67,129,131],
[2,40,63,72,134],
[5,8,45,68,77],
[11,14,50,73,82],
[17,20,55,78,87],
[23,26,60,83,92],
[29,31,65,88,97],
[34,36,70,93,102],
[39,41,75,98,107],
[44,46,80,103,112]],

[[0,56,95,103,129,132],
[3,6,61,100,108,134],
[5,9,12,66,105,113],
[11,15,18,71,110,118],
[17,21,24,76,115,123],
[23,27,81,120,128],
[29,32,86,125,133],
[4,34,37,91,130],
[1,10,39,42,96],
[7,16,44,47,101],
[13,22,49,52,106],
[19,28,54,57,111],
[25,33,59,62,116],
[30,38,64,67,121],
[35,43,69,72,126],
[40,48,74,77,131],
[2,45,53,79,82],
[8,50,58,84,87],
[14,55,63,89,92],
[20,60,68,94,97],
[26,65,73,99,102],
[31,70,78,104,107],
[36,75,83,109,112],
[41,80,88,114,117],
[46,85,93,119,122],
[51,90,98,124,127]]

]