[[[0,1,2,3,4,5],
[6,7,8,9,10,11],
[12,13,14,15,16,17],
[18,19,20,21,22],
[23,24,25,26,27],
[28,29,30,31,32],
[33,34,35,36,37],
[38,39,40,41,42],
[43,44,45,46,47],
[48,49,50,51,52],
[53,54,55,56,57],
[58,59,60,61,62],
[63,64,65,66,67],
[68,69,70,71,72],
[73,74,75,76,77],
[78,79,80,81,82],
[83,84,85,86,87],
[88,89,90,91,92],
[93,94,95,96,97],
[98,99,100,101,102],
[103,104,105,106,107],
[108,109,110,111,112],
[113,114,115,116,117],
[118,119,120,121,122],
[123,124,125,126,127],
[128,129,130,131,132]],

[[0,7,14,20,26,32],
[6,13,19,25,31,37],
[12,18,24,30,36,42],
[23,29,35,41,47],
[28,34,40,46,52],
[33,39,45,51,57],
[38,44,50,56,62],
[43,49,55,61,67],
[48,54,60,66,72],
[53,59,65,71,77],
[58,64,70,76,82],
[63,69,75,81,87],
[68,74,80,86,92],
[73,79,85,91,97],
[78,84,90,96,102],
[83,89,95,101,107],
[88,94,100,106,112],
[93,99,105,111,117],
[98,104,110,116,122],
[103,109,115,121,127],
[108,114,120,126,132],
[5,113,119,125,131],
[4,11,118,124,130],
[3,10,17,123,129],
[2,9,16,22,128],
[1,8,15,21,27]],

[[0,8,13,22,30,41],
[6,14,18,27,35,46],
[12,19,23,32,40,51],
[24,28,37,45,56],
[29,33,42,50,61],
[34,38,47,55,66],
[39,43,52,60,71],
[44,48,57,65,76],
[49,53,62,70,81],
[54,58,67,75,86],
[59,63,72,80,91],
[64,68,77,85,96],
[69,73,82,90,101],
[74,78,87,95,106],
[79,83,92,100,111],
[84,88,97,105,116],
[89,93,102,110,121],
[94,98,107,115,126],
[99,103,112,120,131],
[4,104,108,117,125],
[10,109,113,122,130],
[3,16,114,118,127],
[9,21,119,123,132],
[5,15,26,124,128],
[1,11,20,31,129],
[2,7,17,25,36]],

[[0,9,17,18,29,51],
[6,15,22,23,34,56],
[12,20,27,28,39,61],
[25,32,33,44,66],
[30,37,38,49,71],
[35,42,43,54,76],
[40,47,48,59,81],
[45,52,53,64,86],
[50,57,58,69,91],
[55,62,63,74,96],
[60,67,68,79,101],
[65,72,73,84,106],
[70,77,78,89,111],
[75,82,83,94,116],
[80,87,88,99,121],
[85,92,93,104,126],
[90,97,98,109,131],
[4,95,102,103,114],
[10,100,107,108,119],
[16,105,112,113,124],
[21,110,117,118,129],
[2,26,115,122,123],
[8,31,120,127,128],
[1,14,36,125,132],
[5,7,19,41,130],
[3,11,13,24,46]],

[[0,10,15,19,28,42],
[6,16,20,24,33,47],
[12,21,25,29,38,52],
[26,30,34,43,57],
[31,35,39,48,62],
[36,40,44,53,67],
[41,45,49,58,72],
[46,50,54,63,77],
[51,55,59,68,82],
[56,60,64,73,87],
[61,65,69,78,92],
[66,70,74,83,97],
[71,75,79,88,102],
[76,80,84,93,107],
[81,85,89,98,112],
[86,90,94,103,117],
[91,95,99,108,122],
[96,100,104,113,127],
[101,105,109,118,132],
[5,106,110,114,123],
[11,111,115,119,128],
[1,17,116,120,124],
[7,22,121,125,129],
[2,13,27,126,130],
[3,8,18,32,131],
[4,9,14,23,37]],

[[0,11,16,23,39,50],
[6,17,21,28,44,55],
[12,22,26,33,49,60],
[27,31,38,54,65],
[32,36,43,59,70],
[37,41,48,64,75],
[42,46,53,69,80],
[47,51,58,74,85],
[52,56,63,79,90],
[57,61,68,84,95],
[62,66,73,89,100],
[67,71,78,94,105],
[72,76,83,99,110],
[77,81,88,104,115],
[82,86,93,109,120],
[87,91,98,114,125],
[92,96,103,119,130],
[3,97,101,108,124],
[9,102,106,113,129],
[2,15,107,111,118],
[8,20,112,116,123],
[14,25,117,121,128],
[1,19,30,122,126],
[7,24,35,127,131],
[4,13,29,40,132],
[5,10,18,34,45]],

[[0,21,24,40,43,62],
[6,26,29,45,48,67],
[12,31,34,50,53,72],
[36,39,55,58,77],
[41,44,60,63,82],
[46,49,65,68,87],
[51,54,70,73,92],
[56,59,75,78,97],
[61,64,80,83,102],
[66,69,85,88,107],
[71,74,90,93,112],
[76,79,95,98,117],
[81,84,100,103,122],
[86,89,105,108,127],
[91,94,110,113,132],
[5,96,99,115,118],
[11,101,104,120,123],
[17,106,109,125,128],
[1,22,111,114,130],
[3,7,27,116,119],
[9,13,32,121,124],
[15,18,37,126,129],
[2,20,23,42,131],
[4,8,25,28,47],
[10,14,30,33,52],
[16,19,35,38,57]],

[[0,25,34,48,61,77],
[6,30,39,53,66,82],
[12,35,44,58,71,87],
[40,49,63,76,92],
[45,54,68,81,97],
[50,59,73,86,102],
[55,64,78,91,107],
[60,69,83,96,112],
[65,74,88,101,117],
[70,79,93,106,122],
[75,84,98,111,127],
[80,89,103,116,132],
[5,85,94,108,121],
[11,90,99,113,126],
[17,95,104,118,131],
[4,22,100,109,123],
[10,27,105,114,128],
[1,16,32,110,119],
[7,21,37,115,124],
[13,26,42,120,129],
[2,18,31,47,125],
[8,23,36,52,130],
[3,14,28,41,57],
[9,19,33,46,62],
[15,24,38,51,67],
[20,29,43,56,72]],

[[0,27,33,55,69,76],
[6,32,38,60,74,81],
[12,37,43,65,79,86],
[42,48,70,84,91],
[47,53,75,89,96],
[52,58,80,94,101],
[57,63,85,99,106],
[62,68,90,104,111],
[67,73,95,109,116],
[72,78,100,114,121],
[77,83,105,119,126],
[82,88,110,124,131],
[4,87,93,115,129],
[2,10,92,98,120],
[8,16,97,103,125],
[14,21,102,108,130],
[3,19,26,107,113],
[9,24,31,112,118],
[15,29,36,117,123],
[20,34,41,122,128],
[1,25,39,46,127],
[7,30,44,51,132],
[5,13,35,49,56],
[11,18,40,54,61],
[17,23,45,59,66],
[22,28,50,64,71]],

[[0,31,44,52,68,75],
[6,36,49,57,73,80],
[12,41,54,62,78,85],
[46,59,67,83,90],
[51,64,72,88,95],
[56,69,77,93,100],
[61,74,82,98,105],
[66,79,87,103,110],
[71,84,92,108,115],
[76,89,97,113,120],
[81,94,102,118,125],
[86,99,107,123,130],
[3,91,104,112,128],
[1,9,96,109,117],
[7,15,101,114,122],
[13,20,106,119,127],
[18,25,111,124,132],
[5,23,30,116,129],
[2,11,28,35,121],
[8,17,33,40,126],
[14,22,38,45,131],
[4,19,27,43,50],
[10,24,32,48,55],
[16,29,37,53,60],
[21,34,42,58,65],
[26,39,47,63,70]],

[[0,35,53,74,91,102],
[6,40,58,79,96,107],
[12,45,63,84,101,112],
[50,68,89,106,117],
[55,73,94,111,122],
[60,78,99,116,127],
[65,83,104,121,132],
[5,70,88,109,126],
[11,75,93,114,131],
[4,17,80,98,119],
[10,22,85,103,124],
[16,27,90,108,129],
[2,21,32,95,113],
[8,26,37,100,118],
[14,31,42,105,123],
[19,36,47,110,128],
[1,24,41,52,115],
[7,29,46,57,120],
[13,34,51,62,125],
[18,39,56,67,130],
[3,23,44,61,72],
[9,28,49,66,77],
[15,33,54,71,82],
[20,38,59,76,87],
[25,43,64,81,92],
[30,48,69,86,97]],

[[0,36,38,64,90,122],
[6,41,43,69,95,127],
[12,46,48,74,100,132],
[5,51,53,79,105],
[11,56,58,84,110],
[17,61,63,89,115],
[22,66,68,94,120],
[27,71,73,99,125],
[32,76,78,104,130],
[3,37,81,83,109],
[9,42,86,88,114],
[15,47,91,93,119],
[20,52,96,98,124],
[25,57,101,103,129],
[2,30,62,106,108],
[8,35,67,111,113],
[14,40,72,116,118],
[19,45,77,121,123],
[24,50,82,126,128],
[1,29,55,87,131],
[4,7,34,60,92],
[10,13,39,65,97],
[16,18,44,70,102],
[21,23,49,75,107],
[26,28,54,80,112],
[31,33,59,85,117]],

[[0,37,46,58,89,125],
[6,42,51,63,94,130],
[3,12,47,56,68,99],
[9,52,61,73,104],
[15,57,66,78,109],
[20,62,71,83,114],
[25,67,76,88,119],
[30,72,81,93,124],
[35,77,86,98,129],
[2,40,82,91,103],
[8,45,87,96,108],
[14,50,92,101,113],
[19,55,97,106,118],
[24,60,102,111,123],
[29,65,107,116,128],
[1,34,70,112,121],
[7,39,75,117,126],
[13,44,80,122,131],
[4,18,49,85,127],
[10,23,54,90,132],
[5,16,28,59,95],
[11,21,33,64,100],
[17,26,38,69,105],
[22,31,43,74,110],
[27,36,48,79,115],
[32,41,53,84,120]],

[[0,47,49,83,106,115],
[6,52,54,88,111,120],
[12,57,59,93,116,125],
[62,64,98,121,130],
[3,67,69,103,126],
[9,72,74,108,131],
[4,15,77,79,113],
[10,20,82,84,118],
[16,25,87,89,123],
[21,30,92,94,128],
[1,26,35,97,99],
[7,31,40,102,104],
[13,36,45,107,109],
[18,41,50,112,114],
[23,46,55,117,119],
[28,51,60,122,124],
[33,56,65,127,129],
[2,38,61,70,132],
[5,8,43,66,75],
[11,14,48,71,80],
[17,19,53,76,85],
[22,24,58,81,90],
[27,29,63,86,95],
[32,34,68,91,100],
[37,39,73,96,105],
[42,44,78,101,110]],

[[0,54,93,101,127,130],
[3,6,59,98,106,132],
[5,9,12,64,103,111],
[11,15,69,108,116],
[17,20,74,113,121],
[22,25,79,118,126],
[27,30,84,123,131],
[4,32,35,89,128],
[1,10,37,40,94],
[7,16,42,45,99],
[13,21,47,50,104],
[18,26,52,55,109],
[23,31,57,60,114],
[28,36,62,65,119],
[33,41,67,70,124],
[38,46,72,75,129],
[2,43,51,77,80],
[8,48,56,82,85],
[14,53,61,87,90],
[19,58,66,92,95],
[24,63,71,97,100],
[29,68,76,102,105],
[34,73,81,107,110],
[39,78,86,112,115],
[44,83,91,117,120],
[49,88,96,122,125]]

]
