[[[0,23,46],
[15,18,19],
[41,42,45],
[64,65,68],
[2,4,17],
[25,27,40],
[48,61,63],
[1,8,13],
[24,31,36],
[47,54,59],
[3,9,37],
[26,32,60],
[14,49,55],
[7,21,29],
[30,44,52],
[6,53,67],
[5,43,57],
[11,28,66],
[20,34,51],
[10,39,58],
[12,33,62],
[16,35,56],
[22,38,50],
[70,93,116],
[85,88,89],
[92,111,112],
[115,134,135],
[72,74,87],
[95,97,110],
[118,131,133],
[71,78,83],
[94,101,106],
[117,124,129],
[73,79,107],
[96,102,130],
[84,119,125],
[77,91,99],
[100,114,122],
[76,123,137],
[75,113,127],
[81,98,136],
[90,104,121],
[80,109,128],
[82,103,132],
[86,105,126],
[69,108,120]],

[[23,69,115],
[19,84,87],
[41,111,114],
[65,133,137],
[2,73,86],
[27,94,109],
[48,130,132],
[1,77,82],
[31,93,105],
[54,116,128],
[3,78,106],
[32,95,129],
[49,83,124],
[21,76,98],
[30,113,121],
[6,122,136],
[57,74,112],
[11,97,135],
[34,89,120],
[39,79,127],
[12,102,131],
[56,85,104],
[38,91,119],
[24,47,70],
[16,20,88],
[42,43,92],
[46,66,134],
[5,18,72],
[26,28,110],
[62,64,118],
[9,14,71],
[25,37,101],
[55,60,117],
[4,10,107],
[33,61,96],
[15,50,125],
[8,22,99],
[45,53,100],
[7,68,123],
[44,58,75],
[29,67,81],
[35,52,90],
[40,59,80],
[13,63,103],
[17,36,126],
[0,51,108]],

[[46,69,92],
[15,87,88],
[42,110,114],
[68,133,134],
[4,71,86],
[40,94,96],
[61,117,132],
[13,70,77],
[36,93,100],
[47,123,128],
[37,72,78],
[60,95,101],
[14,118,124],
[29,76,90],
[52,99,113],
[53,75,136],
[5,112,126],
[28,80,135],
[51,89,103],
[58,79,108],
[62,81,102],
[16,104,125],
[22,107,119],
[1,24,116],
[19,20,85],
[23,43,111],
[65,66,115],
[3,18,74],
[26,41,97],
[49,64,131],
[2,9,83],
[25,32,106],
[48,55,129],
[10,38,73],
[27,33,130],
[50,56,84],
[8,30,91],
[31,45,122],
[7,54,137],
[6,44,127],
[12,67,98],
[21,35,121],
[11,59,109],
[34,63,82],
[17,57,105],
[0,39,120]],

[[0,92,115],
[18,84,88],
[45,110,111],
[64,134,137],
[17,71,73],
[25,96,109],
[63,117,130],
[8,70,82],
[24,100,105],
[59,116,123],
[9,72,106],
[26,101,129],
[55,83,118],
[7,90,98],
[44,99,121],
[67,75,122],
[43,74,126],
[66,80,97],
[20,103,120],
[10,108,127],
[33,81,131],
[35,85,125],
[50,91,107],
[1,47,93],
[16,19,89],
[23,42,112],
[46,65,135],
[3,5,87],
[28,41,95],
[49,62,133],
[2,14,78],
[32,37,94],
[48,60,124],
[4,38,79],
[27,61,102],
[15,56,119],
[22,30,77],
[31,53,114],
[54,68,76],
[6,58,113],
[12,29,136],
[21,52,104],
[11,40,128],
[13,34,132],
[36,57,86],
[39,51,69]],

[[2,25,48],
[17,20,21],
[24,43,44],
[47,66,67],
[4,6,19],
[27,29,42],
[50,63,65],
[3,10,15],
[26,33,38],
[49,56,61],
[5,11,39],
[28,34,62],
[16,51,57],
[0,9,31],
[23,32,54],
[8,46,55],
[7,45,59],
[13,30,68],
[22,36,53],
[12,41,60],
[14,35,64],
[18,37,58],
[1,40,52],
[72,95,118],
[87,90,91],
[94,113,114],
[117,136,137],
[74,76,89],
[97,99,112],
[120,133,135],
[73,80,85],
[96,103,108],
[119,126,131],
[75,81,109],
[98,104,132],
[86,121,127],
[70,79,101],
[93,102,124],
[78,116,125],
[77,92,129],
[83,100,115],
[69,106,123],
[82,111,130],
[84,105,134],
[88,107,128],
[71,110,122]],

[[25,71,117],
[21,86,89],
[43,93,113],
[67,116,135],
[4,75,88],
[29,96,111],
[50,132,134],
[3,79,84],
[33,95,107],
[56,118,130],
[5,80,108],
[34,97,131],
[51,85,126],
[0,78,100],
[32,92,123],
[8,115,124],
[59,76,114],
[13,99,137],
[36,91,122],
[41,81,129],
[14,104,133],
[58,87,106],
[40,70,121],
[26,49,72],
[18,22,90],
[44,45,94],
[48,68,136],
[7,20,74],
[28,30,112],
[64,66,120],
[11,16,73],
[27,39,103],
[57,62,119],
[6,12,109],
[35,63,98],
[17,52,127],
[1,10,101],
[24,55,102],
[9,47,125],
[23,60,77],
[31,46,83],
[37,54,69],
[42,61,82],
[15,65,105],
[19,38,128],
[2,53,110]],

[[48,71,94],
[17,89,90],
[44,93,112],
[47,135,136],
[6,73,88],
[42,96,98],
[63,119,134],
[15,72,79],
[38,95,102],
[49,125,130],
[39,74,80],
[62,97,103],
[16,120,126],
[31,69,78],
[54,92,101],
[55,77,115],
[7,114,128],
[30,82,137],
[53,91,105],
[60,81,110],
[64,83,104],
[18,106,127],
[1,109,121],
[3,26,118],
[21,22,87],
[25,45,113],
[67,68,117],
[5,20,76],
[28,43,99],
[51,66,133],
[4,11,85],
[27,34,108],
[50,57,131],
[12,40,75],
[29,35,132],
[52,58,86],
[10,32,70],
[24,33,124],
[9,56,116],
[8,23,129],
[14,46,100],
[0,37,123],
[13,61,111],
[36,65,84],
[19,59,107],
[2,41,122]],

[[2,94,117],
[20,86,90],
[24,112,113],
[66,116,136],
[19,73,75],
[27,98,111],
[65,119,132],
[10,72,84],
[26,102,107],
[61,118,125],
[11,74,108],
[28,103,131],
[57,85,120],
[9,69,100],
[23,101,123],
[46,77,124],
[45,76,128],
[68,82,99],
[22,105,122],
[12,110,129],
[35,83,133],
[37,87,127],
[52,70,109],
[3,49,95],
[18,21,91],
[25,44,114],
[48,67,137],
[5,7,89],
[30,43,97],
[51,64,135],
[4,16,80],
[34,39,96],
[50,62,126],
[6,40,81],
[29,63,104],
[17,58,121],
[1,32,79],
[33,55,93],
[47,56,78],
[8,60,92],
[14,31,115],
[0,54,106],
[13,42,130],
[15,36,134],
[38,59,88],
[41,53,71]],

[[4,27,50],
[0,19,22],
[23,26,45],
[46,49,68],
[6,8,21],
[29,31,44],
[52,65,67],
[5,12,17],
[28,35,40],
[51,58,63],
[7,13,41],
[30,36,64],
[18,53,59],
[2,11,33],
[25,34,56],
[10,48,57],
[9,24,61],
[15,32,47],
[1,38,55],
[14,43,62],
[16,37,66],
[20,39,60],
[3,42,54],
[74,97,120],
[69,70,89],
[92,93,96],
[115,116,119],
[76,78,91],
[99,101,114],
[122,135,137],
[75,82,87],
[98,105,110],
[121,128,133],
[77,83,111],
[100,106,134],
[88,123,129],
[72,81,103],
[95,104,126],
[80,118,127],
[79,94,131],
[85,102,117],
[71,108,125],
[84,113,132],
[86,107,136],
[90,109,130],
[73,112,124]],

[[27,73,119],
[0,88,91],
[45,92,95],
[46,118,137],
[6,77,90],
[31,98,113],
[52,134,136],
[5,81,86],
[35,97,109],
[58,120,132],
[7,82,110],
[36,99,133],
[53,87,128],
[2,80,102],
[34,94,125],
[10,117,126],
[61,78,93],
[15,101,116],
[38,70,124],
[43,83,131],
[16,106,135],
[60,89,108],
[42,72,123],
[28,51,74],
[1,20,69],
[23,24,96],
[47,50,115],
[9,22,76],
[30,32,114],
[66,68,122],
[13,18,75],
[29,41,105],
[59,64,121],
[8,14,111],
[37,65,100],
[19,54,129],
[3,12,103],
[26,57,104],
[11,49,127],
[25,62,79],
[33,48,85],
[39,56,71],
[44,63,84],
[17,67,107],
[21,40,130],
[4,55,112]],

[[50,73,96],
[19,69,91],
[23,95,114],
[49,115,137],
[8,75,90],
[44,98,100],
[65,121,136],
[17,74,81],
[40,97,104],
[51,127,132],
[41,76,82],
[64,99,105],
[18,122,128],
[33,71,80],
[56,94,103],
[57,79,117],
[9,93,130],
[32,84,116],
[55,70,107],
[62,83,112],
[66,85,106],
[20,108,129],
[3,111,123],
[5,28,120],
[0,1,89],
[24,27,92],
[46,47,119],
[7,22,78],
[30,45,101],
[53,68,135],
[6,13,87],
[29,36,110],
[52,59,133],
[14,42,77],
[31,37,134],
[54,60,88],
[12,34,72],
[26,35,126],
[11,58,118],
[10,25,131],
[16,48,102],
[2,39,125],
[15,63,113],
[38,67,86],
[21,61,109],
[4,43,124]],

[[4,96,119],
[22,69,88],
[26,92,114],
[68,115,118],
[21,75,77],
[29,100,113],
[67,121,134],
[12,74,86],
[28,104,109],
[63,120,127],
[13,76,110],
[30,105,133],
[59,87,122],
[11,71,102],
[25,103,125],
[48,79,126],
[24,78,130],
[47,84,101],
[1,107,124],
[14,112,131],
[37,85,135],
[39,89,129],
[54,72,111],
[5,51,97],
[0,20,70],
[23,27,93],
[46,50,116],
[7,9,91],
[32,45,99],
[53,66,137],
[6,18,82],
[36,41,98],
[52,64,128],
[8,42,83],
[31,65,106],
[19,60,123],
[3,34,81],
[35,57,95],
[49,58,80],
[10,62,94],
[16,33,117],
[2,56,108],
[15,44,132],
[17,38,136],
[40,61,90],
[43,55,73]],

[[6,29,52],
[1,2,21],
[24,25,28],
[47,48,51],
[0,8,10],
[23,31,33],
[46,54,67],
[7,14,19],
[30,37,42],
[53,60,65],
[9,15,43],
[32,38,66],
[20,55,61],
[4,13,35],
[27,36,58],
[12,50,59],
[11,26,63],
[17,34,49],
[3,40,57],
[16,45,64],
[18,39,68],
[22,41,62],
[5,44,56],
[76,99,122],
[71,72,91],
[94,95,98],
[117,118,121],
[70,78,80],
[93,101,103],
[116,124,137],
[77,84,89],
[100,107,112],
[123,130,135],
[79,85,113],
[102,108,136],
[90,125,131],
[74,83,105],
[97,106,128],
[82,120,129],
[81,96,133],
[87,104,119],
[73,110,127],
[86,92,134],
[88,109,115],
[69,111,132],
[75,114,126]],

[[29,75,121],
[2,70,90],
[24,94,97],
[48,116,120],
[8,69,79],
[33,92,100],
[54,115,136],
[7,83,88],
[37,99,111],
[60,122,134],
[9,84,112],
[38,101,135],
[55,89,130],
[4,82,104],
[36,96,127],
[12,119,128],
[63,80,95],
[17,103,118],
[40,72,126],
[45,85,133],
[18,108,137],
[62,91,110],
[44,74,125],
[30,53,76],
[3,22,71],
[25,26,98],
[49,52,117],
[1,11,78],
[32,34,93],
[47,68,124],
[15,20,77],
[31,43,107],
[61,66,123],
[10,16,113],
[39,67,102],
[21,56,131],
[5,14,105],
[28,59,106],
[13,51,129],
[27,64,81],
[35,50,87],
[41,58,73],
[23,65,86],
[19,46,109],
[0,42,132],
[6,57,114]],

[[52,75,98],
[21,70,71],
[25,93,97],
[51,116,117],
[10,69,77],
[23,100,102],
[67,115,123],
[19,76,83],
[42,99,106],
[53,129,134],
[43,78,84],
[66,101,107],
[20,124,130],
[35,73,82],
[58,96,105],
[59,81,119],
[11,95,132],
[34,86,118],
[57,72,109],
[64,85,114],
[68,87,108],
[22,110,131],
[5,113,125],
[7,30,122],
[2,3,91],
[26,29,94],
[48,49,121],
[1,9,80],
[24,32,103],
[47,55,137],
[8,15,89],
[31,38,112],
[54,61,135],
[16,44,79],
[33,39,136],
[56,62,90],
[14,36,74],
[28,37,128],
[13,60,120],
[12,27,133],
[18,50,104],
[4,41,127],
[17,65,92],
[40,46,88],
[0,63,111],
[6,45,126]],

[[6,98,121],
[1,71,90],
[28,93,94],
[47,117,120],
[0,77,79],
[31,92,102],
[46,123,136],
[14,76,88],
[30,106,111],
[65,122,129],
[15,78,112],
[32,107,135],
[61,89,124],
[13,73,104],
[27,105,127],
[50,81,128],
[26,80,132],
[49,86,103],
[3,109,126],
[16,114,133],
[39,87,137],
[41,91,131],
[56,74,113],
[7,53,99],
[2,22,72],
[25,29,95],
[48,52,118],
[9,11,70],
[24,34,101],
[55,68,116],
[8,20,84],
[38,43,100],
[54,66,130],
[10,44,85],
[33,67,108],
[21,62,125],
[5,36,83],
[37,59,97],
[51,60,82],
[12,64,96],
[18,35,119],
[4,58,110],
[17,23,134],
[19,40,115],
[42,63,69],
[45,57,75]],

[[8,31,54],
[0,3,4],
[26,27,30],
[49,50,53],
[2,10,12],
[25,33,35],
[46,48,56],
[9,16,21],
[32,39,44],
[55,62,67],
[11,17,45],
[34,40,68],
[22,57,63],
[6,15,37],
[29,38,60],
[14,52,61],
[13,28,65],
[19,36,51],
[5,42,59],
[18,24,66],
[20,41,47],
[1,43,64],
[7,23,58],
[78,101,124],
[70,73,74],
[96,97,100],
[119,120,123],
[72,80,82],
[95,103,105],
[116,118,126],
[79,86,91],
[102,109,114],
[125,132,137],
[81,87,92],
[104,110,115],
[69,127,133],
[76,85,107],
[99,108,130],
[84,122,131],
[83,98,135],
[89,106,121],
[75,112,129],
[88,94,136],
[90,111,117],
[71,113,134],
[77,93,128]],

[[31,77,123],
[4,69,72],
[26,96,99],
[50,118,122],
[10,71,81],
[35,94,102],
[56,115,117],
[9,85,90],
[39,101,113],
[62,124,136],
[11,86,114],
[40,103,137],
[57,91,132],
[6,84,106],
[38,98,129],
[14,121,130],
[65,82,97],
[19,105,120],
[42,74,128],
[24,87,135],
[20,110,116],
[64,70,112],
[23,76,127],
[32,55,78],
[1,5,73],
[27,28,100],
[51,54,119],
[3,13,80],
[34,36,95],
[47,49,126],
[17,22,79],
[33,45,109],
[63,68,125],
[12,18,92],
[41,46,104],
[0,58,133],
[7,16,107],
[30,61,108],
[15,53,131],
[29,66,83],
[37,52,89],
[43,60,75],
[25,67,88],
[21,48,111],
[2,44,134],
[8,59,93]],

[[54,77,100],
[0,72,73],
[27,95,99],
[53,118,119],
[12,71,79],
[25,102,104],
[46,117,125],
[21,78,85],
[44,101,108],
[55,131,136],
[45,80,86],
[68,103,109],
[22,126,132],
[37,75,84],
[60,98,107],
[61,83,121],
[13,97,134],
[36,88,120],
[59,74,111],
[66,87,93],
[47,89,110],
[1,112,133],
[7,92,127],
[9,32,124],
[4,5,70],
[28,31,96],
[50,51,123],
[3,11,82],
[26,34,105],
[49,57,116],
[10,17,91],
[33,40,114],
[56,63,137],
[18,23,81],
[35,41,115],
[58,64,69],
[16,38,76],
[30,39,130],
[15,62,122],
[14,29,135],
[20,52,106],
[6,43,129],
[19,67,94],
[42,48,90],
[2,65,113],
[8,24,128]],

[[8,100,123],
[3,69,73],
[30,95,96],
[49,119,122],
[2,79,81],
[33,94,104],
[48,115,125],
[16,78,90],
[32,108,113],
[67,124,131],
[17,80,114],
[34,109,137],
[63,91,126],
[15,75,106],
[29,107,129],
[52,83,130],
[28,82,134],
[51,88,105],
[5,111,128],
[18,93,135],
[41,89,116],
[43,70,133],
[58,76,92],
[9,55,101],
[1,4,74],
[27,31,97],
[50,54,120],
[11,13,72],
[26,36,103],
[47,57,118],
[10,22,86],
[40,45,102],
[56,68,132],
[12,23,87],
[35,46,110],
[0,64,127],
[7,38,85],
[39,61,99],
[53,62,84],
[14,66,98],
[20,37,121],
[6,60,112],
[19,25,136],
[21,42,117],
[44,65,71],
[24,59,77]],

[[10,33,56],
[2,5,6],
[28,29,32],
[51,52,55],
[4,12,14],
[27,35,37],
[48,50,58],
[0,11,18],
[23,34,41],
[46,57,64],
[13,19,24],
[36,42,47],
[1,59,65],
[8,17,39],
[31,40,62],
[16,54,63],
[15,30,67],
[21,38,53],
[7,44,61],
[20,26,68],
[22,43,49],
[3,45,66],
[9,25,60],
[80,103,126],
[72,75,76],
[98,99,102],
[121,122,125],
[74,82,84],
[97,105,107],
[118,120,128],
[70,81,88],
[93,104,111],
[116,127,134],
[83,89,94],
[106,112,117],
[71,129,135],
[78,87,109],
[101,110,132],
[86,124,133],
[85,100,137],
[91,108,123],
[77,114,131],
[90,96,115],
[69,113,119],
[73,92,136],
[79,95,130]],

[[33,79,125],
[6,71,74],
[28,98,101],
[52,120,124],
[12,73,83],
[37,96,104],
[58,117,119],
[11,69,87],
[41,92,103],
[64,115,126],
[13,88,93],
[42,105,116],
[59,70,134],
[8,86,108],
[40,100,131],
[16,123,132],
[67,84,99],
[21,107,122],
[44,76,130],
[26,89,137],
[22,112,118],
[66,72,114],
[25,78,129],
[34,57,80],
[3,7,75],
[29,30,102],
[53,56,121],
[5,15,82],
[36,38,97],
[49,51,128],
[1,19,81],
[24,35,111],
[47,65,127],
[14,20,94],
[43,48,106],
[2,60,135],
[9,18,109],
[32,63,110],
[17,55,133],
[31,68,85],
[39,54,91],
[45,62,77],
[27,46,90],
[0,50,113],
[4,23,136],
[10,61,95]],

[[56,79,102],
[2,74,75],
[29,97,101],
[55,120,121],
[14,73,81],
[27,104,106],
[48,119,127],
[0,80,87],
[23,103,110],
[57,115,133],
[24,82,88],
[47,105,111],
[1,128,134],
[39,77,86],
[62,100,109],
[63,85,123],
[15,99,136],
[38,90,122],
[61,76,113],
[68,89,95],
[49,91,112],
[3,114,135],
[9,94,129],
[11,34,126],
[6,7,72],
[30,33,98],
[52,53,125],
[5,13,84],
[28,36,107],
[51,59,118],
[12,19,70],
[35,42,93],
[58,65,116],
[20,25,83],
[37,43,117],
[60,66,71],
[18,40,78],
[32,41,132],
[17,64,124],
[16,31,137],
[22,54,108],
[8,45,131],
[21,46,96],
[44,50,69],
[4,67,92],
[10,26,130]],

[[10,102,125],
[5,71,75],
[32,97,98],
[51,121,124],
[4,81,83],
[35,96,106],
[50,117,127],
[18,69,80],
[34,92,110],
[46,126,133],
[19,82,93],
[36,111,116],
[65,70,128],
[17,77,108],
[31,109,131],
[54,85,132],
[30,84,136],
[53,90,107],
[7,113,130],
[20,95,137],
[43,91,118],
[45,72,135],
[60,78,94],
[11,57,103],
[3,6,76],
[29,33,99],
[52,56,122],
[13,15,74],
[28,38,105],
[49,59,120],
[1,12,88],
[24,42,104],
[47,58,134],
[14,25,89],
[37,48,112],
[2,66,129],
[9,40,87],
[41,63,101],
[55,64,86],
[16,68,100],
[22,39,123],
[8,62,114],
[21,27,115],
[0,44,119],
[23,67,73],
[26,61,79]],

[[12,35,58],
[4,7,8],
[30,31,34],
[53,54,57],
[6,14,16],
[29,37,39],
[50,52,60],
[2,13,20],
[25,36,43],
[48,59,66],
[15,21,26],
[38,44,49],
[3,61,67],
[10,19,41],
[33,42,64],
[18,56,65],
[17,32,46],
[0,40,55],
[9,23,63],
[22,28,47],
[1,45,51],
[5,24,68],
[11,27,62],
[82,105,128],
[74,77,78],
[100,101,104],
[123,124,127],
[76,84,86],
[99,107,109],
[120,122,130],
[72,83,90],
[95,106,113],
[118,129,136],
[85,91,96],
[108,114,119],
[73,131,137],
[80,89,111],
[103,112,134],
[88,126,135],
[87,102,116],
[70,110,125],
[79,93,133],
[69,98,117],
[71,92,121],
[75,94,115],
[81,97,132]],

[[35,81,127],
[8,73,76],
[30,100,103],
[54,122,126],
[14,75,85],
[39,98,106],
[60,119,121],
[13,71,89],
[43,94,105],
[66,117,128],
[15,90,95],
[44,107,118],
[61,72,136],
[10,88,110],
[42,102,133],
[18,125,134],
[46,86,101],
[0,109,124],
[23,78,132],
[28,91,116],
[1,114,120],
[68,74,93],
[27,80,131],
[36,59,82],
[5,9,77],
[31,32,104],
[55,58,123],
[7,17,84],
[38,40,99],
[51,53,130],
[3,21,83],
[26,37,113],
[49,67,129],
[16,22,96],
[45,50,108],
[4,62,137],
[11,20,111],
[34,65,112],
[19,57,135],
[33,47,87],
[41,56,70],
[24,64,79],
[29,48,69],
[2,52,92],
[6,25,115],
[12,63,97]],

[[58,81,104],
[4,76,77],
[31,99,103],
[57,122,123],
[16,75,83],
[29,106,108],
[50,121,129],
[2,82,89],
[25,105,112],
[59,117,135],
[26,84,90],
[49,107,113],
[3,130,136],
[41,79,88],
[64,102,111],
[65,87,125],
[17,101,115],
[40,69,124],
[63,78,92],
[47,91,97],
[51,70,114],
[5,93,137],
[11,96,131],
[13,36,128],
[8,9,74],
[32,35,100],
[54,55,127],
[7,15,86],
[30,38,109],
[53,61,120],
[14,21,72],
[37,44,95],
[60,67,118],
[22,27,85],
[39,45,119],
[62,68,73],
[20,42,80],
[34,43,134],
[19,66,126],
[18,33,116],
[1,56,110],
[10,24,133],
[0,48,98],
[23,52,71],
[6,46,94],
[12,28,132]],

[[12,104,127],
[7,73,77],
[34,99,100],
[53,123,126],
[6,83,85],
[37,98,108],
[52,119,129],
[20,71,82],
[36,94,112],
[48,128,135],
[21,84,95],
[38,113,118],
[67,72,130],
[19,79,110],
[33,111,133],
[56,87,134],
[32,86,115],
[55,69,109],
[9,92,132],
[22,97,116],
[45,70,120],
[24,74,137],
[62,80,96],
[13,59,105],
[5,8,78],
[31,35,101],
[54,58,124],
[15,17,76],
[30,40,107],
[51,61,122],
[3,14,90],
[26,44,106],
[49,60,136],
[16,27,91],
[39,50,114],
[4,68,131],
[11,42,89],
[43,65,103],
[57,66,88],
[18,47,102],
[1,41,125],
[10,64,93],
[0,29,117],
[2,23,121],
[25,46,75],
[28,63,81]],

[[14,37,60],
[6,9,10],
[32,33,36],
[55,56,59],
[8,16,18],
[31,39,41],
[52,54,62],
[4,15,22],
[27,38,45],
[50,61,68],
[0,17,28],
[23,40,51],
[5,46,63],
[12,21,43],
[35,44,66],
[20,58,67],
[19,34,48],
[2,42,57],
[11,25,65],
[1,30,49],
[3,24,53],
[7,26,47],
[13,29,64],
[84,107,130],
[76,79,80],
[102,103,106],
[125,126,129],
[78,86,88],
[101,109,111],
[122,124,132],
[69,74,85],
[92,97,108],
[115,120,131],
[70,87,98],
[93,110,121],
[75,116,133],
[82,91,113],
[105,114,136],
[90,128,137],
[89,104,118],
[72,112,127],
[81,95,135],
[71,100,119],
[73,94,123],
[77,96,117],
[83,99,134]],

[[37,83,129],
[10,75,78],
[32,102,105],
[56,124,128],
[16,77,87],
[41,100,108],
[62,121,123],
[15,73,91],
[45,96,107],
[68,119,130],
[17,69,97],
[23,109,120],
[63,74,115],
[12,90,112],
[44,104,135],
[20,127,136],
[48,88,103],
[2,111,126],
[25,80,134],
[30,70,118],
[3,93,122],
[47,76,95],
[29,82,133],
[38,61,84],
[7,11,79],
[33,34,106],
[57,60,125],
[9,19,86],
[40,42,101],
[53,55,132],
[0,5,85],
[28,39,92],
[46,51,131],
[1,18,98],
[24,52,110],
[6,64,116],
[13,22,113],
[36,67,114],
[21,59,137],
[35,49,89],
[43,58,72],
[26,66,81],
[31,50,71],
[4,54,94],
[8,27,117],
[14,65,99]],

[[60,83,106],
[6,78,79],
[33,101,105],
[59,124,125],
[18,77,85],
[31,108,110],
[52,123,131],
[4,84,91],
[27,107,114],
[61,119,137],
[28,69,86],
[51,92,109],
[5,115,132],
[43,81,90],
[66,104,113],
[67,89,127],
[19,103,117],
[42,71,126],
[65,80,94],
[49,70,99],
[53,72,93],
[7,95,116],
[13,98,133],
[15,38,130],
[10,11,76],
[34,37,102],
[56,57,129],
[9,17,88],
[32,40,111],
[55,63,122],
[0,16,74],
[23,39,97],
[46,62,120],
[1,29,87],
[24,41,121],
[47,64,75],
[22,44,82],
[36,45,136],
[21,68,128],
[20,35,118],
[3,58,112],
[12,26,135],
[2,50,100],
[25,54,73],
[8,48,96],
[14,30,134]],

[[14,106,129],
[9,75,79],
[36,101,102],
[55,125,128],
[8,85,87],
[39,100,110],
[54,121,131],
[22,73,84],
[38,96,114],
[50,130,137],
[0,86,97],
[40,92,120],
[46,74,132],
[21,81,112],
[35,113,135],
[58,89,136],
[34,88,117],
[57,71,111],
[11,94,134],
[1,99,118],
[24,72,122],
[26,76,116],
[64,82,98],
[15,61,107],
[7,10,80],
[33,37,103],
[56,60,126],
[17,19,78],
[32,42,109],
[53,63,124],
[5,16,69],
[23,28,108],
[51,62,115],
[18,29,70],
[41,52,93],
[6,47,133],
[13,44,91],
[45,67,105],
[59,68,90],
[20,49,104],
[3,43,127],
[12,66,95],
[2,31,119],
[4,25,123],
[27,48,77],
[30,65,83]],

[[16,39,62],
[8,11,12],
[34,35,38],
[57,58,61],
[10,18,20],
[33,41,43],
[54,56,64],
[1,6,17],
[24,29,40],
[47,52,63],
[2,19,30],
[25,42,53],
[7,48,65],
[0,14,45],
[23,37,68],
[22,46,60],
[21,36,50],
[4,44,59],
[13,27,67],
[3,32,51],
[5,26,55],
[9,28,49],
[15,31,66],
[86,109,132],
[78,81,82],
[104,105,108],
[127,128,131],
[80,88,90],
[103,111,113],
[124,126,134],
[71,76,87],
[94,99,110],
[117,122,133],
[72,89,100],
[95,112,123],
[77,118,135],
[70,84,92],
[93,107,115],
[69,116,130],
[91,106,120],
[74,114,129],
[83,97,137],
[73,102,121],
[75,96,125],
[79,98,119],
[85,101,136]],

[[39,85,131],
[12,77,80],
[34,104,107],
[58,126,130],
[18,79,89],
[43,102,110],
[64,123,125],
[17,70,75],
[24,98,109],
[47,121,132],
[19,71,99],
[25,111,122],
[65,76,117],
[14,69,114],
[23,106,137],
[22,115,129],
[50,90,105],
[4,113,128],
[27,82,136],
[32,72,120],
[5,95,124],
[49,78,97],
[31,84,135],
[40,63,86],
[9,13,81],
[35,36,108],
[59,62,127],
[11,21,88],
[42,44,103],
[55,57,134],
[2,7,87],
[30,41,94],
[48,53,133],
[3,20,100],
[26,54,112],
[8,66,118],
[1,15,92],
[38,46,93],
[0,61,116],
[37,51,91],
[45,60,74],
[28,68,83],
[33,52,73],
[6,56,96],
[10,29,119],
[16,67,101]],

[[62,85,108],
[8,80,81],
[35,103,107],
[61,126,127],
[20,79,87],
[33,110,112],
[54,125,133],
[6,70,86],
[29,93,109],
[63,116,121],
[30,71,88],
[53,94,111],
[7,117,134],
[45,69,83],
[68,92,106],
[46,91,129],
[21,105,119],
[44,73,128],
[67,82,96],
[51,72,101],
[55,74,95],
[9,97,118],
[15,100,135],
[17,40,132],
[12,13,78],
[36,39,104],
[58,59,131],
[11,19,90],
[34,42,113],
[57,65,124],
[2,18,76],
[25,41,99],
[48,64,122],
[3,31,89],
[26,43,123],
[49,66,77],
[1,23,84],
[24,38,115],
[0,47,130],
[22,37,120],
[5,60,114],
[14,28,137],
[4,52,102],
[27,56,75],
[10,50,98],
[16,32,136]],

[[16,108,131],
[11,77,81],
[38,103,104],
[57,127,130],
[10,87,89],
[41,102,112],
[56,123,133],
[1,75,86],
[40,93,98],
[52,116,132],
[2,88,99],
[42,94,122],
[48,76,134],
[0,83,114],
[37,92,137],
[60,91,115],
[36,90,119],
[59,73,113],
[13,96,136],
[3,101,120],
[26,74,124],
[28,78,118],
[66,84,100],
[17,63,109],
[9,12,82],
[35,39,105],
[58,62,128],
[19,21,80],
[34,44,111],
[55,65,126],
[7,18,71],
[25,30,110],
[53,64,117],
[20,31,72],
[43,54,95],
[8,49,135],
[15,23,70],
[24,46,107],
[47,61,69],
[22,51,106],
[5,45,129],
[14,68,97],
[4,33,121],
[6,27,125],
[29,50,79],
[32,67,85]],

[[18,41,64],
[10,13,14],
[36,37,40],
[59,60,63],
[12,20,22],
[35,43,45],
[56,58,66],
[3,8,19],
[26,31,42],
[49,54,65],
[4,21,32],
[27,44,55],
[9,50,67],
[2,16,24],
[25,39,47],
[1,48,62],
[0,38,52],
[6,23,61],
[15,29,46],
[5,34,53],
[7,28,57],
[11,30,51],
[17,33,68],
[88,111,134],
[80,83,84],
[106,107,110],
[129,130,133],
[69,82,90],
[92,105,113],
[126,128,136],
[73,78,89],
[96,101,112],
[119,124,135],
[74,91,102],
[97,114,125],
[79,120,137],
[72,86,94],
[95,109,117],
[71,118,132],
[70,108,122],
[76,93,131],
[85,99,116],
[75,104,123],
[77,98,127],
[81,100,121],
[87,103,115]],

[[41,87,133],
[14,79,82],
[36,106,109],
[60,128,132],
[20,81,91],
[45,104,112],
[66,125,127],
[19,72,77],
[26,100,111],
[49,123,134],
[21,73,101],
[27,113,124],
[67,78,119],
[16,71,93],
[25,108,116],
[1,117,131],
[52,69,107],
[6,92,130],
[29,84,115],
[34,74,122],
[7,97,126],
[51,80,99],
[33,86,137],
[42,65,88],
[11,15,83],
[37,38,110],
[61,64,129],
[0,13,90],
[23,44,105],
[57,59,136],
[4,9,89],
[32,43,96],
[50,55,135],
[5,22,102],
[28,56,114],
[10,68,120],
[3,17,94],
[40,48,95],
[2,63,118],
[39,53,70],
[24,62,76],
[30,47,85],
[35,54,75],
[8,58,98],
[12,31,121],
[18,46,103]],

[[64,87,110],
[10,82,83],
[37,105,109],
[63,128,129],
[22,81,89],
[35,112,114],
[56,127,135],
[8,72,88],
[31,95,111],
[65,118,123],
[32,73,90],
[55,96,113],
[9,119,136],
[24,71,85],
[47,94,108],
[48,70,131],
[0,107,121],
[23,75,130],
[46,84,98],
[53,74,103],
[57,76,97],
[11,99,120],
[17,102,137],
[19,42,134],
[14,15,80],
[38,41,106],
[60,61,133],
[13,21,69],
[36,44,92],
[59,67,126],
[4,20,78],
[27,43,101],
[50,66,124],
[5,33,91],
[28,45,125],
[51,68,79],
[3,25,86],
[26,40,117],
[2,49,132],
[1,39,122],
[7,62,93],
[16,30,116],
[6,54,104],
[29,58,77],
[12,52,100],
[18,34,115]],

[[18,110,133],
[13,79,83],
[40,105,106],
[59,129,132],
[12,89,91],
[43,104,114],
[58,125,135],
[3,77,88],
[42,95,100],
[54,118,134],
[4,90,101],
[44,96,124],
[50,78,136],
[2,85,93],
[39,94,116],
[62,70,117],
[38,69,121],
[61,75,92],
[15,98,115],
[5,103,122],
[28,76,126],
[30,80,120],
[68,86,102],
[19,65,111],
[11,14,84],
[37,41,107],
[60,64,130],
[0,21,82],
[23,36,113],
[57,67,128],
[9,20,73],
[27,32,112],
[55,66,119],
[22,33,74],
[45,56,97],
[10,51,137],
[17,25,72],
[26,48,109],
[49,63,71],
[1,53,108],
[7,24,131],
[16,47,99],
[6,35,123],
[8,29,127],
[31,52,81],
[34,46,87]],

[[20,43,66],
[12,15,16],
[38,39,42],
[61,62,65],
[1,14,22],
[24,37,45],
[58,60,68],
[5,10,21],
[28,33,44],
[51,56,67],
[0,6,34],
[23,29,57],
[11,46,52],
[4,18,26],
[27,41,49],
[3,50,64],
[2,40,54],
[8,25,63],
[17,31,48],
[7,36,55],
[9,30,59],
[13,32,53],
[19,35,47],
[90,113,136],
[82,85,86],
[108,109,112],
[131,132,135],
[69,71,84],
[92,94,107],
[115,128,130],
[75,80,91],
[98,103,114],
[121,126,137],
[70,76,104],
[93,99,127],
[81,116,122],
[74,88,96],
[97,111,119],
[73,120,134],
[72,110,124],
[78,95,133],
[87,101,118],
[77,106,125],
[79,100,129],
[83,102,123],
[89,105,117]],

[[43,89,135],
[16,81,84],
[38,108,111],
[62,130,134],
[22,70,83],
[24,106,114],
[68,127,129],
[21,74,79],
[28,102,113],
[51,125,136],
[0,75,103],
[29,92,126],
[46,80,121],
[18,73,95],
[27,110,118],
[3,119,133],
[54,71,109],
[8,94,132],
[31,86,117],
[36,76,124],
[9,99,128],
[53,82,101],
[35,88,116],
[44,67,90],
[13,17,85],
[39,40,112],
[63,66,131],
[2,15,69],
[23,25,107],
[59,61,115],
[6,11,91],
[34,45,98],
[52,57,137],
[1,7,104],
[30,58,93],
[12,47,122],
[5,19,96],
[42,50,97],
[4,65,120],
[41,55,72],
[26,64,78],
[32,49,87],
[37,56,77],
[10,60,100],
[14,33,123],
[20,48,105]],

[[66,89,112],
[12,84,85],
[39,107,111],
[65,130,131],
[1,83,91],
[37,93,114],
[58,129,137],
[10,74,90],
[33,97,113],
[67,120,125],
[34,69,75],
[57,92,98],
[11,115,121],
[26,73,87],
[49,96,110],
[50,72,133],
[2,109,123],
[25,77,132],
[48,86,100],
[55,76,105],
[59,78,99],
[13,101,122],
[19,104,116],
[21,44,136],
[16,17,82],
[40,43,108],
[62,63,135],
[0,15,71],
[23,38,94],
[46,61,128],
[6,22,80],
[29,45,103],
[52,68,126],
[7,35,70],
[24,30,127],
[47,53,81],
[5,27,88],
[28,42,119],
[4,51,134],
[3,41,124],
[9,64,95],
[18,32,118],
[8,56,106],
[31,60,79],
[14,54,102],
[20,36,117]],

[[20,112,135],
[15,81,85],
[42,107,108],
[61,131,134],
[14,70,91],
[45,93,106],
[60,127,137],
[5,79,90],
[44,97,102],
[56,120,136],
[6,69,103],
[23,98,126],
[52,80,115],
[4,87,95],
[41,96,118],
[64,72,119],
[40,71,123],
[63,77,94],
[17,100,117],
[7,105,124],
[30,78,128],
[32,82,122],
[47,88,104],
[21,67,113],
[13,16,86],
[39,43,109],
[62,66,132],
[0,2,84],
[25,38,92],
[46,59,130],
[11,22,75],
[29,34,114],
[57,68,121],
[1,35,76],
[24,58,99],
[12,53,116],
[19,27,74],
[28,50,111],
[51,65,73],
[3,55,110],
[9,26,133],
[18,49,101],
[8,37,125],
[10,31,129],
[33,54,83],
[36,48,89]],

[[22,45,68],
[14,17,18],
[40,41,44],
[63,64,67],
[1,3,16],
[24,26,39],
[47,60,62],
[0,7,12],
[23,30,35],
[46,53,58],
[2,8,36],
[25,31,59],
[13,48,54],
[6,20,28],
[29,43,51],
[5,52,66],
[4,42,56],
[10,27,65],
[19,33,50],
[9,38,57],
[11,32,61],
[15,34,55],
[21,37,49],
[69,110,126],
[70,111,127],
[71,112,128],
[72,113,129],
[73,114,130],
[74,92,131],
[75,93,132],
[76,94,133],
[77,95,134],
[78,96,135],
[79,97,136],
[80,98,137],
[81,99,115],
[82,100,116],
[83,101,117],
[84,102,118],
[85,103,119],
[86,104,120],
[87,105,121],
[88,106,122],
[89,107,123],
[90,108,124],
[91,109,125]],

[[45,91,137],
[14,86,87],
[41,109,113],
[63,133,136],
[1,72,85],
[39,93,95],
[60,116,131],
[7,69,81],
[23,99,104],
[46,122,127],
[2,77,105],
[31,94,128],
[54,82,117],
[28,75,89],
[51,98,112],
[52,74,135],
[56,73,111],
[65,79,96],
[33,88,119],
[9,107,126],
[11,101,130],
[34,84,124],
[37,90,118],
[0,57,110],
[42,58,70],
[43,59,71],
[3,44,129],
[4,61,114],
[5,62,92],
[6,24,132],
[25,64,76],
[8,26,134],
[27,66,78],
[10,67,97],
[29,68,80],
[12,30,115],
[13,47,100],
[32,48,83],
[15,49,102],
[16,50,103],
[17,35,120],
[18,36,121],
[19,53,106],
[20,38,123],
[21,55,108],
[22,40,125]],

[[68,91,114],
[17,83,87],
[40,110,113],
[67,132,133],
[3,70,85],
[26,93,108],
[47,129,131],
[0,76,81],
[30,92,104],
[53,115,127],
[36,71,77],
[25,100,128],
[48,82,123],
[6,89,97],
[43,98,120],
[5,121,135],
[42,73,125],
[27,79,134],
[50,88,102],
[38,78,126],
[61,80,101],
[55,84,103],
[49,90,106],
[41,57,69],
[1,58,111],
[2,59,112],
[44,60,72],
[4,45,130],
[23,62,74],
[24,63,75],
[7,64,94],
[8,65,95],
[9,66,96],
[10,28,136],
[11,29,137],
[12,46,99],
[13,31,116],
[14,32,117],
[15,33,118],
[16,34,119],
[35,51,86],
[18,52,105],
[19,37,122],
[20,54,107],
[21,39,124],
[22,56,109]],

[[22,114,137],
[18,83,86],
[44,109,110],
[64,132,136],
[16,70,72],
[24,95,108],
[62,116,129],
[12,69,76],
[35,92,99],
[58,115,122],
[8,71,105],
[59,94,100],
[13,117,123],
[20,75,97],
[29,112,120],
[66,74,121],
[4,111,125],
[10,96,134],
[19,102,119],
[57,78,107],
[32,80,130],
[15,103,124],
[21,106,118],
[0,41,126],
[1,42,127],
[2,43,128],
[3,60,113],
[45,61,73],
[5,23,131],
[6,63,93],
[7,25,133],
[26,65,77],
[9,27,135],
[28,67,79],
[11,68,98],
[30,46,81],
[31,47,82],
[14,48,101],
[33,49,84],
[34,50,85],
[17,51,104],
[36,52,87],
[37,53,88],
[38,54,89],
[39,55,90],
[40,56,91]],

[[11,23,64],
[12,24,65],
[13,25,66],
[14,26,67],
[15,27,68],
[16,28,46],
[17,29,47],
[18,30,48],
[19,31,49],
[20,32,50],
[21,33,51],
[22,34,52],
[0,35,53],
[1,36,54],
[2,37,55],
[3,38,56],
[4,39,57],
[5,40,58],
[6,41,59],
[7,42,60],
[8,43,61],
[9,44,62],
[10,45,63],
[69,105,131],
[70,106,132],
[71,107,133],
[72,108,134],
[73,109,135],
[74,110,136],
[75,111,137],
[76,112,115],
[77,113,116],
[78,114,117],
[79,92,118],
[80,93,119],
[81,94,120],
[82,95,121],
[83,96,122],
[84,97,123],
[85,98,124],
[86,99,125],
[87,100,126],
[88,101,127],
[89,102,128],
[90,103,129],
[91,104,130]],

[[64,80,92],
[65,81,93],
[66,82,94],
[67,83,95],
[68,84,96],
[46,85,97],
[47,86,98],
[48,87,99],
[49,88,100],
[50,89,101],
[51,90,102],
[52,91,103],
[53,69,104],
[54,70,105],
[55,71,106],
[56,72,107],
[57,73,108],
[58,74,109],
[59,75,110],
[60,76,111],
[61,77,112],
[62,78,113],
[63,79,114],
[0,36,131],
[1,37,132],
[2,38,133],
[3,39,134],
[4,40,135],
[5,41,136],
[6,42,137],
[7,43,115],
[8,44,116],
[9,45,117],
[10,23,118],
[11,24,119],
[12,25,120],
[13,26,121],
[14,27,122],
[15,28,123],
[16,29,124],
[17,30,125],
[18,31,126],
[19,32,127],
[20,33,128],
[21,34,129],
[22,35,130]],

[[11,92,133],
[12,93,134],
[13,94,135],
[14,95,136],
[15,96,137],
[16,97,115],
[17,98,116],
[18,99,117],
[19,100,118],
[20,101,119],
[21,102,120],
[22,103,121],
[0,104,122],
[1,105,123],
[2,106,124],
[3,107,125],
[4,108,126],
[5,109,127],
[6,110,128],
[7,111,129],
[8,112,130],
[9,113,131],
[10,114,132],
[36,62,69],
[37,63,70],
[38,64,71],
[39,65,72],
[40,66,73],
[41,67,74],
[42,68,75],
[43,46,76],
[44,47,77],
[45,48,78],
[23,49,79],
[24,50,80],
[25,51,81],
[26,52,82],
[27,53,83],
[28,54,84],
[29,55,85],
[30,56,86],
[31,57,87],
[32,58,88],
[33,59,89],
[34,60,90],
[35,61,91]],

[[23,80,133],
[24,81,134],
[25,82,135],
[26,83,136],
[27,84,137],
[28,85,115],
[29,86,116],
[30,87,117],
[31,88,118],
[32,89,119],
[33,90,120],
[34,91,121],
[35,69,122],
[36,70,123],
[37,71,124],
[38,72,125],
[39,73,126],
[40,74,127],
[41,75,128],
[42,76,129],
[43,77,130],
[44,78,131],
[45,79,132],
[0,62,105],
[1,63,106],
[2,64,107],
[3,65,108],
[4,66,109],
[5,67,110],
[6,68,111],
[7,46,112],
[8,47,113],
[9,48,114],
[10,49,92],
[11,50,93],
[12,51,94],
[13,52,95],
[14,53,96],
[15,54,97],
[16,55,98],
[17,56,99],
[18,57,100],
[19,58,101],
[20,59,102],
[21,60,103],
[22,61,104]],

[[16,23,59],
[17,24,60],
[18,25,61],
[19,26,62],
[20,27,63],
[21,28,64],
[22,29,65],
[0,30,66],
[1,31,67],
[2,32,68],
[3,33,46],
[4,34,47],
[5,35,48],
[6,36,49],
[7,37,50],
[8,38,51],
[9,39,52],
[10,40,53],
[11,41,54],
[12,42,55],
[13,43,56],
[14,44,57],
[15,45,58],
[82,108,115],
[83,109,116],
[84,110,117],
[85,111,118],
[86,112,119],
[87,113,120],
[88,114,121],
[89,92,122],
[90,93,123],
[91,94,124],
[69,95,125],
[70,96,126],
[71,97,127],
[72,98,128],
[73,99,129],
[74,100,130],
[75,101,131],
[76,102,132],
[77,103,133],
[78,104,134],
[79,105,135],
[80,106,136],
[81,107,137]],

[[16,92,128],
[17,93,129],
[18,94,130],
[19,95,131],
[20,96,132],
[21,97,133],
[22,98,134],
[0,99,135],
[1,100,136],
[2,101,137],
[3,102,115],
[4,103,116],
[5,104,117],
[6,105,118],
[7,106,119],
[8,107,120],
[9,108,121],
[10,109,122],
[11,110,123],
[12,111,124],
[13,112,125],
[14,113,126],
[15,114,127],
[39,46,82],
[40,47,83],
[41,48,84],
[42,49,85],
[43,50,86],
[44,51,87],
[45,52,88],
[23,53,89],
[24,54,90],
[25,55,91],
[26,56,69],
[27,57,70],
[28,58,71],
[29,59,72],
[30,60,73],
[31,61,74],
[32,62,75],
[33,63,76],
[34,64,77],
[35,65,78],
[36,66,79],
[37,67,80],
[38,68,81]],

[[59,85,92],
[60,86,93],
[61,87,94],
[62,88,95],
[63,89,96],
[64,90,97],
[65,91,98],
[66,69,99],
[67,70,100],
[68,71,101],
[46,72,102],
[47,73,103],
[48,74,104],
[49,75,105],
[50,76,106],
[51,77,107],
[52,78,108],
[53,79,109],
[54,80,110],
[55,81,111],
[56,82,112],
[57,83,113],
[58,84,114],
[13,39,115],
[14,40,116],
[15,41,117],
[16,42,118],
[17,43,119],
[18,44,120],
[19,45,121],
[20,23,122],
[21,24,123],
[22,25,124],
[0,26,125],
[1,27,126],
[2,28,127],
[3,29,128],
[4,30,129],
[5,31,130],
[6,32,131],
[7,33,132],
[8,34,133],
[9,35,134],
[10,36,135],
[11,37,136],
[12,38,137]],

[[23,85,128],
[24,86,129],
[25,87,130],
[26,88,131],
[27,89,132],
[28,90,133],
[29,91,134],
[30,69,135],
[31,70,136],
[32,71,137],
[33,72,115],
[34,73,116],
[35,74,117],
[36,75,118],
[37,76,119],
[38,77,120],
[39,78,121],
[40,79,122],
[41,80,123],
[42,81,124],
[43,82,125],
[44,83,126],
[45,84,127],
[13,46,108],
[14,47,109],
[15,48,110],
[16,49,111],
[17,50,112],
[18,51,113],
[19,52,114],
[20,53,92],
[21,54,93],
[22,55,94],
[0,56,95],
[1,57,96],
[2,58,97],
[3,59,98],
[4,60,99],
[5,61,100],
[6,62,101],
[7,63,102],
[8,64,103],
[9,65,104],
[10,66,105],
[11,67,106],
[12,68,107]],

[[0,33,60],
[1,34,61],
[2,35,62],
[3,36,63],
[4,37,64],
[5,38,65],
[6,39,66],
[7,40,67],
[8,41,68],
[9,42,46],
[10,43,47],
[11,44,48],
[12,45,49],
[13,23,50],
[14,24,51],
[15,25,52],
[16,26,53],
[17,27,54],
[18,28,55],
[19,29,56],
[20,30,57],
[21,31,58],
[22,32,59],
[83,92,125],
[84,93,126],
[85,94,127],
[86,95,128],
[87,96,129],
[88,97,130],
[89,98,131],
[90,99,132],
[91,100,133],
[69,101,134],
[70,102,135],
[71,103,136],
[72,104,137],
[73,105,115],
[74,106,116],
[75,107,117],
[76,108,118],
[77,109,119],
[78,110,120],
[79,111,121],
[80,112,122],
[81,113,123],
[82,114,124]],

[[60,69,102],
[61,70,103],
[62,71,104],
[63,72,105],
[64,73,106],
[65,74,107],
[66,75,108],
[67,76,109],
[68,77,110],
[46,78,111],
[47,79,112],
[48,80,113],
[49,81,114],
[50,82,92],
[51,83,93],
[52,84,94],
[53,85,95],
[54,86,96],
[55,87,97],
[56,88,98],
[57,89,99],
[58,90,100],
[59,91,101],
[14,23,125],
[15,24,126],
[16,25,127],
[17,26,128],
[18,27,129],
[19,28,130],
[20,29,131],
[21,30,132],
[22,31,133],
[0,32,134],
[1,33,135],
[2,34,136],
[3,35,137],
[4,36,115],
[5,37,116],
[6,38,117],
[7,39,118],
[8,40,119],
[9,41,120],
[10,42,121],
[11,43,122],
[12,44,123],
[13,45,124]],

[[33,69,129],
[34,70,130],
[35,71,131],
[36,72,132],
[37,73,133],
[38,74,134],
[39,75,135],
[40,76,136],
[41,77,137],
[42,78,115],
[43,79,116],
[44,80,117],
[45,81,118],
[23,82,119],
[24,83,120],
[25,84,121],
[26,85,122],
[27,86,123],
[28,87,124],
[29,88,125],
[30,89,126],
[31,90,127],
[32,91,128],
[14,56,92],
[15,57,93],
[16,58,94],
[17,59,95],
[18,60,96],
[19,61,97],
[20,62,98],
[21,63,99],
[22,64,100],
[0,65,101],
[1,66,102],
[2,67,103],
[3,68,104],
[4,46,105],
[5,47,106],
[6,48,107],
[7,49,108],
[8,50,109],
[9,51,110],
[10,52,111],
[11,53,112],
[12,54,113],
[13,55,114]],

[[0,102,129],
[1,103,130],
[2,104,131],
[3,105,132],
[4,106,133],
[5,107,134],
[6,108,135],
[7,109,136],
[8,110,137],
[9,111,115],
[10,112,116],
[11,113,117],
[12,114,118],
[13,92,119],
[14,93,120],
[15,94,121],
[16,95,122],
[17,96,123],
[18,97,124],
[19,98,125],
[20,99,126],
[21,100,127],
[22,101,128],
[23,56,83],
[24,57,84],
[25,58,85],
[26,59,86],
[27,60,87],
[28,61,88],
[29,62,89],
[30,63,90],
[31,64,91],
[32,65,69],
[33,66,70],
[34,67,71],
[35,68,72],
[36,46,73],
[37,47,74],
[38,48,75],
[39,49,76],
[40,50,77],
[41,51,78],
[42,52,79],
[43,53,80],
[44,54,81],
[45,55,82]],

[[10,37,46],
[11,38,47],
[12,39,48],
[13,40,49],
[14,41,50],
[15,42,51],
[16,43,52],
[17,44,53],
[18,45,54],
[19,23,55],
[20,24,56],
[21,25,57],
[22,26,58],
[0,27,59],
[1,28,60],
[2,29,61],
[3,30,62],
[4,31,63],
[5,32,64],
[6,33,65],
[7,34,66],
[8,35,67],
[9,36,68],
[69,94,137],
[70,95,115],
[71,96,116],
[72,97,117],
[73,98,118],
[74,99,119],
[75,100,120],
[76,101,121],
[77,102,122],
[78,103,123],
[79,104,124],
[80,105,125],
[81,106,126],
[82,107,127],
[83,108,128],
[84,109,129],
[85,110,130],
[86,111,131],
[87,112,132],
[88,113,133],
[89,114,134],
[90,92,135],
[91,93,136]],

[[46,79,106],
[47,80,107],
[48,81,108],
[49,82,109],
[50,83,110],
[51,84,111],
[52,85,112],
[53,86,113],
[54,87,114],
[55,88,92],
[56,89,93],
[57,90,94],
[58,91,95],
[59,69,96],
[60,70,97],
[61,71,98],
[62,72,99],
[63,73,100],
[64,74,101],
[65,75,102],
[66,76,103],
[67,77,104],
[68,78,105],
[0,25,137],
[1,26,115],
[2,27,116],
[3,28,117],
[4,29,118],
[5,30,119],
[6,31,120],
[7,32,121],
[8,33,122],
[9,34,123],
[10,35,124],
[11,36,125],
[12,37,126],
[13,38,127],
[14,39,128],
[15,40,129],
[16,41,130],
[17,42,131],
[18,43,132],
[19,44,133],
[20,45,134],
[21,23,135],
[22,24,136]],

[[37,79,115],
[38,80,116],
[39,81,117],
[40,82,118],
[41,83,119],
[42,84,120],
[43,85,121],
[44,86,122],
[45,87,123],
[23,88,124],
[24,89,125],
[25,90,126],
[26,91,127],
[27,69,128],
[28,70,129],
[29,71,130],
[30,72,131],
[31,73,132],
[32,74,133],
[33,75,134],
[34,76,135],
[35,77,136],
[36,78,137],
[0,68,94],
[1,46,95],
[2,47,96],
[3,48,97],
[4,49,98],
[5,50,99],
[6,51,100],
[7,52,101],
[8,53,102],
[9,54,103],
[10,55,104],
[11,56,105],
[12,57,106],
[13,58,107],
[14,59,108],
[15,60,109],
[16,61,110],
[17,62,111],
[18,63,112],
[19,64,113],
[20,65,114],
[21,66,92],
[22,67,93]],

[[10,106,115],
[11,107,116],
[12,108,117],
[13,109,118],
[14,110,119],
[15,111,120],
[16,112,121],
[17,113,122],
[18,114,123],
[19,92,124],
[20,93,125],
[21,94,126],
[22,95,127],
[0,96,128],
[1,97,129],
[2,98,130],
[3,99,131],
[4,100,132],
[5,101,133],
[6,102,134],
[7,103,135],
[8,104,136],
[9,105,137],
[25,68,69],
[26,46,70],
[27,47,71],
[28,48,72],
[29,49,73],
[30,50,74],
[31,51,75],
[32,52,76],
[33,53,77],
[34,54,78],
[35,55,79],
[36,56,80],
[37,57,81],
[38,58,82],
[39,59,83],
[40,60,84],
[41,61,85],
[42,62,86],
[43,63,87],
[44,64,88],
[45,65,89],
[23,66,90],
[24,67,91]],

[[22,23,48],
[0,24,49],
[1,25,50],
[2,26,51],
[3,27,52],
[4,28,53],
[5,29,54],
[6,30,55],
[7,31,56],
[8,32,57],
[9,33,58],
[10,34,59],
[11,35,60],
[12,36,61],
[13,37,62],
[14,38,63],
[15,39,64],
[16,40,65],
[17,41,66],
[18,42,67],
[19,43,68],
[20,44,46],
[21,45,47],
[71,114,115],
[72,92,116],
[73,93,117],
[74,94,118],
[75,95,119],
[76,96,120],
[77,97,121],
[78,98,122],
[79,99,123],
[80,100,124],
[81,101,125],
[82,102,126],
[83,103,127],
[84,104,128],
[85,105,129],
[86,106,130],
[87,107,131],
[88,108,132],
[89,109,133],
[90,110,134],
[91,111,135],
[69,112,136],
[70,113,137]],

[[22,92,117],
[24,69,118],
[25,70,119],
[2,95,120],
[27,72,121],
[28,73,122],
[29,74,123],
[6,99,124],
[31,76,125],
[32,77,126],
[33,78,127],
[10,103,128],
[35,80,129],
[36,81,130],
[37,82,131],
[14,107,132],
[39,84,133],
[40,85,134],
[41,86,135],
[18,111,136],
[43,88,137],
[44,89,115],
[47,90,114],
[45,46,71],
[3,23,116],
[4,48,93],
[5,49,94],
[26,50,75],
[7,51,96],
[8,52,97],
[9,53,98],
[30,54,79],
[11,55,100],
[12,56,101],
[13,57,102],
[34,58,83],
[15,59,104],
[16,60,105],
[17,61,106],
[38,62,87],
[19,63,108],
[20,64,109],
[21,65,110],
[42,66,91],
[0,67,112],
[1,68,113]],

[[48,91,92],
[0,93,118],
[1,94,119],
[26,71,120],
[3,96,121],
[53,73,97],
[5,98,123],
[30,75,124],
[7,100,125],
[8,101,126],
[58,78,102],
[59,79,103],
[11,104,129],
[12,105,130],
[13,106,131],
[38,83,132],
[64,84,108],
[16,109,134],
[17,110,135],
[42,87,136],
[19,112,137],
[46,89,113],
[21,114,116],
[2,45,115],
[23,47,72],
[4,24,117],
[25,49,74],
[6,50,95],
[27,51,76],
[28,52,77],
[9,29,122],
[10,54,99],
[31,55,80],
[32,56,81],
[33,57,82],
[14,34,127],
[15,35,128],
[36,60,85],
[37,61,86],
[18,62,107],
[39,63,88],
[20,40,133],
[41,65,90],
[22,66,111],
[43,67,69],
[44,68,70]],

[[23,91,117],
[49,69,93],
[50,70,94],
[51,71,95],
[52,72,96],
[4,97,122],
[54,74,98],
[55,75,99],
[56,76,100],
[57,77,101],
[9,102,127],
[34,79,128],
[60,80,104],
[61,81,105],
[62,82,106],
[63,83,107],
[15,108,133],
[65,85,109],
[66,86,110],
[67,87,111],
[68,88,112],
[20,113,115],
[45,90,116],
[2,46,114],
[3,47,92],
[24,48,73],
[5,25,118],
[6,26,119],
[7,27,120],
[8,28,121],
[29,53,78],
[10,30,123],
[11,31,124],
[12,32,125],
[13,33,126],
[14,58,103],
[35,59,84],
[16,36,129],
[17,37,130],
[18,38,131],
[19,39,132],
[40,64,89],
[21,41,134],
[22,42,135],
[0,43,136],
[1,44,137]]

]
