[[[1,36,39,86],
[0,17,94,113],
[5,23,103,107],
[3,60,71,72],
[14,21,114,129],
[8,97,118,120],
[2,11,56,128],
[18,77,117,123],
[4,31,68,82],
[7,37,98,108],
[13,43,66,122],
[45,80,83,130],
[6,25,44,61],
[15,19,49,67],
[47,104,115,116],
[26,41,58,65],
[9,30,32,52],
[40,46,55,100],
[29,35,62,121],
[48,75,112,126],
[10,20,51,81],
[34,57,87,110],
[42,89,124,127],
[50,69,88,105],
[59,63,93,111],
[16,27,28,91],
[70,85,102,109],
[53,74,76,96],
[12,84,90,99],
[33,73,79,106],
[24,38,92,119],
[54,64,95,125],
[22,78,101,131]],

[[2,37,40,44],
[1,18,95,114],
[6,24,104,108],
[4,61,72,73],
[15,22,115,130],
[9,98,119,121],
[3,12,57,129],
[19,78,118,124],
[5,32,69,83],
[8,38,99,109],
[14,43,67,123],
[46,81,84,88],
[7,26,45,62],
[16,20,50,68],
[48,105,116,117],
[27,42,59,66],
[10,31,33,53],
[41,47,56,101],
[30,36,63,122],
[49,76,113,127],
[11,21,52,82],
[35,58,87,111],
[0,90,125,128],
[51,70,89,106],
[60,64,94,112],
[17,28,29,92],
[71,86,103,110],
[54,75,77,97],
[13,85,91,100],
[34,74,80,107],
[25,39,93,120],
[55,65,96,126],
[23,79,102,131]],

[[3,38,41,45],
[2,19,96,115],
[7,25,105,109],
[5,62,73,74],
[16,23,88,116],
[10,99,120,122],
[4,13,58,130],
[20,79,119,125],
[6,33,70,84],
[9,39,100,110],
[15,43,68,124],
[47,82,85,89],
[8,27,46,63],
[17,21,51,69],
[49,106,117,118],
[0,28,60,67],
[11,32,34,54],
[42,48,57,102],
[31,37,64,123],
[50,77,114,128],
[12,22,53,83],
[36,59,87,112],
[1,91,126,129],
[52,71,90,107],
[61,65,95,113],
[18,29,30,93],
[44,72,104,111],
[55,76,78,98],
[14,86,92,101],
[35,75,81,108],
[26,40,94,121],
[56,66,97,127],
[24,80,103,131]],

[[4,39,42,46],
[3,20,97,116],
[8,26,106,110],
[6,63,74,75],
[17,24,89,117],
[11,100,121,123],
[5,14,59,88],
[21,80,120,126],
[7,34,71,85],
[10,40,101,111],
[16,43,69,125],
[48,83,86,90],
[9,28,47,64],
[18,22,52,70],
[50,107,118,119],
[1,29,61,68],
[12,33,35,55],
[0,49,58,103],
[32,38,65,124],
[51,78,115,129],
[13,23,54,84],
[37,60,87,113],
[2,92,127,130],
[53,72,91,108],
[62,66,96,114],
[19,30,31,94],
[45,73,105,112],
[56,77,79,99],
[15,44,93,102],
[36,76,82,109],
[27,41,95,122],
[57,67,98,128],
[25,81,104,131]],

[[0,5,40,47],
[4,21,98,117],
[9,27,107,111],
[7,64,75,76],
[18,25,90,118],
[12,101,122,124],
[6,15,60,89],
[22,81,121,127],
[8,35,72,86],
[11,41,102,112],
[17,43,70,126],
[44,49,84,91],
[10,29,48,65],
[19,23,53,71],
[51,108,119,120],
[2,30,62,69],
[13,34,36,56],
[1,50,59,104],
[33,39,66,125],
[52,79,116,130],
[14,24,55,85],
[38,61,87,114],
[3,88,93,128],
[54,73,92,109],
[63,67,97,115],
[20,31,32,95],
[46,74,106,113],
[57,78,80,100],
[16,45,94,103],
[37,77,83,110],
[28,42,96,123],
[58,68,99,129],
[26,82,105,131]],

[[1,6,41,48],
[5,22,99,118],
[10,28,108,112],
[8,65,76,77],
[19,26,91,119],
[13,102,123,125],
[7,16,61,90],
[23,82,122,128],
[9,36,44,73],
[12,42,103,113],
[18,43,71,127],
[45,50,85,92],
[11,30,49,66],
[20,24,54,72],
[52,109,120,121],
[3,31,63,70],
[14,35,37,57],
[2,51,60,105],
[34,40,67,126],
[53,80,88,117],
[15,25,56,86],
[39,62,87,115],
[4,89,94,129],
[55,74,93,110],
[64,68,98,116],
[21,32,33,96],
[47,75,107,114],
[58,79,81,101],
[17,46,95,104],
[38,78,84,111],
[0,29,97,124],
[59,69,100,130],
[27,83,106,131]],

[[2,7,42,49],
[6,23,100,119],
[11,29,109,113],
[9,66,77,78],
[20,27,92,120],
[14,103,124,126],
[8,17,62,91],
[24,83,123,129],
[10,37,45,74],
[0,13,104,114],
[19,43,72,128],
[46,51,86,93],
[12,31,50,67],
[21,25,55,73],
[53,110,121,122],
[4,32,64,71],
[15,36,38,58],
[3,52,61,106],
[35,41,68,127],
[54,81,89,118],
[16,26,44,57],
[40,63,87,116],
[5,90,95,130],
[56,75,94,111],
[65,69,99,117],
[22,33,34,97],
[48,76,108,115],
[59,80,82,102],
[18,47,96,105],
[39,79,85,112],
[1,30,98,125],
[60,70,88,101],
[28,84,107,131]],

[[0,3,8,50],
[7,24,101,120],
[12,30,110,114],
[10,67,78,79],
[21,28,93,121],
[15,104,125,127],
[9,18,63,92],
[25,84,124,130],
[11,38,46,75],
[1,14,105,115],
[20,43,73,129],
[44,47,52,94],
[13,32,51,68],
[22,26,56,74],
[54,111,122,123],
[5,33,65,72],
[16,37,39,59],
[4,53,62,107],
[36,42,69,128],
[55,82,90,119],
[17,27,45,58],
[41,64,87,117],
[6,88,91,96],
[57,76,95,112],
[66,70,100,118],
[23,34,35,98],
[49,77,109,116],
[60,81,83,103],
[19,48,97,106],
[40,80,86,113],
[2,31,99,126],
[61,71,89,102],
[29,85,108,131]],

[[1,4,9,51],
[8,25,102,121],
[13,31,111,115],
[11,68,79,80],
[22,29,94,122],
[16,105,126,128],
[10,19,64,93],
[26,85,88,125],
[12,39,47,76],
[2,15,106,116],
[21,43,74,130],
[45,48,53,95],
[14,33,52,69],
[23,27,57,75],
[55,112,123,124],
[6,34,66,73],
[17,38,40,60],
[5,54,63,108],
[0,37,70,129],
[56,83,91,120],
[18,28,46,59],
[42,65,87,118],
[7,89,92,97],
[58,77,96,113],
[67,71,101,119],
[24,35,36,99],
[50,78,110,117],
[61,82,84,104],
[20,49,98,107],
[41,44,81,114],
[3,32,100,127],
[62,72,90,103],
[30,86,109,131]],

[[2,5,10,52],
[9,26,103,122],
[14,32,112,116],
[12,69,80,81],
[23,30,95,123],
[17,106,127,129],
[11,20,65,94],
[27,86,89,126],
[13,40,48,77],
[3,16,107,117],
[22,43,75,88],
[46,49,54,96],
[15,34,53,70],
[24,28,58,76],
[56,113,124,125],
[7,35,67,74],
[18,39,41,61],
[6,55,64,109],
[1,38,71,130],
[57,84,92,121],
[19,29,47,60],
[0,66,87,119],
[8,90,93,98],
[59,78,97,114],
[68,72,102,120],
[25,36,37,100],
[51,79,111,118],
[62,83,85,105],
[21,50,99,108],
[42,45,82,115],
[4,33,101,128],
[63,73,91,104],
[31,44,110,131]],

[[3,6,11,53],
[10,27,104,123],
[15,33,113,117],
[13,70,81,82],
[24,31,96,124],
[18,107,128,130],
[12,21,66,95],
[28,44,90,127],
[14,41,49,78],
[4,17,108,118],
[23,43,76,89],
[47,50,55,97],
[16,35,54,71],
[25,29,59,77],
[57,114,125,126],
[8,36,68,75],
[19,40,42,62],
[7,56,65,110],
[2,39,72,88],
[58,85,93,122],
[20,30,48,61],
[1,67,87,120],
[9,91,94,99],
[60,79,98,115],
[69,73,103,121],
[26,37,38,101],
[52,80,112,119],
[63,84,86,106],
[22,51,100,109],
[0,46,83,116],
[5,34,102,129],
[64,74,92,105],
[32,45,111,131]],

[[4,7,12,54],
[11,28,105,124],
[16,34,114,118],
[14,71,82,83],
[25,32,97,125],
[19,88,108,129],
[13,22,67,96],
[29,45,91,128],
[15,42,50,79],
[5,18,109,119],
[24,43,77,90],
[48,51,56,98],
[17,36,55,72],
[26,30,60,78],
[58,115,126,127],
[9,37,69,76],
[0,20,41,63],
[8,57,66,111],
[3,40,73,89],
[59,86,94,123],
[21,31,49,62],
[2,68,87,121],
[10,92,95,100],
[61,80,99,116],
[70,74,104,122],
[27,38,39,102],
[53,81,113,120],
[44,64,85,107],
[23,52,101,110],
[1,47,84,117],
[6,35,103,130],
[65,75,93,106],
[33,46,112,131]],

[[5,8,13,55],
[12,29,106,125],
[17,35,115,119],
[15,72,83,84],
[26,33,98,126],
[20,89,109,130],
[14,23,68,97],
[30,46,92,129],
[0,16,51,80],
[6,19,110,120],
[25,43,78,91],
[49,52,57,99],
[18,37,56,73],
[27,31,61,79],
[59,116,127,128],
[10,38,70,77],
[1,21,42,64],
[9,58,67,112],
[4,41,74,90],
[44,60,95,124],
[22,32,50,63],
[3,69,87,122],
[11,93,96,101],
[62,81,100,117],
[71,75,105,123],
[28,39,40,103],
[54,82,114,121],
[45,65,86,108],
[24,53,102,111],
[2,48,85,118],
[7,36,88,104],
[66,76,94,107],
[34,47,113,131]],

[[6,9,14,56],
[13,30,107,126],
[18,36,116,120],
[16,73,84,85],
[27,34,99,127],
[21,88,90,110],
[15,24,69,98],
[31,47,93,130],
[1,17,52,81],
[7,20,111,121],
[26,43,79,92],
[50,53,58,100],
[19,38,57,74],
[28,32,62,80],
[60,117,128,129],
[11,39,71,78],
[0,2,22,65],
[10,59,68,113],
[5,42,75,91],
[45,61,96,125],
[23,33,51,64],
[4,70,87,123],
[12,94,97,102],
[63,82,101,118],
[72,76,106,124],
[29,40,41,104],
[55,83,115,122],
[44,46,66,109],
[25,54,103,112],
[3,49,86,119],
[8,37,89,105],
[67,77,95,108],
[35,48,114,131]],

[[7,10,15,57],
[14,31,108,127],
[19,37,117,121],
[17,74,85,86],
[28,35,100,128],
[22,89,91,111],
[16,25,70,99],
[32,48,88,94],
[2,18,53,82],
[8,21,112,122],
[27,43,80,93],
[51,54,59,101],
[20,39,58,75],
[29,33,63,81],
[61,118,129,130],
[12,40,72,79],
[1,3,23,66],
[11,60,69,114],
[0,6,76,92],
[46,62,97,126],
[24,34,52,65],
[5,71,87,124],
[13,95,98,103],
[64,83,102,119],
[73,77,107,125],
[30,41,42,105],
[56,84,116,123],
[45,47,67,110],
[26,55,104,113],
[4,44,50,120],
[9,38,90,106],
[68,78,96,109],
[36,49,115,131]],

[[8,11,16,58],
[15,32,109,128],
[20,38,118,122],
[18,44,75,86],
[29,36,101,129],
[23,90,92,112],
[17,26,71,100],
[33,49,89,95],
[3,19,54,83],
[9,22,113,123],
[28,43,81,94],
[52,55,60,102],
[21,40,59,76],
[30,34,64,82],
[62,88,119,130],
[13,41,73,80],
[2,4,24,67],
[12,61,70,115],
[1,7,77,93],
[47,63,98,127],
[25,35,53,66],
[6,72,87,125],
[14,96,99,104],
[65,84,103,120],
[74,78,108,126],
[0,31,42,106],
[57,85,117,124],
[46,48,68,111],
[27,56,105,114],
[5,45,51,121],
[10,39,91,107],
[69,79,97,110],
[37,50,116,131]],

[[9,12,17,59],
[16,33,110,129],
[21,39,119,123],
[19,44,45,76],
[30,37,102,130],
[24,91,93,113],
[18,27,72,101],
[34,50,90,96],
[4,20,55,84],
[10,23,114,124],
[29,43,82,95],
[53,56,61,103],
[22,41,60,77],
[31,35,65,83],
[63,88,89,120],
[14,42,74,81],
[3,5,25,68],
[13,62,71,116],
[2,8,78,94],
[48,64,99,128],
[26,36,54,67],
[7,73,87,126],
[15,97,100,105],
[66,85,104,121],
[75,79,109,127],
[0,1,32,107],
[58,86,118,125],
[47,49,69,112],
[28,57,106,115],
[6,46,52,122],
[11,40,92,108],
[70,80,98,111],
[38,51,117,131]],

[[10,13,18,60],
[17,34,111,130],
[22,40,120,124],
[20,45,46,77],
[31,38,88,103],
[25,92,94,114],
[19,28,73,102],
[35,51,91,97],
[5,21,56,85],
[11,24,115,125],
[30,43,83,96],
[54,57,62,104],
[23,42,61,78],
[32,36,66,84],
[64,89,90,121],
[0,15,75,82],
[4,6,26,69],
[14,63,72,117],
[3,9,79,95],
[49,65,100,129],
[27,37,55,68],
[8,74,87,127],
[16,98,101,106],
[67,86,105,122],
[76,80,110,128],
[1,2,33,108],
[44,59,119,126],
[48,50,70,113],
[29,58,107,116],
[7,47,53,123],
[12,41,93,109],
[71,81,99,112],
[39,52,118,131]],

[[11,14,19,61],
[18,35,88,112],
[23,41,121,125],
[21,46,47,78],
[32,39,89,104],
[26,93,95,115],
[20,29,74,103],
[36,52,92,98],
[6,22,57,86],
[12,25,116,126],
[31,43,84,97],
[55,58,63,105],
[0,24,62,79],
[33,37,67,85],
[65,90,91,122],
[1,16,76,83],
[5,7,27,70],
[15,64,73,118],
[4,10,80,96],
[50,66,101,130],
[28,38,56,69],
[9,75,87,128],
[17,99,102,107],
[44,68,106,123],
[77,81,111,129],
[2,3,34,109],
[45,60,120,127],
[49,51,71,114],
[30,59,108,117],
[8,48,54,124],
[13,42,94,110],
[72,82,100,113],
[40,53,119,131]],

[[12,15,20,62],
[19,36,89,113],
[24,42,122,126],
[22,47,48,79],
[33,40,90,105],
[27,94,96,116],
[21,30,75,104],
[37,53,93,99],
[7,23,44,58],
[13,26,117,127],
[32,43,85,98],
[56,59,64,106],
[1,25,63,80],
[34,38,68,86],
[66,91,92,123],
[2,17,77,84],
[6,8,28,71],
[16,65,74,119],
[5,11,81,97],
[51,67,88,102],
[29,39,57,70],
[10,76,87,129],
[18,100,103,108],
[45,69,107,124],
[78,82,112,130],
[3,4,35,110],
[46,61,121,128],
[50,52,72,115],
[31,60,109,118],
[9,49,55,125],
[0,14,95,111],
[73,83,101,114],
[41,54,120,131]],

[[13,16,21,63],
[20,37,90,114],
[0,25,123,127],
[23,48,49,80],
[34,41,91,106],
[28,95,97,117],
[22,31,76,105],
[38,54,94,100],
[8,24,45,59],
[14,27,118,128],
[33,43,86,99],
[57,60,65,107],
[2,26,64,81],
[35,39,44,69],
[67,92,93,124],
[3,18,78,85],
[7,9,29,72],
[17,66,75,120],
[6,12,82,98],
[52,68,89,103],
[30,40,58,71],
[11,77,87,130],
[19,101,104,109],
[46,70,108,125],
[79,83,88,113],
[4,5,36,111],
[47,62,122,129],
[51,53,73,116],
[32,61,110,119],
[10,50,56,126],
[1,15,96,112],
[74,84,102,115],
[42,55,121,131]],

[[14,17,22,64],
[21,38,91,115],
[1,26,124,128],
[24,49,50,81],
[35,42,92,107],
[29,96,98,118],
[23,32,77,106],
[39,55,95,101],
[9,25,46,60],
[15,28,119,129],
[34,43,44,100],
[58,61,66,108],
[3,27,65,82],
[36,40,45,70],
[68,93,94,125],
[4,19,79,86],
[8,10,30,73],
[18,67,76,121],
[7,13,83,99],
[53,69,90,104],
[31,41,59,72],
[12,78,87,88],
[20,102,105,110],
[47,71,109,126],
[80,84,89,114],
[5,6,37,112],
[48,63,123,130],
[52,54,74,117],
[33,62,111,120],
[11,51,57,127],
[2,16,97,113],
[75,85,103,116],
[0,56,122,131]],

[[15,18,23,65],
[22,39,92,116],
[2,27,125,129],
[25,50,51,82],
[0,36,93,108],
[30,97,99,119],
[24,33,78,107],
[40,56,96,102],
[10,26,47,61],
[16,29,120,130],
[35,43,45,101],
[59,62,67,109],
[4,28,66,83],
[37,41,46,71],
[69,94,95,126],
[5,20,44,80],
[9,11,31,74],
[19,68,77,122],
[8,14,84,100],
[54,70,91,105],
[32,42,60,73],
[13,79,87,89],
[21,103,106,111],
[48,72,110,127],
[81,85,90,115],
[6,7,38,113],
[49,64,88,124],
[53,55,75,118],
[34,63,112,121],
[12,52,58,128],
[3,17,98,114],
[76,86,104,117],
[1,57,123,131]],

[[16,19,24,66],
[23,40,93,117],
[3,28,126,130],
[26,51,52,83],
[1,37,94,109],
[31,98,100,120],
[25,34,79,108],
[41,57,97,103],
[11,27,48,62],
[17,30,88,121],
[36,43,46,102],
[60,63,68,110],
[5,29,67,84],
[38,42,47,72],
[70,95,96,127],
[6,21,45,81],
[10,12,32,75],
[20,69,78,123],
[9,15,85,101],
[55,71,92,106],
[0,33,61,74],
[14,80,87,90],
[22,104,107,112],
[49,73,111,128],
[82,86,91,116],
[7,8,39,114],
[50,65,89,125],
[54,56,76,119],
[35,64,113,122],
[13,53,59,129],
[4,18,99,115],
[44,77,105,118],
[2,58,124,131]],

[[17,20,25,67],
[24,41,94,118],
[4,29,88,127],
[27,52,53,84],
[2,38,95,110],
[32,99,101,121],
[26,35,80,109],
[42,58,98,104],
[12,28,49,63],
[18,31,89,122],
[37,43,47,103],
[61,64,69,111],
[6,30,68,85],
[0,39,48,73],
[71,96,97,128],
[7,22,46,82],
[11,13,33,76],
[21,70,79,124],
[10,16,86,102],
[56,72,93,107],
[1,34,62,75],
[15,81,87,91],
[23,105,108,113],
[50,74,112,129],
[44,83,92,117],
[8,9,40,115],
[51,66,90,126],
[55,57,77,120],
[36,65,114,123],
[14,54,60,130],
[5,19,100,116],
[45,78,106,119],
[3,59,125,131]],

[[18,21,26,68],
[25,42,95,119],
[5,30,89,128],
[28,53,54,85],
[3,39,96,111],
[33,100,102,122],
[27,36,81,110],
[0,59,99,105],
[13,29,50,64],
[19,32,90,123],
[38,43,48,104],
[62,65,70,112],
[7,31,69,86],
[1,40,49,74],
[72,97,98,129],
[8,23,47,83],
[12,14,34,77],
[22,71,80,125],
[11,17,44,103],
[57,73,94,108],
[2,35,63,76],
[16,82,87,92],
[24,106,109,114],
[51,75,113,130],
[45,84,93,118],
[9,10,41,116],
[52,67,91,127],
[56,58,78,121],
[37,66,115,124],
[15,55,61,88],
[6,20,101,117],
[46,79,107,120],
[4,60,126,131]],

[[19,22,27,69],
[0,26,96,120],
[6,31,90,129],
[29,54,55,86],
[4,40,97,112],
[34,101,103,123],
[28,37,82,111],
[1,60,100,106],
[14,30,51,65],
[20,33,91,124],
[39,43,49,105],
[63,66,71,113],
[8,32,44,70],
[2,41,50,75],
[73,98,99,130],
[9,24,48,84],
[13,15,35,78],
[23,72,81,126],
[12,18,45,104],
[58,74,95,109],
[3,36,64,77],
[17,83,87,93],
[25,107,110,115],
[52,76,88,114],
[46,85,94,119],
[10,11,42,117],
[53,68,92,128],
[57,59,79,122],
[38,67,116,125],
[16,56,62,89],
[7,21,102,118],
[47,80,108,121],
[5,61,127,131]],

[[20,23,28,70],
[1,27,97,121],
[7,32,91,130],
[30,44,55,56],
[5,41,98,113],
[35,102,104,124],
[29,38,83,112],
[2,61,101,107],
[15,31,52,66],
[21,34,92,125],
[40,43,50,106],
[64,67,72,114],
[9,33,45,71],
[3,42,51,76],
[74,88,99,100],
[10,25,49,85],
[14,16,36,79],
[24,73,82,127],
[13,19,46,105],
[59,75,96,110],
[4,37,65,78],
[18,84,87,94],
[26,108,111,116],
[53,77,89,115],
[47,86,95,120],
[0,11,12,118],
[54,69,93,129],
[58,60,80,123],
[39,68,117,126],
[17,57,63,90],
[8,22,103,119],
[48,81,109,122],
[6,62,128,131]],

[[21,24,29,71],
[2,28,98,122],
[8,33,88,92],
[31,45,56,57],
[6,42,99,114],
[36,103,105,125],
[30,39,84,113],
[3,62,102,108],
[16,32,53,67],
[22,35,93,126],
[41,43,51,107],
[65,68,73,115],
[10,34,46,72],
[0,4,52,77],
[75,89,100,101],
[11,26,50,86],
[15,17,37,80],
[25,74,83,128],
[14,20,47,106],
[60,76,97,111],
[5,38,66,79],
[19,85,87,95],
[27,109,112,117],
[54,78,90,116],
[44,48,96,121],
[1,12,13,119],
[55,70,94,130],
[59,61,81,124],
[40,69,118,127],
[18,58,64,91],
[9,23,104,120],
[49,82,110,123],
[7,63,129,131]],

[[22,25,30,72],
[3,29,99,123],
[9,34,89,93],
[32,46,57,58],
[0,7,100,115],
[37,104,106,126],
[31,40,85,114],
[4,63,103,109],
[17,33,54,68],
[23,36,94,127],
[42,43,52,108],
[66,69,74,116],
[11,35,47,73],
[1,5,53,78],
[76,90,101,102],
[12,27,44,51],
[16,18,38,81],
[26,75,84,129],
[15,21,48,107],
[61,77,98,112],
[6,39,67,80],
[20,86,87,96],
[28,110,113,118],
[55,79,91,117],
[45,49,97,122],
[2,13,14,120],
[56,71,88,95],
[60,62,82,125],
[41,70,119,128],
[19,59,65,92],
[10,24,105,121],
[50,83,111,124],
[8,64,130,131]],

[[23,26,31,73],
[4,30,100,124],
[10,35,90,94],
[33,47,58,59],
[1,8,101,116],
[38,105,107,127],
[32,41,86,115],
[5,64,104,110],
[18,34,55,69],
[24,37,95,128],
[0,43,53,109],
[67,70,75,117],
[12,36,48,74],
[2,6,54,79],
[77,91,102,103],
[13,28,45,52],
[17,19,39,82],
[27,76,85,130],
[16,22,49,108],
[62,78,99,113],
[7,40,68,81],
[21,44,87,97],
[29,111,114,119],
[56,80,92,118],
[46,50,98,123],
[3,14,15,121],
[57,72,89,96],
[61,63,83,126],
[42,71,120,129],
[20,60,66,93],
[11,25,106,122],
[51,84,112,125],
[9,65,88,131]],

[[24,27,32,74],
[5,31,101,125],
[11,36,91,95],
[34,48,59,60],
[2,9,102,117],
[39,106,108,128],
[33,42,44,116],
[6,65,105,111],
[19,35,56,70],
[25,38,96,129],
[1,43,54,110],
[68,71,76,118],
[13,37,49,75],
[3,7,55,80],
[78,92,103,104],
[14,29,46,53],
[18,20,40,83],
[28,77,86,88],
[17,23,50,109],
[63,79,100,114],
[8,41,69,82],
[22,45,87,98],
[30,112,115,120],
[57,81,93,119],
[47,51,99,124],
[4,15,16,122],
[58,73,90,97],
[62,64,84,127],
[0,72,121,130],
[21,61,67,94],
[12,26,107,123],
[52,85,113,126],
[10,66,89,131]],

[[25,28,33,75],
[6,32,102,126],
[12,37,92,96],
[35,49,60,61],
[3,10,103,118],
[40,107,109,129],
[0,34,45,117],
[7,66,106,112],
[20,36,57,71],
[26,39,97,130],
[2,43,55,111],
[69,72,77,119],
[14,38,50,76],
[4,8,56,81],
[79,93,104,105],
[15,30,47,54],
[19,21,41,84],
[29,44,78,89],
[18,24,51,110],
[64,80,101,115],
[9,42,70,83],
[23,46,87,99],
[31,113,116,121],
[58,82,94,120],
[48,52,100,125],
[5,16,17,123],
[59,74,91,98],
[63,65,85,128],
[1,73,88,122],
[22,62,68,95],
[13,27,108,124],
[53,86,114,127],
[11,67,90,131]],

[[26,29,34,76],
[7,33,103,127],
[13,38,93,97],
[36,50,61,62],
[4,11,104,119],
[41,108,110,130],
[1,35,46,118],
[8,67,107,113],
[21,37,58,72],
[27,40,88,98],
[3,43,56,112],
[70,73,78,120],
[15,39,51,77],
[5,9,57,82],
[80,94,105,106],
[16,31,48,55],
[20,22,42,85],
[30,45,79,90],
[19,25,52,111],
[65,81,102,116],
[0,10,71,84],
[24,47,87,100],
[32,114,117,122],
[59,83,95,121],
[49,53,101,126],
[6,17,18,124],
[60,75,92,99],
[64,66,86,129],
[2,74,89,123],
[23,63,69,96],
[14,28,109,125],
[44,54,115,128],
[12,68,91,131]],

[[27,30,35,77],
[8,34,104,128],
[14,39,94,98],
[37,51,62,63],
[5,12,105,120],
[42,88,109,111],
[2,36,47,119],
[9,68,108,114],
[22,38,59,73],
[28,41,89,99],
[4,43,57,113],
[71,74,79,121],
[16,40,52,78],
[6,10,58,83],
[81,95,106,107],
[17,32,49,56],
[0,21,23,86],
[31,46,80,91],
[20,26,53,112],
[66,82,103,117],
[1,11,72,85],
[25,48,87,101],
[33,115,118,123],
[60,84,96,122],
[50,54,102,127],
[7,18,19,125],
[61,76,93,100],
[44,65,67,130],
[3,75,90,124],
[24,64,70,97],
[15,29,110,126],
[45,55,116,129],
[13,69,92,131]],

[[28,31,36,78],
[9,35,105,129],
[15,40,95,99],
[38,52,63,64],
[6,13,106,121],
[0,89,110,112],
[3,37,48,120],
[10,69,109,115],
[23,39,60,74],
[29,42,90,100],
[5,43,58,114],
[72,75,80,122],
[17,41,53,79],
[7,11,59,84],
[82,96,107,108],
[18,33,50,57],
[1,22,24,44],
[32,47,81,92],
[21,27,54,113],
[67,83,104,118],
[2,12,73,86],
[26,49,87,102],
[34,116,119,124],
[61,85,97,123],
[51,55,103,128],
[8,19,20,126],
[62,77,94,101],
[45,66,68,88],
[4,76,91,125],
[25,65,71,98],
[16,30,111,127],
[46,56,117,130],
[14,70,93,131]],

[[29,32,37,79],
[10,36,106,130],
[16,41,96,100],
[39,53,64,65],
[7,14,107,122],
[1,90,111,113],
[4,38,49,121],
[11,70,110,116],
[24,40,61,75],
[0,30,91,101],
[6,43,59,115],
[73,76,81,123],
[18,42,54,80],
[8,12,60,85],
[83,97,108,109],
[19,34,51,58],
[2,23,25,45],
[33,48,82,93],
[22,28,55,114],
[68,84,105,119],
[3,13,44,74],
[27,50,87,103],
[35,117,120,125],
[62,86,98,124],
[52,56,104,129],
[9,20,21,127],
[63,78,95,102],
[46,67,69,89],
[5,77,92,126],
[26,66,72,99],
[17,31,112,128],
[47,57,88,118],
[15,71,94,131]],

[[30,33,38,80],
[11,37,88,107],
[17,42,97,101],
[40,54,65,66],
[8,15,108,123],
[2,91,112,114],
[5,39,50,122],
[12,71,111,117],
[25,41,62,76],
[1,31,92,102],
[7,43,60,116],
[74,77,82,124],
[0,19,55,81],
[9,13,61,86],
[84,98,109,110],
[20,35,52,59],
[3,24,26,46],
[34,49,83,94],
[23,29,56,115],
[69,85,106,120],
[4,14,45,75],
[28,51,87,104],
[36,118,121,126],
[44,63,99,125],
[53,57,105,130],
[10,21,22,128],
[64,79,96,103],
[47,68,70,90],
[6,78,93,127],
[27,67,73,100],
[18,32,113,129],
[48,58,89,119],
[16,72,95,131]],

[[31,34,39,81],
[12,38,89,108],
[0,18,98,102],
[41,55,66,67],
[9,16,109,124],
[3,92,113,115],
[6,40,51,123],
[13,72,112,118],
[26,42,63,77],
[2,32,93,103],
[8,43,61,117],
[75,78,83,125],
[1,20,56,82],
[10,14,44,62],
[85,99,110,111],
[21,36,53,60],
[4,25,27,47],
[35,50,84,95],
[24,30,57,116],
[70,86,107,121],
[5,15,46,76],
[29,52,87,105],
[37,119,122,127],
[45,64,100,126],
[54,58,88,106],
[11,22,23,129],
[65,80,97,104],
[48,69,71,91],
[7,79,94,128],
[28,68,74,101],
[19,33,114,130],
[49,59,90,120],
[17,73,96,131]],

[[32,35,40,82],
[13,39,90,109],
[1,19,99,103],
[42,56,67,68],
[10,17,110,125],
[4,93,114,116],
[7,41,52,124],
[14,73,113,119],
[0,27,64,78],
[3,33,94,104],
[9,43,62,118],
[76,79,84,126],
[2,21,57,83],
[11,15,45,63],
[86,100,111,112],
[22,37,54,61],
[5,26,28,48],
[36,51,85,96],
[25,31,58,117],
[44,71,108,122],
[6,16,47,77],
[30,53,87,106],
[38,120,123,128],
[46,65,101,127],
[55,59,89,107],
[12,23,24,130],
[66,81,98,105],
[49,70,72,92],
[8,80,95,129],
[29,69,75,102],
[20,34,88,115],
[50,60,91,121],
[18,74,97,131]],

[[33,36,41,83],
[14,40,91,110],
[2,20,100,104],
[0,57,68,69],
[11,18,111,126],
[5,94,115,117],
[8,42,53,125],
[15,74,114,120],
[1,28,65,79],
[4,34,95,105],
[10,43,63,119],
[77,80,85,127],
[3,22,58,84],
[12,16,46,64],
[44,101,112,113],
[23,38,55,62],
[6,27,29,49],
[37,52,86,97],
[26,32,59,118],
[45,72,109,123],
[7,17,48,78],
[31,54,87,107],
[39,121,124,129],
[47,66,102,128],
[56,60,90,108],
[13,24,25,88],
[67,82,99,106],
[50,71,73,93],
[9,81,96,130],
[30,70,76,103],
[21,35,89,116],
[51,61,92,122],
[19,75,98,131]],

[[34,37,42,84],
[15,41,92,111],
[3,21,101,105],
[1,58,69,70],
[12,19,112,127],
[6,95,116,118],
[0,9,54,126],
[16,75,115,121],
[2,29,66,80],
[5,35,96,106],
[11,43,64,120],
[78,81,86,128],
[4,23,59,85],
[13,17,47,65],
[45,102,113,114],
[24,39,56,63],
[7,28,30,50],
[38,44,53,98],
[27,33,60,119],
[46,73,110,124],
[8,18,49,79],
[32,55,87,108],
[40,122,125,130],
[48,67,103,129],
[57,61,91,109],
[14,25,26,89],
[68,83,100,107],
[51,72,74,94],
[10,82,88,97],
[31,71,77,104],
[22,36,90,117],
[52,62,93,123],
[20,76,99,131]],

[[0,35,38,85],
[16,42,93,112],
[4,22,102,106],
[2,59,70,71],
[13,20,113,128],
[7,96,117,119],
[1,10,55,127],
[17,76,116,122],
[3,30,67,81],
[6,36,97,107],
[12,43,65,121],
[44,79,82,129],
[5,24,60,86],
[14,18,48,66],
[46,103,114,115],
[25,40,57,64],
[8,29,31,51],
[39,45,54,99],
[28,34,61,120],
[47,74,111,125],
[9,19,50,80],
[33,56,87,109],
[41,88,123,126],
[49,68,104,130],
[58,62,92,110],
[15,26,27,90],
[69,84,101,108],
[52,73,75,95],
[11,83,89,98],
[32,72,78,105],
[23,37,91,118],
[53,63,94,124],
[21,77,100,131]]

]