[[[0,24,48,72,96],
[1,26,51,76,101,121],
[2,27,58,73,104,124],
[3,25,57,77,109,130],
[4,33,59,90,113,122],
[5,35,56,94,116],
[6,46,64,87,107,135],
[7,44,67,83,110,133],
[8,31,61,95,100,131],
[9,29,62,91,97,137],
[10,43,70,92,108],
[11,41,69,88,105],
[12,47,49,85,102,129],
[13,45,50,81,99,123],
[14,32,53,75,117,134],
[15,34,54,79,112,136],
[16,28,68,82,119,127],
[17,30,71,86,114,125],
[18,36,65,93,98,126],
[19,38,66,89,103,128],
[20,37,55,80,111,120],
[21,39,52,84,106],
[22,42,60,78,115,138],
[23,40,63,74,118,132]],

[[0,27,50,77,100,122],
[1,25,49,73,97],
[2,24,56,76,108,129],
[3,26,59,72,105,123],
[4,34,57,95,117],
[5,32,58,91,112,121],
[6,45,66,82,111,134],
[7,47,65,86,106,136],
[8,28,63,90,96,138],
[9,30,60,94,101,132],
[10,40,68,89,104,120],
[11,42,71,93,109],
[12,44,51,80,98,124],
[13,46,48,84,103,130],
[14,35,55,78,113,135],
[15,33,52,74,116,133],
[16,31,70,87,115,126],
[17,29,69,83,118,128],
[18,39,67,88,102,127],
[19,37,64,92,99,125],
[20,38,53,85,107],
[21,36,54,81,110],
[22,41,62,75,119,131],
[23,43,61,79,114,137]],

[[0,25,56,75,106,126],
[1,27,59,79,111,128],
[2,26,50,74,98],
[3,24,49,78,103],
[4,44,66,85,105,137],
[5,46,65,81,108,131],
[6,35,57,88,115,120],
[7,33,58,92,118],
[8,41,68,94,110],
[9,43,71,90,107,121],
[10,29,63,93,102,133],
[11,31,60,89,99,135],
[12,34,55,73,119,132],
[13,32,52,77,114,138],
[14,45,51,87,100,127],
[15,47,48,83,97,125],
[16,38,67,95,96,124],
[17,36,64,91,101,130],
[18,30,70,80,117,129],
[19,28,69,84,112,123],
[20,40,62,76,113,136],
[21,42,61,72,116,134],
[22,39,53,82,109,122],
[23,37,54,86,104]],

[[0,26,58,78,110,127],
[1,24,57,74,107,125],
[2,25,48,79,102,120],
[3,27,51,75,99],
[4,47,64,80,109,132],
[5,45,67,84,104,138],
[6,32,59,93,119],
[7,34,56,89,114],
[8,42,70,91,106,122],
[9,40,69,95,111],
[10,30,61,88,98,136],
[11,28,62,92,103,134],
[12,33,53,76,115,137],
[13,35,54,72,118,131],
[14,46,49,82,96,126],
[15,44,50,86,101,128],
[16,37,65,90,100,129],
[17,39,66,94,97,123],
[18,29,68,85,113,124],
[19,31,71,81,116,130],
[20,43,60,73,117,133],
[21,41,63,77,112,135],
[22,36,55,87,105],
[23,38,52,83,108,121]],

[[0,37,63,94,117],
[1,39,60,90,112,120],
[2,42,68,83,111,131],
[3,40,71,87,106,137],
[4,28,52,76,100],
[5,30,55,72,97],
[6,31,62,77,108,128],
[7,29,61,73,105,126],
[8,43,53,81,98,125],
[9,41,54,85,103,127],
[10,36,49,79,113,138],
[11,38,50,75,116,132],
[12,27,57,91,96,135],
[13,25,58,95,101,133],
[14,47,66,88,104,121],
[15,45,65,92,109],
[16,33,51,84,107],
[17,35,48,80,110,122],
[18,46,56,74,119,134],
[19,44,59,78,114,136],
[20,24,64,86,115,123],
[21,26,67,82,118,129],
[22,32,69,89,102,130],
[23,34,70,93,99,124]],

[[0,38,61,91,113],
[1,36,62,95,116],
[2,41,70,86,107,138],
[3,43,69,82,110,132],
[4,31,54,73,96],
[5,29,53,77,101,120],
[6,28,60,72,104,125],
[7,30,63,76,109,127],
[8,40,55,84,102,128],
[9,42,52,80,99,126],
[10,39,51,74,117,131],
[11,37,48,78,112,137],
[12,24,59,94,100,134],
[13,26,56,90,97,136],
[14,44,64,93,108],
[15,46,67,89,105,122],
[16,34,49,81,111,121],
[17,32,50,85,106],
[18,45,58,79,115,135],
[19,47,57,75,118,133],
[20,27,66,83,119,130],
[21,25,65,87,114,124],
[22,35,71,92,98,123],
[23,33,68,88,103,129]],

[[0,40,70,81,109,133],
[1,42,69,85,104,135],
[2,39,61,92,119],
[3,37,62,88,114,122],
[4,29,60,79,110,130],
[5,31,63,75,107,124],
[6,30,54,78,102,121],
[7,28,53,74,99],
[8,38,51,77,115,136],
[9,36,48,73,118,134],
[10,41,55,83,96,123],
[11,43,52,87,101,129],
[12,45,64,90,106],
[13,47,67,94,111],
[14,25,59,89,98,137],
[15,27,56,93,103,131],
[16,44,58,72,117,132],
[17,46,57,76,112,138],
[18,35,49,86,105],
[19,33,50,82,108,120],
[20,34,71,91,100,128],
[21,32,68,95,97,126],
[22,26,66,84,113,125],
[23,24,65,80,116,127]],

[[0,43,68,84,105,136],
[1,41,71,80,108,134],
[2,36,63,89,115,121],
[3,38,60,93,118],
[4,30,62,74,106,123],
[5,28,61,78,111,129],
[6,29,52,75,98],
[7,31,55,79,103,122],
[8,37,49,72,119,133],
[9,39,50,76,114,135],
[10,42,53,86,100,130],
[11,40,54,82,97,124],
[12,46,66,95,110],
[13,44,65,91,107,120],
[14,26,57,92,102,132],
[15,24,58,88,99,138],
[16,47,56,77,113,137],
[17,45,59,73,116,131],
[18,32,51,83,109],
[19,34,48,87,104],
[20,33,69,94,96,125],
[21,35,70,90,101,127],
[22,25,64,81,117,128],
[23,27,67,85,112,126]],

[[0,36,52,90,103,135],
[1,38,55,94,98,133],
[2,44,49,77,106,134],
[3,46,50,73,111,136],
[4,45,63,88,119,128],
[5,47,60,92,114,126],
[6,26,68,86,99,122],
[7,24,71,82,102],
[8,32,56,80,104,123],
[9,34,59,84,109,129],
[10,35,66,81,112,132],
[11,33,65,85,117,138],
[12,41,67,74,97,130],
[13,43,64,78,100,124],
[14,30,48,95,115],
[15,28,51,91,118],
[16,39,69,79,108],
[17,37,70,75,105,121],
[18,27,54,76,116,125],
[19,25,53,72,113,127],
[20,31,57,93,110,137],
[21,29,58,89,107,131],
[22,40,61,83,101],
[23,42,62,87,96,120]],

[[0,39,54,95,99,134],
[1,37,53,91,102,136],
[2,47,51,72,110,135],
[3,45,48,76,107,133],
[4,46,61,93,115,125],
[5,44,62,89,118,127],
[6,25,70,83,103],
[7,27,69,87,98,121],
[8,35,58,85,108,130],
[9,33,57,81,105,124],
[10,32,64,84,116,137],
[11,34,67,80,113,131],
[12,42,65,79,101,123],
[13,40,66,75,96,129],
[14,29,50,90,119],
[15,31,49,94,114,120],
[16,36,71,74,104,122],
[17,38,68,78,109],
[18,24,52,73,112,128],
[19,26,55,77,117,126],
[20,28,59,88,106,132],
[21,30,56,92,111,138],
[22,43,63,86,97],
[23,41,60,82,100]],

[[0,46,51,79,104,132],
[1,44,48,75,109,138],
[2,38,54,88,101,137],
[3,36,53,92,96,131],
[4,24,70,84,97,120],
[5,26,69,80,100],
[6,47,61,90,117,130],
[7,45,62,94,112,124],
[8,33,64,83,114,134],
[9,35,67,87,119,136],
[10,34,58,82,106,125],
[11,32,57,86,111,127],
[12,28,50,93,113,121],
[13,30,49,89,116],
[14,43,65,72,99,128],
[15,41,66,76,102,126],
[16,25,52,78,118,123],
[17,27,55,74,115,129],
[18,37,71,77,110],
[19,39,68,73,107],
[20,42,63,81,103],
[21,40,60,85,98,122],
[22,29,59,95,108,135],
[23,31,56,91,105,133]],

[[0,45,49,74,108,137],
[1,47,50,78,105,131],
[2,37,52,93,97,132],
[3,39,55,89,100,138],
[4,27,68,81,101],
[5,25,71,85,96],
[6,44,63,95,113,123],
[7,46,60,91,116,129],
[8,34,66,86,118,135],
[9,32,65,82,115,133],
[10,33,56,87,110,128],
[11,35,59,83,107,126],
[12,31,48,88,117],
[13,29,51,92,112,122],
[14,40,67,77,103,125],
[15,42,64,73,98,127],
[16,26,54,75,114,130],
[17,24,53,79,119,124],
[18,38,69,72,106,120],
[19,36,70,76,111],
[20,41,61,84,99,121],
[21,43,62,80,102],
[22,30,57,90,104,134],
[23,28,58,94,109,136]],

[[0,41,59,92,115,124],
[1,43,56,88,118,130],
[2,30,64,82,103],
[3,28,67,86,98,120],
[4,32,48,94,99,131],
[5,34,51,90,102,137],
[6,40,53,73,110,138],
[7,42,54,77,107,132],
[8,45,71,78,101,126],
[9,47,68,74,96,128],
[10,26,52,91,119],
[11,24,55,95,114,121],
[12,36,60,84,108,127],
[13,38,63,80,105,125],
[14,39,70,85,116,136],
[15,37,69,81,113,134],
[16,27,61,89,106,133],
[17,25,62,93,111,135],
[18,44,57,87,97,122],
[19,46,58,83,100],
[20,35,65,75,104],
[21,33,66,79,109],
[22,31,50,72,112,129],
[23,29,49,76,117,123]],

[[0,42,57,89,119,129],
[1,40,58,93,114,123],
[2,29,66,87,99],
[3,31,65,83,102],
[4,35,50,91,103,138],
[5,33,49,95,98,132],
[6,43,55,76,106,131],
[7,41,52,72,111,137],
[8,46,69,75,97,127],
[9,44,70,79,100,125],
[10,25,54,94,115,122],
[11,27,53,90,118],
[12,39,62,81,104,126],
[13,37,61,85,109,128],
[14,36,68,80,112,133],
[15,38,71,84,117,135],
[16,24,63,92,110,136],
[17,26,60,88,107,134],
[18,47,59,82,101],
[19,45,56,86,96,121],
[20,32,67,78,108],
[21,34,64,74,105,120],
[22,28,48,77,116,124],
[23,30,51,73,113,130]],

[[0,28,66,80,101],
[1,30,65,84,96,122],
[2,43,57,94,113,126],
[3,41,58,90,116,128],
[4,42,55,75,108,136],
[5,40,52,79,105,134],
[6,34,50,92,97,133],
[7,32,49,88,100,135],
[8,24,54,89,117],
[9,26,53,93,112],
[10,47,69,76,103,124],
[11,45,70,72,98,130],
[12,37,68,87,118,138],
[13,39,71,83,115,132],
[14,38,62,86,110,129],
[15,36,61,82,107,123],
[16,46,59,85,99,120],
[17,44,56,81,102],
[18,25,63,91,104,131],
[19,27,60,95,109,137],
[20,29,48,74,114,127],
[21,31,51,78,119,125],
[22,33,67,73,106,121],
[23,35,64,77,111]],

[[0,31,64,85,97,121],
[1,29,67,81,100],
[2,40,59,91,117,127],
[3,42,56,95,112,125],
[4,41,53,78,104,133],
[5,43,54,74,109,135],
[6,33,48,89,101,136],
[7,35,51,93,96,134],
[8,27,52,92,113,120],
[9,25,55,88,116],
[10,44,71,73,99,129],
[11,46,68,77,102,123],
[12,38,70,82,114,131],
[13,36,69,86,119,137],
[14,37,60,83,106,124],
[15,39,63,87,111,130],
[16,45,57,80,103],
[17,47,58,84,98],
[18,26,61,94,108,138],
[19,24,62,90,105,132],
[20,30,50,79,118,126],
[21,28,49,75,115,128],
[22,34,65,76,110],
[23,32,66,72,107,122]],

[[0,47,53,87,116,123],
[1,45,54,83,113,129],
[2,35,62,84,100,133],
[3,33,61,80,97,135],
[4,39,65,77,118,121],
[5,37,66,73,115],
[6,24,69,91,109,126],
[7,26,70,95,104,128],
[8,44,60,74,111],
[9,46,63,78,106],
[10,28,57,85,114],
[11,30,58,81,119,120],
[12,29,71,72,103,136],
[13,31,68,76,98,134],
[14,34,52,94,107,130],
[15,32,55,90,110,124],
[16,40,64,88,112,131],
[17,42,67,92,117,137],
[18,43,50,89,96],
[19,41,49,93,101,122],
[20,25,51,82,105,138],
[21,27,48,86,108,132],
[22,38,56,79,99,127],
[23,36,59,75,102,125]],

[[0,44,55,82,112,130],
[1,46,52,86,117,124],
[2,32,60,81,96,136],
[3,34,63,85,101,134],
[4,36,67,72,114],
[5,38,64,76,119,122],
[6,27,71,94,105,127],
[7,25,68,90,108,125],
[8,47,62,79,107],
[9,45,61,75,110,120],
[10,31,59,80,118],
[11,29,56,84,115],
[12,30,69,77,99,133],
[13,28,70,73,102,135],
[14,33,54,91,111,123],
[15,35,53,95,106,129],
[16,43,66,93,116,138],
[17,41,65,89,113,132],
[18,40,48,92,100,121],
[19,42,51,88,97],
[20,26,49,87,109,131],
[21,24,50,83,104,137],
[22,37,58,74,103,126],
[23,39,57,78,98,128]],

[[0,33,60,86,102,131],
[1,35,63,82,99,137],
[2,45,55,85,118,125],
[3,47,52,81,115,127],
[4,26,71,89,111,124],
[5,24,68,93,106,130],
[6,37,67,79,116],
[7,39,64,75,113],
[8,30,59,87,112],
[9,28,56,83,117,122],
[10,46,62,72,109,121],
[11,44,61,76,104],
[12,32,54,92,105,128],
[13,34,53,88,108,126],
[14,31,69,74,101,138],
[15,29,70,78,96,132],
[16,41,48,91,98],
[17,43,51,95,103,120],
[18,42,66,90,114,133],
[19,40,65,94,119,135],
[20,36,58,77,97,129],
[21,38,57,73,100,123],
[22,27,49,80,107,136],
[23,25,50,84,110,134]],

[[0,34,62,83,98,138],
[1,32,61,87,103,132],
[2,46,53,80,114,128],
[3,44,54,84,119,126],
[4,25,69,92,107,129],
[5,27,70,88,110,123],
[6,38,65,74,112],
[7,36,66,78,117,120],
[8,29,57,82,116,121],
[9,31,58,86,113],
[10,45,60,77,105],
[11,47,63,73,108,122],
[12,35,52,89,109,125],
[13,33,55,93,104,127],
[14,28,71,79,97,131],
[15,30,68,75,100,137],
[16,42,50,94,102],
[17,40,49,90,99],
[18,41,64,95,118,136],
[19,43,67,91,115,134],
[20,39,56,72,101,124],
[21,37,59,76,96,130],
[22,24,51,85,111,133],
[23,26,48,81,106,135]],

[[0,35,69,73,114],
[1,33,70,77,119],
[2,28,65,95,105,130],
[3,30,66,91,108,124],
[4,43,49,83,112,127],
[5,41,50,87,117,125],
[6,39,58,80,96,137],
[7,37,57,84,101,131],
[8,25,67,76,99,132],
[9,27,64,72,102,138],
[10,38,48,90,111,126],
[11,36,51,94,106,128],
[12,40,56,78,107],
[13,42,59,74,110,121],
[14,24,61,81,118,122],
[15,26,62,85,115],
[16,29,55,86,109,134],
[17,31,52,82,104,136],
[18,34,60,75,103,123],
[19,32,63,79,98,129],
[20,44,68,92,116,135],
[21,46,71,88,113,133],
[22,47,54,93,100,120],
[23,45,53,89,97]],

[[0,32,71,76,118,120],
[1,34,68,72,115],
[2,31,67,90,109,123],
[3,29,64,94,104,129],
[4,40,51,86,116,126],
[5,42,48,82,113,128],
[6,36,56,85,100,132],
[7,38,59,81,97,138],
[8,26,65,73,103,137],
[9,24,66,77,98,131],
[10,37,50,95,107,127],
[11,39,49,91,110,125],
[12,43,58,75,111,122],
[13,41,57,79,106],
[14,27,63,84,114],
[15,25,60,80,119,121],
[16,30,53,83,105,135],
[17,28,54,87,108,133],
[18,33,62,78,99,130],
[19,35,61,74,102,124],
[20,47,70,89,112,134],
[21,45,69,93,117,136],
[22,44,52,88,96],
[23,46,55,92,101]],

[[0,30,67,93,107,128],
[1,28,64,89,110,126],
[2,33,71,75,112],
[3,35,68,79,117,121],
[4,37,56,82,98,135],
[5,39,59,86,103,133],
[6,41,51,81,114,129],
[7,43,48,85,119,123],
[8,36,50,88,109,124],
[9,38,49,92,104,130],
[10,27,65,78,97,134],
[11,25,66,74,100,136],
[12,26,63,83,116,120],
[13,24,60,87,113],
[14,42,58,76,105],
[15,40,57,72,108],
[16,32,62,73,101,125],
[17,34,61,77,96,127],
[18,31,53,84,111,132],
[19,29,54,80,106,138],
[20,45,52,95,102,122],
[21,47,55,91,99],
[22,46,70,94,118,137],
[23,44,69,90,115,131]],

[[0,29,65,88,111,125],
[1,31,66,92,106,127],
[2,34,69,78,116,122],
[3,32,70,74,113],
[4,38,58,87,102,134],
[5,36,57,83,99,136],
[6,42,49,84,118,124],
[7,40,50,80,115,130],
[8,39,48,93,105,129],
[9,37,51,89,108,123],
[10,24,67,75,101,135],
[11,26,64,79,96,133],
[12,25,61,86,112],
[13,27,62,82,117],
[14,41,56,73,109,120],
[15,43,59,77,104],
[16,35,60,76,97,128],
[17,33,63,72,100,126],
[18,28,55,81,107,137],
[19,30,52,85,110,131],
[20,46,54,90,98],
[21,44,53,94,103,121],
[22,45,68,91,114,132],
[23,47,71,95,119,138]]

]
