[[[56,92,112],
[57,93,114],
[58,94,115],
[59,95,113],
[60,88,116],
[61,89,118],
[62,90,119],
[63,91,117],
[44,80,104],
[45,81,106],
[46,82,107],
[47,83,105],
[40,84,108],
[41,85,110],
[42,86,111],
[43,87,109],
[32,68,96],
[33,69,98],
[34,70,99],
[35,71,97],
[36,64,100],
[37,65,102],
[38,66,103],
[39,67,101],
[24,48,72],
[25,49,74],
[26,50,75],
[27,51,73],
[28,52,76],
[29,53,78],
[30,54,79],
[31,55,77],
[0,4,120],
[2,18,122],
[7,12,121],
[8,20,123],
[3,15,124],
[13,16,125],
[14,19,126],
[21,23,127],
[1,11,128],
[6,17,129],
[9,10,130],
[5,22,131]],

[[56,93,113],
[57,92,115],
[58,95,114],
[59,94,112],
[61,88,117],
[60,89,119],
[63,90,118],
[62,91,116],
[45,80,105],
[44,81,107],
[47,82,106],
[46,83,104],
[40,85,109],
[41,84,111],
[42,87,110],
[43,86,108],
[32,69,97],
[33,68,99],
[34,71,98],
[35,70,96],
[37,64,101],
[36,65,103],
[39,66,102],
[38,67,100],
[25,48,73],
[24,49,75],
[27,50,74],
[26,51,72],
[28,53,77],
[29,52,79],
[30,55,78],
[31,54,76],
[4,8,121],
[6,22,120],
[11,16,122],
[1,12,124],
[7,19,123],
[17,20,126],
[18,23,125],
[0,2,127],
[5,15,128],
[10,21,129],
[13,14,130],
[3,9,131]],

[[56,94,114],
[57,95,112],
[58,92,113],
[59,93,115],
[62,88,118],
[63,89,116],
[60,90,117],
[61,91,119],
[46,80,106],
[47,81,104],
[44,82,105],
[45,83,107],
[40,86,110],
[41,87,108],
[42,84,109],
[43,85,111],
[32,70,98],
[33,71,96],
[34,68,97],
[35,69,99],
[38,64,102],
[39,65,100],
[36,66,101],
[37,67,103],
[26,48,74],
[27,49,72],
[24,50,73],
[25,51,75],
[28,54,78],
[29,55,76],
[30,52,77],
[31,53,79],
[8,12,122],
[3,10,121],
[15,20,120],
[5,16,123],
[11,23,124],
[1,21,125],
[2,22,126],
[4,6,127],
[9,19,128],
[0,14,129],
[17,18,130],
[7,13,131]],

[[56,95,115],
[57,94,113],
[58,93,112],
[59,92,114],
[63,88,119],
[62,89,117],
[61,90,116],
[60,91,118],
[47,80,107],
[46,81,105],
[45,82,104],
[44,83,106],
[40,87,111],
[41,86,109],
[42,85,108],
[43,84,110],
[32,71,99],
[33,70,97],
[34,69,96],
[35,68,98],
[39,64,103],
[38,65,101],
[37,66,100],
[36,67,102],
[27,48,75],
[26,49,73],
[25,50,72],
[24,51,74],
[28,55,79],
[29,54,77],
[30,53,76],
[31,52,78],
[12,16,120],
[7,14,122],
[1,19,121],
[9,20,124],
[2,15,123],
[0,5,126],
[3,6,125],
[8,10,127],
[13,23,128],
[4,18,129],
[21,22,130],
[11,17,131]],

[[64,76,104],
[65,77,106],
[66,78,107],
[67,79,105],
[68,72,108],
[69,73,110],
[70,74,111],
[71,75,109],
[28,88,96],
[29,89,98],
[30,90,99],
[31,91,97],
[24,92,100],
[25,93,102],
[26,94,103],
[27,95,101],
[40,52,112],
[41,53,114],
[42,54,115],
[43,55,113],
[44,48,116],
[45,49,118],
[46,50,119],
[47,51,117],
[32,56,80],
[33,58,81],
[34,59,82],
[35,57,83],
[36,60,84],
[37,62,85],
[38,63,86],
[39,61,87],
[16,20,121],
[11,18,120],
[5,23,122],
[1,13,123],
[6,19,124],
[4,9,125],
[7,10,126],
[12,14,127],
[2,17,128],
[8,22,129],
[0,3,130],
[15,21,131]],

[[64,77,105],
[65,76,107],
[66,79,106],
[67,78,104],
[69,72,109],
[68,73,111],
[71,74,110],
[70,75,108],
[29,88,97],
[28,89,99],
[31,90,98],
[30,91,96],
[24,93,101],
[25,92,103],
[26,95,102],
[27,94,100],
[40,53,113],
[41,52,115],
[42,55,114],
[43,54,112],
[45,48,117],
[44,49,119],
[47,50,118],
[46,51,116],
[32,57,81],
[33,59,80],
[34,58,83],
[35,56,82],
[37,61,84],
[36,63,85],
[39,62,86],
[38,60,87],
[1,20,122],
[15,22,121],
[2,9,120],
[5,17,124],
[10,23,123],
[8,13,126],
[11,14,125],
[16,18,127],
[6,21,128],
[3,12,129],
[4,7,130],
[0,19,131]],

[[64,78,106],
[65,79,104],
[66,76,105],
[67,77,107],
[70,72,110],
[71,73,108],
[68,74,109],
[69,75,111],
[30,88,98],
[31,89,96],
[28,90,97],
[29,91,99],
[24,94,102],
[25,95,100],
[26,92,101],
[27,93,103],
[40,54,114],
[41,55,112],
[42,52,113],
[43,53,115],
[46,48,118],
[47,49,116],
[44,50,117],
[45,51,119],
[32,58,82],
[33,56,83],
[34,57,80],
[35,59,81],
[38,62,84],
[39,60,85],
[36,61,86],
[37,63,87],
[1,5,120],
[3,19,122],
[6,13,121],
[9,21,123],
[2,14,124],
[12,17,125],
[15,18,126],
[20,22,127],
[0,10,128],
[7,16,129],
[8,11,130],
[4,23,131]],

[[64,79,107],
[65,78,105],
[66,77,104],
[67,76,106],
[71,72,111],
[70,73,109],
[69,74,108],
[68,75,110],
[31,88,99],
[30,89,97],
[29,90,96],
[28,91,98],
[24,95,103],
[25,94,101],
[26,93,100],
[27,92,102],
[40,55,115],
[41,54,113],
[42,53,112],
[43,52,114],
[47,48,119],
[46,49,117],
[45,50,116],
[44,51,118],
[32,59,83],
[33,57,82],
[34,56,81],
[35,58,80],
[39,63,84],
[38,61,85],
[37,60,86],
[36,62,87],
[5,9,121],
[7,23,120],
[10,17,122],
[0,13,124],
[6,18,123],
[16,21,126],
[19,22,125],
[1,3,127],
[4,14,128],
[11,20,129],
[12,15,130],
[2,8,131]],

[[52,80,100],
[53,81,102],
[54,82,103],
[55,83,101],
[48,84,96],
[49,85,98],
[50,86,99],
[51,87,97],
[32,76,116],
[33,77,118],
[34,78,119],
[35,79,117],
[36,72,112],
[37,73,114],
[38,74,115],
[39,75,113],
[28,56,108],
[29,57,110],
[30,58,111],
[31,59,109],
[24,60,104],
[25,61,106],
[26,62,107],
[27,63,105],
[40,64,88],
[42,65,89],
[43,66,90],
[41,67,91],
[44,68,92],
[46,69,93],
[47,70,94],
[45,71,95],
[9,13,122],
[2,11,121],
[14,21,120],
[4,17,123],
[10,22,124],
[0,20,125],
[3,23,126],
[5,7,127],
[8,18,128],
[1,15,129],
[16,19,130],
[6,12,131]],

[[53,80,101],
[52,81,103],
[55,82,102],
[54,83,100],
[48,85,97],
[49,84,99],
[50,87,98],
[51,86,96],
[32,77,117],
[33,76,119],
[34,79,118],
[35,78,116],
[37,72,113],
[36,73,115],
[39,74,114],
[38,75,112],
[29,56,109],
[28,57,111],
[31,58,110],
[30,59,108],
[24,61,105],
[25,60,107],
[26,63,106],
[27,62,104],
[41,65,88],
[43,64,89],
[42,67,90],
[40,66,91],
[45,68,93],
[47,69,92],
[46,70,95],
[44,71,94],
[13,17,120],
[6,15,122],
[0,18,121],
[8,21,124],
[3,14,123],
[1,4,126],
[2,7,125],
[9,11,127],
[12,22,128],
[5,19,129],
[20,23,130],
[10,16,131]],

[[54,80,102],
[55,81,100],
[52,82,101],
[53,83,103],
[48,86,98],
[49,87,96],
[50,84,97],
[51,85,99],
[32,78,118],
[33,79,116],
[34,76,117],
[35,77,119],
[38,72,114],
[39,73,112],
[36,74,113],
[37,75,115],
[30,56,110],
[31,57,108],
[28,58,109],
[29,59,111],
[24,62,106],
[25,63,104],
[26,60,105],
[27,61,107],
[42,66,88],
[40,67,89],
[41,64,90],
[43,65,91],
[46,68,94],
[44,69,95],
[45,70,92],
[47,71,93],
[17,21,121],
[10,19,120],
[4,22,122],
[0,12,123],
[7,18,124],
[5,8,125],
[6,11,126],
[13,15,127],
[3,16,128],
[9,23,129],
[1,2,130],
[14,20,131]],

[[55,80,103],
[54,81,101],
[53,82,100],
[52,83,102],
[48,87,99],
[49,86,97],
[50,85,96],
[51,84,98],
[32,79,119],
[33,78,117],
[34,77,116],
[35,76,118],
[39,72,115],
[38,73,113],
[37,74,112],
[36,75,114],
[31,56,111],
[30,57,109],
[29,58,108],
[28,59,110],
[24,63,107],
[25,62,105],
[26,61,104],
[27,60,106],
[43,67,88],
[41,66,89],
[40,65,90],
[42,64,91],
[47,68,95],
[45,69,94],
[44,70,93],
[46,71,92],
[0,21,122],
[14,23,121],
[3,8,120],
[4,16,124],
[11,22,123],
[9,12,126],
[10,15,125],
[17,19,127],
[7,20,128],
[2,13,129],
[5,6,130],
[1,18,131]],

[[68,80,112],
[69,81,114],
[70,82,115],
[71,83,113],
[64,84,116],
[65,85,118],
[66,86,119],
[67,87,117],
[8,92,96],
[9,93,98],
[10,94,99],
[11,95,97],
[12,88,100],
[13,89,102],
[14,90,103],
[15,91,101],
[20,56,104],
[21,57,106],
[22,58,107],
[23,59,105],
[16,60,108],
[17,61,110],
[18,62,111],
[19,63,109],
[4,48,76],
[6,49,77],
[7,50,78],
[5,51,79],
[0,52,72],
[2,53,73],
[3,54,74],
[1,55,75],
[24,28,120],
[26,42,122],
[31,36,121],
[32,44,123],
[27,39,124],
[37,40,125],
[38,43,126],
[45,47,127],
[25,35,128],
[30,41,129],
[33,34,130],
[29,46,131]],

[[69,80,113],
[68,81,115],
[71,82,114],
[70,83,112],
[64,85,117],
[65,84,119],
[66,87,118],
[67,86,116],
[8,93,97],
[9,92,99],
[10,95,98],
[11,94,96],
[13,88,101],
[12,89,103],
[15,90,102],
[14,91,100],
[21,56,105],
[20,57,107],
[23,58,106],
[22,59,104],
[16,61,109],
[17,60,111],
[18,63,110],
[19,62,108],
[5,48,77],
[7,49,76],
[6,50,79],
[4,51,78],
[1,53,72],
[3,52,73],
[2,55,74],
[0,54,75],
[28,32,121],
[30,46,120],
[35,40,122],
[25,36,124],
[31,43,123],
[41,44,126],
[42,47,125],
[24,26,127],
[29,39,128],
[34,45,129],
[37,38,130],
[27,33,131]],

[[70,80,114],
[71,81,112],
[68,82,113],
[69,83,115],
[64,86,118],
[65,87,116],
[66,84,117],
[67,85,119],
[8,94,98],
[9,95,96],
[10,92,97],
[11,93,99],
[14,88,102],
[15,89,100],
[12,90,101],
[13,91,103],
[22,56,106],
[23,57,104],
[20,58,105],
[21,59,107],
[16,62,110],
[17,63,108],
[18,60,109],
[19,61,111],
[6,48,78],
[4,49,79],
[5,50,76],
[7,51,77],
[2,54,72],
[0,55,73],
[1,52,74],
[3,53,75],
[32,36,122],
[27,34,121],
[39,44,120],
[29,40,123],
[35,47,124],
[25,45,125],
[26,46,126],
[28,30,127],
[33,43,128],
[24,38,129],
[41,42,130],
[31,37,131]],

[[71,80,115],
[70,81,113],
[69,82,112],
[68,83,114],
[64,87,119],
[65,86,117],
[66,85,116],
[67,84,118],
[8,95,99],
[9,94,97],
[10,93,96],
[11,92,98],
[15,88,103],
[14,89,101],
[13,90,100],
[12,91,102],
[23,56,107],
[22,57,105],
[21,58,104],
[20,59,106],
[16,63,111],
[17,62,109],
[18,61,108],
[19,60,110],
[7,48,79],
[5,49,78],
[4,50,77],
[6,51,76],
[3,55,72],
[1,54,73],
[0,53,74],
[2,52,75],
[36,40,120],
[31,38,122],
[25,43,121],
[33,44,124],
[26,39,123],
[24,29,126],
[27,30,125],
[32,34,127],
[37,47,128],
[28,42,129],
[45,46,130],
[35,41,131]],

[[52,88,104],
[53,89,106],
[54,90,107],
[55,91,105],
[48,92,108],
[49,93,110],
[50,94,111],
[51,95,109],
[16,76,112],
[17,77,114],
[18,78,115],
[19,79,113],
[20,72,116],
[21,73,118],
[22,74,119],
[23,75,117],
[4,64,96],
[5,65,98],
[6,66,99],
[7,67,97],
[0,68,100],
[1,69,102],
[2,70,103],
[3,71,101],
[8,60,80],
[10,61,81],
[11,62,82],
[9,63,83],
[12,56,84],
[14,57,85],
[15,58,86],
[13,59,87],
[40,44,121],
[35,42,120],
[29,47,122],
[25,37,123],
[30,43,124],
[28,33,125],
[31,34,126],
[36,38,127],
[26,41,128],
[32,46,129],
[24,27,130],
[39,45,131]],

[[53,88,105],
[52,89,107],
[55,90,106],
[54,91,104],
[48,93,109],
[49,92,111],
[50,95,110],
[51,94,108],
[16,77,113],
[17,76,115],
[18,79,114],
[19,78,112],
[21,72,117],
[20,73,119],
[23,74,118],
[22,75,116],
[5,64,97],
[4,65,99],
[7,66,98],
[6,67,96],
[0,69,101],
[1,68,103],
[2,71,102],
[3,70,100],
[9,61,80],
[11,60,81],
[10,63,82],
[8,62,83],
[13,56,85],
[15,57,84],
[14,58,87],
[12,59,86],
[25,44,122],
[39,46,121],
[26,33,120],
[29,41,124],
[34,47,123],
[32,37,126],
[35,38,125],
[40,42,127],
[30,45,128],
[27,36,129],
[28,31,130],
[24,43,131]],

[[54,88,106],
[55,89,104],
[52,90,105],
[53,91,107],
[48,94,110],
[49,95,108],
[50,92,109],
[51,93,111],
[16,78,114],
[17,79,112],
[18,76,113],
[19,77,115],
[22,72,118],
[23,73,116],
[20,74,117],
[21,75,119],
[6,64,98],
[7,65,96],
[4,66,97],
[5,67,99],
[0,70,102],
[1,71,100],
[2,68,101],
[3,69,103],
[10,62,80],
[8,63,81],
[9,60,82],
[11,61,83],
[14,56,86],
[12,57,87],
[13,58,84],
[15,59,85],
[25,29,120],
[27,43,122],
[30,37,121],
[33,45,123],
[26,38,124],
[36,41,125],
[39,42,126],
[44,46,127],
[24,34,128],
[31,40,129],
[32,35,130],
[28,47,131]],

[[55,88,107],
[54,89,105],
[53,90,104],
[52,91,106],
[48,95,111],
[49,94,109],
[50,93,108],
[51,92,110],
[16,79,115],
[17,78,113],
[18,77,112],
[19,76,114],
[23,72,119],
[22,73,117],
[21,74,116],
[20,75,118],
[7,64,99],
[6,65,97],
[5,66,96],
[4,67,98],
[0,71,103],
[1,70,101],
[2,69,100],
[3,68,102],
[11,63,80],
[9,62,81],
[8,61,82],
[10,60,83],
[15,56,87],
[13,57,86],
[12,58,85],
[14,59,84],
[29,33,121],
[31,47,120],
[34,41,122],
[24,37,124],
[30,42,123],
[40,45,126],
[43,46,125],
[25,27,127],
[28,38,128],
[35,44,129],
[36,39,130],
[26,32,131]],

[[56,76,100],
[57,77,102],
[58,78,103],
[59,79,101],
[60,72,96],
[61,73,98],
[62,74,99],
[63,75,97],
[4,80,108],
[5,81,110],
[6,82,111],
[7,83,109],
[0,84,104],
[1,85,106],
[2,86,107],
[3,87,105],
[8,52,116],
[9,53,118],
[10,54,119],
[11,55,117],
[12,48,112],
[13,49,114],
[14,50,115],
[15,51,113],
[16,68,88],
[18,69,89],
[19,70,90],
[17,71,91],
[20,64,92],
[22,65,93],
[23,66,94],
[21,67,95],
[33,37,122],
[26,35,121],
[38,45,120],
[28,41,123],
[34,46,124],
[24,44,125],
[27,47,126],
[29,31,127],
[32,42,128],
[25,39,129],
[40,43,130],
[30,36,131]],

[[56,77,101],
[57,76,103],
[58,79,102],
[59,78,100],
[61,72,97],
[60,73,99],
[63,74,98],
[62,75,96],
[5,80,109],
[4,81,111],
[7,82,110],
[6,83,108],
[0,85,105],
[1,84,107],
[2,87,106],
[3,86,104],
[8,53,117],
[9,52,119],
[10,55,118],
[11,54,116],
[13,48,113],
[12,49,115],
[15,50,114],
[14,51,112],
[17,69,88],
[19,68,89],
[18,71,90],
[16,70,91],
[21,64,93],
[23,65,92],
[22,66,95],
[20,67,94],
[37,41,120],
[30,39,122],
[24,42,121],
[32,45,124],
[27,38,123],
[25,28,126],
[26,31,125],
[33,35,127],
[36,46,128],
[29,43,129],
[44,47,130],
[34,40,131]],

[[56,78,102],
[57,79,100],
[58,76,101],
[59,77,103],
[62,72,98],
[63,73,96],
[60,74,97],
[61,75,99],
[6,80,110],
[7,81,108],
[4,82,109],
[5,83,111],
[0,86,106],
[1,87,104],
[2,84,105],
[3,85,107],
[8,54,118],
[9,55,116],
[10,52,117],
[11,53,119],
[14,48,114],
[15,49,112],
[12,50,113],
[13,51,115],
[18,70,88],
[16,71,89],
[17,68,90],
[19,69,91],
[22,64,94],
[20,65,95],
[21,66,92],
[23,67,93],
[41,45,121],
[34,43,120],
[28,46,122],
[24,36,123],
[31,42,124],
[29,32,125],
[30,35,126],
[37,39,127],
[27,40,128],
[33,47,129],
[25,26,130],
[38,44,131]],

[[56,79,103],
[57,78,101],
[58,77,100],
[59,76,102],
[63,72,99],
[62,73,97],
[61,74,96],
[60,75,98],
[7,80,111],
[6,81,109],
[5,82,108],
[4,83,110],
[0,87,107],
[1,86,105],
[2,85,104],
[3,84,106],
[8,55,119],
[9,54,117],
[10,53,116],
[11,52,118],
[15,48,115],
[14,49,113],
[13,50,112],
[12,51,114],
[19,71,88],
[17,70,89],
[16,69,90],
[18,68,91],
[23,64,95],
[21,65,94],
[20,66,93],
[22,67,92],
[24,45,122],
[38,47,121],
[27,32,120],
[28,40,124],
[35,46,123],
[33,36,126],
[34,39,125],
[41,43,127],
[31,44,128],
[26,37,129],
[29,30,130],
[25,42,131]],

[[32,92,104],
[33,93,106],
[34,94,107],
[35,95,105],
[36,88,108],
[37,89,110],
[38,90,111],
[39,91,109],
[20,80,96],
[21,81,98],
[22,82,99],
[23,83,97],
[16,84,100],
[17,85,102],
[18,86,103],
[19,87,101],
[8,44,112],
[9,45,114],
[10,46,115],
[11,47,113],
[12,40,116],
[13,41,118],
[14,42,119],
[15,43,117],
[0,24,76],
[2,25,77],
[3,26,78],
[1,27,79],
[4,28,72],
[6,29,73],
[7,30,74],
[5,31,75],
[48,52,120],
[50,66,122],
[55,60,121],
[56,68,123],
[51,63,124],
[61,64,125],
[62,67,126],
[69,71,127],
[49,59,128],
[54,65,129],
[57,58,130],
[53,70,131]],

[[32,93,105],
[33,92,107],
[34,95,106],
[35,94,104],
[37,88,109],
[36,89,111],
[39,90,110],
[38,91,108],
[21,80,97],
[20,81,99],
[23,82,98],
[22,83,96],
[16,85,101],
[17,84,103],
[18,87,102],
[19,86,100],
[8,45,113],
[9,44,115],
[10,47,114],
[11,46,112],
[13,40,117],
[12,41,119],
[15,42,118],
[14,43,116],
[1,24,77],
[3,25,76],
[2,26,79],
[0,27,78],
[5,29,72],
[7,28,73],
[6,31,74],
[4,30,75],
[52,56,121],
[54,70,120],
[59,64,122],
[49,60,124],
[55,67,123],
[65,68,126],
[66,71,125],
[48,50,127],
[53,63,128],
[58,69,129],
[61,62,130],
[51,57,131]],

[[32,94,106],
[33,95,104],
[34,92,105],
[35,93,107],
[38,88,110],
[39,89,108],
[36,90,109],
[37,91,111],
[22,80,98],
[23,81,96],
[20,82,97],
[21,83,99],
[16,86,102],
[17,87,100],
[18,84,101],
[19,85,103],
[8,46,114],
[9,47,112],
[10,44,113],
[11,45,115],
[14,40,118],
[15,41,116],
[12,42,117],
[13,43,119],
[2,24,78],
[0,25,79],
[1,26,76],
[3,27,77],
[6,30,72],
[4,31,73],
[5,28,74],
[7,29,75],
[56,60,122],
[51,58,121],
[63,68,120],
[53,64,123],
[59,71,124],
[49,69,125],
[50,70,126],
[52,54,127],
[57,67,128],
[48,62,129],
[65,66,130],
[55,61,131]],

[[32,95,107],
[33,94,105],
[34,93,104],
[35,92,106],
[39,88,111],
[38,89,109],
[37,90,108],
[36,91,110],
[23,80,99],
[22,81,97],
[21,82,96],
[20,83,98],
[16,87,103],
[17,86,101],
[18,85,100],
[19,84,102],
[8,47,115],
[9,46,113],
[10,45,112],
[11,44,114],
[15,40,119],
[14,41,117],
[13,42,116],
[12,43,118],
[3,24,79],
[1,25,78],
[0,26,77],
[2,27,76],
[7,31,72],
[5,30,73],
[4,29,74],
[6,28,75],
[60,64,120],
[55,62,122],
[49,67,121],
[57,68,124],
[50,63,123],
[48,53,126],
[51,54,125],
[56,58,127],
[61,71,128],
[52,66,129],
[69,70,130],
[59,65,131]],

[[40,76,96],
[41,77,98],
[42,78,99],
[43,79,97],
[44,72,100],
[45,73,102],
[46,74,103],
[47,75,101],
[4,88,112],
[5,89,114],
[6,90,115],
[7,91,113],
[0,92,116],
[1,93,118],
[2,94,119],
[3,95,117],
[16,28,104],
[17,29,106],
[18,30,107],
[19,31,105],
[20,24,108],
[21,25,110],
[22,26,111],
[23,27,109],
[8,32,84],
[10,33,85],
[11,34,86],
[9,35,87],
[12,36,80],
[14,37,81],
[15,38,82],
[13,39,83],
[64,68,121],
[59,66,120],
[53,71,122],
[49,61,123],
[54,67,124],
[52,57,125],
[55,58,126],
[60,62,127],
[50,65,128],
[56,70,129],
[48,51,130],
[63,69,131]],

[[40,77,97],
[41,76,99],
[42,79,98],
[43,78,96],
[45,72,101],
[44,73,103],
[47,74,102],
[46,75,100],
[5,88,113],
[4,89,115],
[7,90,114],
[6,91,112],
[0,93,117],
[1,92,119],
[2,95,118],
[3,94,116],
[16,29,105],
[17,28,107],
[18,31,106],
[19,30,104],
[21,24,109],
[20,25,111],
[23,26,110],
[22,27,108],
[9,32,85],
[11,33,84],
[10,34,87],
[8,35,86],
[13,37,80],
[15,36,81],
[14,39,82],
[12,38,83],
[49,68,122],
[63,70,121],
[50,57,120],
[53,65,124],
[58,71,123],
[56,61,126],
[59,62,125],
[64,66,127],
[54,69,128],
[51,60,129],
[52,55,130],
[48,67,131]],

[[40,78,98],
[41,79,96],
[42,76,97],
[43,77,99],
[46,72,102],
[47,73,100],
[44,74,101],
[45,75,103],
[6,88,114],
[7,89,112],
[4,90,113],
[5,91,115],
[0,94,118],
[1,95,116],
[2,92,117],
[3,93,119],
[16,30,106],
[17,31,104],
[18,28,105],
[19,29,107],
[22,24,110],
[23,25,108],
[20,26,109],
[21,27,111],
[10,32,86],
[8,33,87],
[9,34,84],
[11,35,85],
[14,38,80],
[12,39,81],
[13,36,82],
[15,37,83],
[49,53,120],
[51,67,122],
[54,61,121],
[57,69,123],
[50,62,124],
[60,65,125],
[63,66,126],
[68,70,127],
[48,58,128],
[55,64,129],
[56,59,130],
[52,71,131]],

[[40,79,99],
[41,78,97],
[42,77,96],
[43,76,98],
[47,72,103],
[46,73,101],
[45,74,100],
[44,75,102],
[7,88,115],
[6,89,113],
[5,90,112],
[4,91,114],
[0,95,119],
[1,94,117],
[2,93,116],
[3,92,118],
[16,31,107],
[17,30,105],
[18,29,104],
[19,28,106],
[23,24,111],
[22,25,109],
[21,26,108],
[20,27,110],
[11,32,87],
[9,33,86],
[8,34,85],
[10,35,84],
[15,39,80],
[13,38,81],
[12,37,82],
[14,36,83],
[53,57,121],
[55,71,120],
[58,65,122],
[48,61,124],
[54,66,123],
[64,69,126],
[67,70,125],
[49,51,127],
[52,62,128],
[59,68,129],
[60,63,130],
[50,56,131]],

[[28,80,116],
[29,81,118],
[30,82,119],
[31,83,117],
[24,84,112],
[25,85,114],
[26,86,115],
[27,87,113],
[8,76,108],
[9,77,110],
[10,78,111],
[11,79,109],
[12,72,104],
[13,73,106],
[14,74,107],
[15,75,105],
[4,32,100],
[5,33,102],
[6,34,103],
[7,35,101],
[0,36,96],
[1,37,98],
[2,38,99],
[3,39,97],
[20,44,88],
[22,45,89],
[23,46,90],
[21,47,91],
[16,40,92],
[18,41,93],
[19,42,94],
[17,43,95],
[57,61,122],
[50,59,121],
[62,69,120],
[52,65,123],
[58,70,124],
[48,68,125],
[51,71,126],
[53,55,127],
[56,66,128],
[49,63,129],
[64,67,130],
[54,60,131]],

[[29,80,117],
[28,81,119],
[31,82,118],
[30,83,116],
[24,85,113],
[25,84,115],
[26,87,114],
[27,86,112],
[8,77,109],
[9,76,111],
[10,79,110],
[11,78,108],
[13,72,105],
[12,73,107],
[15,74,106],
[14,75,104],
[5,32,101],
[4,33,103],
[7,34,102],
[6,35,100],
[0,37,97],
[1,36,99],
[2,39,98],
[3,38,96],
[21,45,88],
[23,44,89],
[22,47,90],
[20,46,91],
[17,40,93],
[19,41,92],
[18,42,95],
[16,43,94],
[61,65,120],
[54,63,122],
[48,66,121],
[56,69,124],
[51,62,123],
[49,52,126],
[50,55,125],
[57,59,127],
[60,70,128],
[53,67,129],
[68,71,130],
[58,64,131]],

[[30,80,118],
[31,81,116],
[28,82,117],
[29,83,119],
[24,86,114],
[25,87,112],
[26,84,113],
[27,85,115],
[8,78,110],
[9,79,108],
[10,76,109],
[11,77,111],
[14,72,106],
[15,73,104],
[12,74,105],
[13,75,107],
[6,32,102],
[7,33,100],
[4,34,101],
[5,35,103],
[0,38,98],
[1,39,96],
[2,36,97],
[3,37,99],
[22,46,88],
[20,47,89],
[21,44,90],
[23,45,91],
[18,40,94],
[16,41,95],
[17,42,92],
[19,43,93],
[65,69,121],
[58,67,120],
[52,70,122],
[48,60,123],
[55,66,124],
[53,56,125],
[54,59,126],
[61,63,127],
[51,64,128],
[57,71,129],
[49,50,130],
[62,68,131]],

[[31,80,119],
[30,81,117],
[29,82,116],
[28,83,118],
[24,87,115],
[25,86,113],
[26,85,112],
[27,84,114],
[8,79,111],
[9,78,109],
[10,77,108],
[11,76,110],
[15,72,107],
[14,73,105],
[13,74,104],
[12,75,106],
[7,32,103],
[6,33,101],
[5,34,100],
[4,35,102],
[0,39,99],
[1,38,97],
[2,37,96],
[3,36,98],
[23,47,88],
[21,46,89],
[20,45,90],
[22,44,91],
[19,40,95],
[17,41,94],
[16,42,93],
[18,43,92],
[48,69,122],
[62,71,121],
[51,56,120],
[52,64,124],
[59,70,123],
[57,60,126],
[58,63,125],
[65,67,127],
[55,68,128],
[50,61,129],
[53,54,130],
[49,66,131]],

[[44,56,96],
[45,57,98],
[46,58,99],
[47,59,97],
[40,60,100],
[41,61,102],
[42,62,103],
[43,63,101],
[8,68,104],
[9,69,106],
[10,70,107],
[11,71,105],
[12,64,108],
[13,65,110],
[14,66,111],
[15,67,109],
[20,32,112],
[21,33,114],
[22,34,115],
[23,35,113],
[16,36,116],
[17,37,118],
[18,38,119],
[19,39,117],
[0,28,48],
[2,29,49],
[3,30,50],
[1,31,51],
[4,24,52],
[6,25,53],
[7,26,54],
[5,27,55],
[72,76,120],
[74,90,122],
[79,84,121],
[80,92,123],
[75,87,124],
[85,88,125],
[86,91,126],
[93,95,127],
[73,83,128],
[78,89,129],
[81,82,130],
[77,94,131]],

[[45,56,97],
[44,57,99],
[47,58,98],
[46,59,96],
[40,61,101],
[41,60,103],
[42,63,102],
[43,62,100],
[8,69,105],
[9,68,107],
[10,71,106],
[11,70,104],
[13,64,109],
[12,65,111],
[15,66,110],
[14,67,108],
[21,32,113],
[20,33,115],
[23,34,114],
[22,35,112],
[16,37,117],
[17,36,119],
[18,39,118],
[19,38,116],
[1,29,48],
[3,28,49],
[2,31,50],
[0,30,51],
[5,24,53],
[7,25,52],
[6,26,55],
[4,27,54],
[76,80,121],
[78,94,120],
[83,88,122],
[73,84,124],
[79,91,123],
[89,92,126],
[90,95,125],
[72,74,127],
[77,87,128],
[82,93,129],
[85,86,130],
[75,81,131]],

[[46,56,98],
[47,57,96],
[44,58,97],
[45,59,99],
[40,62,102],
[41,63,100],
[42,60,101],
[43,61,103],
[8,70,106],
[9,71,104],
[10,68,105],
[11,69,107],
[14,64,110],
[15,65,108],
[12,66,109],
[13,67,111],
[22,32,114],
[23,33,112],
[20,34,113],
[21,35,115],
[16,38,118],
[17,39,116],
[18,36,117],
[19,37,119],
[2,30,48],
[0,31,49],
[1,28,50],
[3,29,51],
[6,24,54],
[4,25,55],
[5,26,52],
[7,27,53],
[80,84,122],
[75,82,121],
[87,92,120],
[77,88,123],
[83,95,124],
[73,93,125],
[74,94,126],
[76,78,127],
[81,91,128],
[72,86,129],
[89,90,130],
[79,85,131]],

[[47,56,99],
[46,57,97],
[45,58,96],
[44,59,98],
[40,63,103],
[41,62,101],
[42,61,100],
[43,60,102],
[8,71,107],
[9,70,105],
[10,69,104],
[11,68,106],
[15,64,111],
[14,65,109],
[13,66,108],
[12,67,110],
[23,32,115],
[22,33,113],
[21,34,112],
[20,35,114],
[16,39,119],
[17,38,117],
[18,37,116],
[19,36,118],
[3,31,48],
[1,30,49],
[0,29,50],
[2,28,51],
[7,24,55],
[5,25,54],
[4,26,53],
[6,27,52],
[84,88,120],
[79,86,122],
[73,91,121],
[81,92,124],
[74,87,123],
[72,77,126],
[75,78,125],
[80,82,127],
[85,95,128],
[76,90,129],
[93,94,130],
[83,89,131]],

[[28,64,112],
[29,65,114],
[30,66,115],
[31,67,113],
[24,68,116],
[25,69,118],
[26,70,119],
[27,71,117],
[16,52,96],
[17,53,98],
[18,54,99],
[19,55,97],
[20,48,100],
[21,49,102],
[22,50,103],
[23,51,101],
[4,40,104],
[5,41,106],
[6,42,107],
[7,43,105],
[0,44,108],
[1,45,110],
[2,46,111],
[3,47,109],
[12,32,60],
[14,33,61],
[15,34,62],
[13,35,63],
[8,36,56],
[10,37,57],
[11,38,58],
[9,39,59],
[88,92,121],
[83,90,120],
[77,95,122],
[73,85,123],
[78,91,124],
[76,81,125],
[79,82,126],
[84,86,127],
[74,89,128],
[80,94,129],
[72,75,130],
[87,93,131]],

[[29,64,113],
[28,65,115],
[31,66,114],
[30,67,112],
[24,69,117],
[25,68,119],
[26,71,118],
[27,70,116],
[16,53,97],
[17,52,99],
[18,55,98],
[19,54,96],
[21,48,101],
[20,49,103],
[23,50,102],
[22,51,100],
[5,40,105],
[4,41,107],
[7,42,106],
[6,43,104],
[0,45,109],
[1,44,111],
[2,47,110],
[3,46,108],
[13,32,61],
[15,33,60],
[14,34,63],
[12,35,62],
[9,37,56],
[11,36,57],
[10,39,58],
[8,38,59],
[73,92,122],
[87,94,121],
[74,81,120],
[77,89,124],
[82,95,123],
[80,85,126],
[83,86,125],
[88,90,127],
[78,93,128],
[75,84,129],
[76,79,130],
[72,91,131]],

[[30,64,114],
[31,65,112],
[28,66,113],
[29,67,115],
[24,70,118],
[25,71,116],
[26,68,117],
[27,69,119],
[16,54,98],
[17,55,96],
[18,52,97],
[19,53,99],
[22,48,102],
[23,49,100],
[20,50,101],
[21,51,103],
[6,40,106],
[7,41,104],
[4,42,105],
[5,43,107],
[0,46,110],
[1,47,108],
[2,44,109],
[3,45,111],
[14,32,62],
[12,33,63],
[13,34,60],
[15,35,61],
[10,38,56],
[8,39,57],
[9,36,58],
[11,37,59],
[73,77,120],
[75,91,122],
[78,85,121],
[81,93,123],
[74,86,124],
[84,89,125],
[87,90,126],
[92,94,127],
[72,82,128],
[79,88,129],
[80,83,130],
[76,95,131]],

[[31,64,115],
[30,65,113],
[29,66,112],
[28,67,114],
[24,71,119],
[25,70,117],
[26,69,116],
[27,68,118],
[16,55,99],
[17,54,97],
[18,53,96],
[19,52,98],
[23,48,103],
[22,49,101],
[21,50,100],
[20,51,102],
[7,40,107],
[6,41,105],
[5,42,104],
[4,43,106],
[0,47,111],
[1,46,109],
[2,45,108],
[3,44,110],
[15,32,63],
[13,33,62],
[12,34,61],
[14,35,60],
[11,39,56],
[9,38,57],
[8,37,58],
[10,36,59],
[77,81,121],
[79,95,120],
[82,89,122],
[72,85,124],
[78,90,123],
[88,93,126],
[91,94,125],
[73,75,127],
[76,86,128],
[83,92,129],
[84,87,130],
[74,80,131]],

[[32,52,108],
[33,53,110],
[34,54,111],
[35,55,109],
[36,48,104],
[37,49,106],
[38,50,107],
[39,51,105],
[4,56,116],
[5,57,118],
[6,58,119],
[7,59,117],
[0,60,112],
[1,61,114],
[2,62,115],
[3,63,113],
[8,28,100],
[9,29,102],
[10,30,103],
[11,31,101],
[12,24,96],
[13,25,98],
[14,26,99],
[15,27,97],
[16,44,64],
[18,45,65],
[19,46,66],
[17,47,67],
[20,40,68],
[22,41,69],
[23,42,70],
[21,43,71],
[81,85,122],
[74,83,121],
[86,93,120],
[76,89,123],
[82,94,124],
[72,92,125],
[75,95,126],
[77,79,127],
[80,90,128],
[73,87,129],
[88,91,130],
[78,84,131]],

[[32,53,109],
[33,52,111],
[34,55,110],
[35,54,108],
[37,48,105],
[36,49,107],
[39,50,106],
[38,51,104],
[5,56,117],
[4,57,119],
[7,58,118],
[6,59,116],
[0,61,113],
[1,60,115],
[2,63,114],
[3,62,112],
[8,29,101],
[9,28,103],
[10,31,102],
[11,30,100],
[13,24,97],
[12,25,99],
[15,26,98],
[14,27,96],
[17,45,64],
[19,44,65],
[18,47,66],
[16,46,67],
[21,40,69],
[23,41,68],
[22,42,71],
[20,43,70],
[85,89,120],
[78,87,122],
[72,90,121],
[80,93,124],
[75,86,123],
[73,76,126],
[74,79,125],
[81,83,127],
[84,94,128],
[77,91,129],
[92,95,130],
[82,88,131]],

[[32,54,110],
[33,55,108],
[34,52,109],
[35,53,111],
[38,48,106],
[39,49,104],
[36,50,105],
[37,51,107],
[6,56,118],
[7,57,116],
[4,58,117],
[5,59,119],
[0,62,114],
[1,63,112],
[2,60,113],
[3,61,115],
[8,30,102],
[9,31,100],
[10,28,101],
[11,29,103],
[14,24,98],
[15,25,96],
[12,26,97],
[13,27,99],
[18,46,64],
[16,47,65],
[17,44,66],
[19,45,67],
[22,40,70],
[20,41,71],
[21,42,68],
[23,43,69],
[89,93,121],
[82,91,120],
[76,94,122],
[72,84,123],
[79,90,124],
[77,80,125],
[78,83,126],
[85,87,127],
[75,88,128],
[81,95,129],
[73,74,130],
[86,92,131]],

[[32,55,111],
[33,54,109],
[34,53,108],
[35,52,110],
[39,48,107],
[38,49,105],
[37,50,104],
[36,51,106],
[7,56,119],
[6,57,117],
[5,58,116],
[4,59,118],
[0,63,115],
[1,62,113],
[2,61,112],
[3,60,114],
[8,31,103],
[9,30,101],
[10,29,100],
[11,28,102],
[15,24,99],
[14,25,97],
[13,26,96],
[12,27,98],
[19,47,64],
[17,46,65],
[16,45,66],
[18,44,67],
[23,40,71],
[21,41,70],
[20,42,69],
[22,43,68],
[72,93,122],
[86,95,121],
[75,80,120],
[76,88,124],
[83,94,123],
[81,84,126],
[82,87,125],
[89,91,127],
[79,92,128],
[74,85,129],
[77,78,130],
[73,90,131]],

[[40,56,72],
[41,57,74],
[42,58,75],
[43,59,73],
[44,60,76],
[45,61,78],
[46,62,79],
[47,63,77],
[16,48,80],
[17,50,81],
[18,51,82],
[19,49,83],
[20,52,84],
[21,54,85],
[22,55,86],
[23,53,87],
[8,24,88],
[9,26,89],
[10,27,90],
[11,25,91],
[12,28,92],
[13,30,93],
[14,31,94],
[15,29,95],
[0,32,64],
[2,33,65],
[3,34,66],
[1,35,67],
[4,36,68],
[6,37,69],
[7,38,70],
[5,39,71],
[100,111,113],
[105,118,125],
[103,112,122],
[99,107,129],
[117,120,123],
[109,110,127],
[104,116,124],
[106,115,130],
[97,102,121],
[96,114,119],
[98,126,128],
[101,108,131]],

[[41,56,73],
[40,57,75],
[43,58,74],
[42,59,72],
[44,61,77],
[45,60,79],
[46,63,78],
[47,62,76],
[17,49,80],
[16,51,81],
[19,50,82],
[18,48,83],
[20,53,85],
[21,55,84],
[22,54,87],
[23,52,86],
[8,25,89],
[9,27,88],
[10,26,91],
[11,24,90],
[13,29,92],
[12,31,93],
[15,30,94],
[14,28,95],
[1,32,65],
[3,33,64],
[2,34,67],
[0,35,66],
[5,37,68],
[7,36,69],
[6,39,70],
[4,38,71],
[102,113,115],
[107,120,127],
[105,114,124],
[97,101,109],
[119,122,125],
[111,112,129],
[106,118,126],
[108,117,130],
[99,104,123],
[98,116,121],
[96,100,128],
[103,110,131]],

[[42,56,74],
[43,57,72],
[40,58,73],
[41,59,75],
[44,62,78],
[45,63,76],
[46,60,77],
[47,61,79],
[18,50,80],
[19,48,81],
[16,49,82],
[17,51,83],
[20,54,86],
[21,52,87],
[22,53,84],
[23,55,85],
[8,26,90],
[9,24,91],
[10,25,88],
[11,27,89],
[14,30,92],
[15,28,93],
[12,29,94],
[13,31,95],
[2,32,66],
[0,33,67],
[1,34,64],
[3,35,65],
[6,38,68],
[4,39,69],
[5,36,70],
[7,37,71],
[104,115,117],
[109,122,129],
[107,116,126],
[99,103,111],
[121,124,127],
[97,113,114],
[108,120,128],
[110,119,130],
[101,106,125],
[100,118,123],
[96,98,102],
[105,112,131]],

[[43,56,75],
[42,57,73],
[41,58,72],
[40,59,74],
[44,63,79],
[45,62,77],
[46,61,76],
[47,60,78],
[19,51,80],
[18,49,81],
[17,48,82],
[16,50,83],
[20,55,87],
[21,53,86],
[22,52,85],
[23,54,84],
[8,27,91],
[9,25,90],
[10,24,89],
[11,26,88],
[15,31,92],
[14,29,93],
[13,28,94],
[12,30,95],
[3,32,67],
[1,33,66],
[0,34,65],
[2,35,64],
[7,39,68],
[5,38,69],
[4,37,70],
[6,36,71],
[106,117,119],
[97,111,124],
[109,118,128],
[101,105,113],
[123,126,129],
[99,115,116],
[96,110,122],
[112,121,130],
[103,108,127],
[102,120,125],
[98,100,104],
[107,114,131]],

[[32,48,88],
[33,50,89],
[34,51,90],
[35,49,91],
[36,52,92],
[37,54,93],
[38,55,94],
[39,53,95],
[8,64,72],
[9,65,74],
[10,66,75],
[11,67,73],
[12,68,76],
[13,69,78],
[14,70,79],
[15,71,77],
[0,40,80],
[2,41,81],
[3,42,82],
[1,43,83],
[4,44,84],
[6,45,85],
[7,46,86],
[5,47,87],
[16,24,56],
[17,26,57],
[18,27,58],
[19,25,59],
[20,28,60],
[21,30,61],
[22,31,62],
[23,29,63],
[108,119,121],
[99,113,126],
[96,111,120],
[103,107,115],
[97,125,128],
[101,117,118],
[98,112,124],
[114,123,130],
[105,110,129],
[104,122,127],
[100,102,106],
[109,116,131]],

[[32,49,89],
[33,51,88],
[34,50,91],
[35,48,90],
[37,53,92],
[36,55,93],
[39,54,94],
[38,52,95],
[8,65,73],
[9,64,75],
[10,67,74],
[11,66,72],
[13,68,77],
[12,69,79],
[15,70,78],
[14,71,76],
[1,41,80],
[3,40,81],
[2,43,82],
[0,42,83],
[5,44,85],
[7,45,84],
[6,46,87],
[4,47,86],
[17,25,56],
[16,27,57],
[19,26,58],
[18,24,59],
[20,29,61],
[21,31,60],
[22,30,63],
[23,28,62],
[110,121,123],
[101,115,128],
[98,113,122],
[105,109,117],
[96,99,127],
[103,119,120],
[100,114,126],
[116,125,130],
[97,107,112],
[106,124,129],
[102,104,108],
[111,118,131]],

[[32,50,90],
[33,48,91],
[34,49,88],
[35,51,89],
[38,54,92],
[39,52,93],
[36,53,94],
[37,55,95],
[8,66,74],
[9,67,72],
[10,64,73],
[11,65,75],
[14,68,78],
[15,69,76],
[12,70,77],
[13,71,79],
[2,42,80],
[0,43,81],
[1,40,82],
[3,41,83],
[6,44,86],
[4,45,87],
[5,46,84],
[7,47,85],
[18,26,56],
[19,24,57],
[16,25,58],
[17,27,59],
[20,30,62],
[21,28,63],
[22,29,60],
[23,31,61],
[112,123,125],
[96,103,117],
[100,115,124],
[107,111,119],
[98,101,129],
[105,121,122],
[102,116,128],
[118,127,130],
[99,109,114],
[97,108,126],
[104,106,110],
[113,120,131]],

[[32,51,91],
[33,49,90],
[34,48,89],
[35,50,88],
[39,55,92],
[38,53,93],
[37,52,94],
[36,54,95],
[8,67,75],
[9,66,73],
[10,65,72],
[11,64,74],
[15,68,79],
[14,69,77],
[13,70,76],
[12,71,78],
[3,43,80],
[1,42,81],
[0,41,82],
[2,40,83],
[7,44,87],
[5,45,86],
[4,46,85],
[6,47,84],
[19,27,56],
[18,25,57],
[17,24,58],
[16,26,59],
[20,31,63],
[21,29,62],
[22,28,61],
[23,30,60],
[114,125,127],
[98,105,119],
[102,117,126],
[109,113,121],
[97,100,103],
[107,123,124],
[96,104,118],
[120,129,130],
[101,111,116],
[99,110,128],
[106,108,112],
[115,122,131]],

[[24,64,80],
[26,65,81],
[27,66,82],
[25,67,83],
[28,68,84],
[30,69,85],
[31,70,86],
[29,71,87],
[0,56,88],
[2,57,89],
[3,58,90],
[1,59,91],
[4,60,92],
[6,61,93],
[7,62,94],
[5,63,95],
[16,32,72],
[17,33,74],
[18,34,75],
[19,35,73],
[20,36,76],
[21,37,78],
[22,38,79],
[23,39,77],
[8,40,48],
[9,41,50],
[10,42,51],
[11,43,49],
[12,44,52],
[13,45,54],
[14,46,55],
[15,47,53],
[116,127,129],
[100,107,121],
[104,119,128],
[111,115,123],
[99,102,105],
[109,125,126],
[98,106,120],
[97,122,130],
[103,113,118],
[96,101,112],
[108,110,114],
[117,124,131]],

[[25,65,80],
[27,64,81],
[26,67,82],
[24,66,83],
[29,68,85],
[31,69,84],
[30,70,87],
[28,71,86],
[1,56,89],
[3,57,88],
[2,58,91],
[0,59,90],
[5,61,92],
[7,60,93],
[6,63,94],
[4,62,95],
[17,32,73],
[16,33,75],
[19,34,74],
[18,35,72],
[20,37,77],
[21,36,79],
[22,39,78],
[23,38,76],
[8,41,49],
[9,40,51],
[10,43,50],
[11,42,48],
[13,44,53],
[12,45,55],
[15,46,54],
[14,47,52],
[97,118,129],
[102,109,123],
[96,106,121],
[113,117,125],
[101,104,107],
[111,127,128],
[100,108,122],
[99,124,130],
[105,115,120],
[98,103,114],
[110,112,116],
[119,126,131]],

[[26,66,80],
[24,67,81],
[25,64,82],
[27,65,83],
[30,68,86],
[28,69,87],
[29,70,84],
[31,71,85],
[2,56,90],
[0,57,91],
[1,58,88],
[3,59,89],
[6,62,92],
[4,63,93],
[5,60,94],
[7,61,95],
[18,32,74],
[19,33,72],
[16,34,73],
[17,35,75],
[20,38,78],
[21,39,76],
[22,36,77],
[23,37,79],
[8,42,50],
[9,43,48],
[10,40,49],
[11,41,51],
[14,44,54],
[15,45,52],
[12,46,53],
[13,47,55],
[97,99,120],
[104,111,125],
[98,108,123],
[115,119,127],
[103,106,109],
[96,113,129],
[102,110,124],
[101,126,130],
[107,117,122],
[100,105,116],
[112,114,118],
[121,128,131]],

[[27,67,80],
[25,66,81],
[24,65,82],
[26,64,83],
[31,68,87],
[29,69,86],
[28,70,85],
[30,71,84],
[3,56,91],
[1,57,90],
[0,58,89],
[2,59,88],
[7,63,92],
[5,62,93],
[4,61,94],
[6,60,95],
[19,32,75],
[18,33,73],
[17,34,72],
[16,35,74],
[20,39,79],
[21,38,77],
[22,37,76],
[23,36,78],
[8,43,51],
[9,42,49],
[10,41,48],
[11,40,50],
[15,44,55],
[14,45,53],
[13,46,52],
[12,47,54],
[99,101,122],
[106,113,127],
[100,110,125],
[117,121,129],
[105,108,111],
[97,98,115],
[104,112,126],
[103,128,130],
[109,119,124],
[102,107,118],
[114,116,120],
[96,123,131]],

[[0,7,22],
[2,19,20],
[1,6,23],
[3,18,21],
[9,15,17],
[4,10,12],
[8,14,16],
[5,11,13],
[24,31,46],
[26,43,44],
[25,30,47],
[27,42,45],
[33,39,41],
[28,34,36],
[32,38,40],
[29,35,37],
[48,55,70],
[50,67,68],
[49,54,71],
[51,66,69],
[57,63,65],
[52,58,60],
[56,62,64],
[53,59,61],
[72,79,94],
[74,91,92],
[73,78,95],
[75,90,93],
[81,87,89],
[76,82,84],
[80,86,88],
[77,83,85],
[101,103,124],
[108,115,129],
[102,112,127],
[97,119,123],
[107,110,113],
[99,100,117],
[106,114,128],
[96,105,130],
[111,121,126],
[104,109,120],
[116,118,122],
[98,125,131]],

[[3,4,11],
[7,8,15],
[2,5,10],
[6,9,14],
[13,19,21],
[0,17,23],
[12,18,20],
[1,16,22],
[27,28,35],
[31,32,39],
[26,29,34],
[30,33,38],
[37,43,45],
[24,41,47],
[36,42,44],
[25,40,46],
[51,52,59],
[55,56,63],
[50,53,58],
[54,57,62],
[61,67,69],
[48,65,71],
[60,66,68],
[49,64,70],
[75,76,83],
[79,80,87],
[74,77,82],
[78,81,86],
[85,91,93],
[72,89,95],
[84,90,92],
[73,88,94],
[103,105,126],
[97,110,117],
[104,114,129],
[99,121,125],
[109,112,115],
[101,102,119],
[96,108,116],
[98,107,130],
[113,123,128],
[106,111,122],
[118,120,124],
[100,127,131]],

[[11,12,19],
[15,16,23],
[10,13,18],
[14,17,22],
[2,4,21],
[0,6,8],
[3,5,20],
[1,7,9],
[35,36,43],
[39,40,47],
[34,37,42],
[38,41,46],
[26,28,45],
[24,30,32],
[27,29,44],
[25,31,33],
[59,60,67],
[63,64,71],
[58,61,66],
[62,65,70],
[50,52,69],
[48,54,56],
[51,53,68],
[49,55,57],
[83,84,91],
[87,88,95],
[82,85,90],
[86,89,94],
[74,76,93],
[72,78,80],
[75,77,92],
[73,79,81],
[105,107,128],
[99,112,119],
[97,106,116],
[101,123,127],
[111,114,117],
[103,104,121],
[98,110,118],
[100,109,130],
[96,115,125],
[108,113,124],
[120,122,126],
[102,129,131]],

[[0,9,16],
[1,8,17],
[4,15,19],
[2,12,23],
[6,10,20],
[5,14,18],
[3,13,22],
[7,11,21],
[24,33,40],
[25,32,41],
[28,39,43],
[26,36,47],
[30,34,44],
[29,38,42],
[27,37,46],
[31,35,45],
[48,57,64],
[49,56,65],
[52,63,67],
[50,60,71],
[54,58,68],
[53,62,66],
[51,61,70],
[55,59,69],
[72,81,88],
[73,80,89],
[76,87,91],
[74,84,95],
[78,82,92],
[77,86,90],
[75,85,94],
[79,83,93],
[96,107,109],
[101,114,121],
[99,108,118],
[103,125,129],
[113,116,119],
[105,106,123],
[100,112,120],
[102,111,130],
[98,117,127],
[110,115,126],
[122,124,128],
[97,104,131]],

[[4,13,20],
[5,12,21],
[8,19,23],
[2,6,16],
[1,10,14],
[9,18,22],
[3,7,17],
[0,11,15],
[28,37,44],
[29,36,45],
[32,43,47],
[26,30,40],
[25,34,38],
[33,42,46],
[27,31,41],
[24,35,39],
[52,61,68],
[53,60,69],
[56,67,71],
[50,54,64],
[49,58,62],
[57,66,70],
[51,55,65],
[48,59,63],
[76,85,92],
[77,84,93],
[80,91,95],
[74,78,88],
[73,82,86],
[81,90,94],
[75,79,89],
[72,83,87],
[98,109,111],
[103,116,123],
[101,110,120],
[97,105,127],
[115,118,121],
[107,108,125],
[102,114,122],
[104,113,130],
[100,119,129],
[112,117,128],
[96,124,126],
[99,106,131]]

]
