[[[0,67,134],
[1,38,120],
[2,9,106],
[4,18,78],
[8,36,89],
[5,16,111],
[10,32,88],
[20,64,109],
[40,61,84],
[13,55,101],
[26,43,68],
[19,52,69],
[37,66,85],
[7,65,103],
[14,63,72],
[28,59,77],
[51,56,87],
[35,45,107],
[3,23,80],
[6,46,93],
[12,25,119],
[24,50,104],
[33,48,74],
[29,30,130],
[58,60,126],
[49,53,118],
[31,39,102],
[11,62,70],
[22,57,73],
[44,47,79],
[21,27,91],
[42,54,115],
[17,41,96],
[15,34,125],
[71,81,116],
[75,95,98],
[83,123,129],
[99,112,124],
[90,114,131],
[94,113,128],
[92,121,122],
[108,110,117],
[82,86,100],
[97,105,133],
[76,127,132]],

[[1,68,134],
[2,39,121],
[3,10,107],
[5,19,79],
[9,37,90],
[6,17,112],
[11,33,89],
[21,65,110],
[41,62,85],
[14,56,102],
[27,44,69],
[20,53,70],
[0,38,86],
[8,66,104],
[15,64,73],
[29,60,78],
[52,57,88],
[36,46,108],
[4,24,81],
[7,47,94],
[13,26,120],
[25,51,105],
[34,49,75],
[30,31,131],
[59,61,127],
[50,54,119],
[32,40,103],
[12,63,71],
[23,58,74],
[45,48,80],
[22,28,92],
[43,55,116],
[18,42,97],
[16,35,126],
[72,82,117],
[76,96,99],
[84,124,130],
[100,113,125],
[91,115,132],
[95,114,129],
[93,122,123],
[109,111,118],
[83,87,101],
[67,98,106],
[77,128,133]],

[[2,69,134],
[3,40,122],
[4,11,108],
[6,20,80],
[10,38,91],
[7,18,113],
[12,34,90],
[22,66,111],
[42,63,86],
[15,57,103],
[28,45,70],
[21,54,71],
[1,39,87],
[0,9,105],
[16,65,74],
[30,61,79],
[53,58,89],
[37,47,109],
[5,25,82],
[8,48,95],
[14,27,121],
[26,52,106],
[35,50,76],
[31,32,132],
[60,62,128],
[51,55,120],
[33,41,104],
[13,64,72],
[24,59,75],
[46,49,81],
[23,29,93],
[44,56,117],
[19,43,98],
[17,36,127],
[73,83,118],
[77,97,100],
[85,125,131],
[101,114,126],
[92,116,133],
[96,115,130],
[94,123,124],
[110,112,119],
[84,88,102],
[68,99,107],
[67,78,129]],

[[4,71,134],
[5,42,124],
[6,13,110],
[8,22,82],
[12,40,93],
[9,20,115],
[14,36,92],
[1,24,113],
[44,65,88],
[17,59,105],
[30,47,72],
[23,56,73],
[3,41,89],
[2,11,107],
[0,18,76],
[32,63,81],
[55,60,91],
[39,49,111],
[7,27,84],
[10,50,97],
[16,29,123],
[28,54,108],
[37,52,78],
[33,34,67],
[62,64,130],
[53,57,122],
[35,43,106],
[15,66,74],
[26,61,77],
[48,51,83],
[25,31,95],
[46,58,119],
[21,45,100],
[19,38,129],
[75,85,120],
[79,99,102],
[87,127,133],
[103,116,128],
[68,94,118],
[98,117,132],
[96,125,126],
[112,114,121],
[86,90,104],
[70,101,109],
[69,80,131]],

[[8,75,134],
[9,46,128],
[10,17,114],
[12,26,86],
[16,44,97],
[13,24,119],
[18,40,96],
[5,28,117],
[2,48,92],
[21,63,109],
[34,51,76],
[27,60,77],
[7,45,93],
[6,15,111],
[4,22,80],
[0,36,85],
[59,64,95],
[43,53,115],
[11,31,88],
[14,54,101],
[20,33,127],
[32,58,112],
[41,56,82],
[37,38,71],
[1,66,67],
[57,61,126],
[39,47,110],
[3,19,78],
[30,65,81],
[52,55,87],
[29,35,99],
[50,62,123],
[25,49,104],
[23,42,133],
[79,89,124],
[83,103,106],
[70,91,131],
[107,120,132],
[72,98,122],
[69,102,121],
[100,129,130],
[116,118,125],
[90,94,108],
[74,105,113],
[68,73,84]],

[[16,83,134],
[17,54,69],
[18,25,122],
[20,34,94],
[24,52,105],
[21,32,127],
[26,48,104],
[13,36,125],
[10,56,100],
[4,29,117],
[42,59,84],
[1,35,85],
[15,53,101],
[14,23,119],
[12,30,88],
[8,44,93],
[0,5,103],
[51,61,123],
[19,39,96],
[22,62,109],
[28,41,68],
[40,66,120],
[49,64,90],
[45,46,79],
[7,9,75],
[2,65,67],
[47,55,118],
[11,27,86],
[6,38,89],
[60,63,95],
[37,43,107],
[3,58,131],
[33,57,112],
[31,50,74],
[87,97,132],
[91,111,114],
[72,78,99],
[73,115,128],
[80,106,130],
[77,110,129],
[70,71,108],
[124,126,133],
[98,102,116],
[82,113,121],
[76,81,92]],

[[32,99,134],
[3,33,85],
[34,41,71],
[36,50,110],
[1,40,121],
[37,48,76],
[42,64,120],
[29,52,74],
[5,26,116],
[20,45,133],
[8,58,100],
[17,51,101],
[2,31,117],
[30,39,68],
[28,46,104],
[24,60,109],
[16,21,119],
[0,10,72],
[35,55,112],
[11,38,125],
[44,57,84],
[15,56,69],
[13,65,106],
[61,62,95],
[23,25,91],
[14,18,83],
[4,63,67],
[27,43,102],
[22,54,105],
[9,12,111],
[53,59,123],
[7,19,80],
[6,49,128],
[47,66,90],
[81,103,113],
[107,127,130],
[88,94,115],
[77,89,131],
[79,96,122],
[78,93,126],
[86,87,124],
[73,75,82],
[114,118,132],
[70,98,129],
[92,97,108]],

[[64,131,134],
[35,65,117],
[6,66,103],
[1,15,75],
[5,33,86],
[2,13,108],
[7,29,85],
[17,61,106],
[37,58,81],
[10,52,98],
[23,40,132],
[16,49,133],
[34,63,82],
[4,62,100],
[11,60,69],
[25,56,74],
[48,53,84],
[32,42,104],
[0,20,77],
[3,43,90],
[9,22,116],
[21,47,101],
[30,45,71],
[26,27,127],
[55,57,123],
[46,50,115],
[28,36,99],
[8,59,67],
[19,54,70],
[41,44,76],
[18,24,88],
[39,51,112],
[14,38,93],
[12,31,122],
[68,78,113],
[72,92,95],
[80,120,126],
[96,109,121],
[87,111,128],
[91,110,125],
[89,118,119],
[105,107,114],
[79,83,97],
[94,102,130],
[73,124,129]],

[[61,128,134],
[32,62,114],
[3,63,100],
[12,65,72],
[2,30,83],
[10,66,105],
[4,26,82],
[14,58,103],
[34,55,78],
[7,49,95],
[20,37,129],
[13,46,130],
[31,60,79],
[1,59,97],
[8,57,133],
[22,53,71],
[45,50,81],
[29,39,101],
[17,64,74],
[0,40,87],
[6,19,113],
[18,44,98],
[27,42,68],
[23,24,124],
[52,54,120],
[43,47,112],
[25,33,96],
[5,56,131],
[16,51,67],
[38,41,73],
[15,21,85],
[36,48,109],
[11,35,90],
[9,28,119],
[75,110,132],
[69,89,92],
[77,117,123],
[93,106,118],
[84,108,125],
[88,107,122],
[86,115,116],
[102,104,111],
[76,80,94],
[91,99,127],
[70,121,126]],

[[55,122,134],
[26,56,108],
[57,64,94],
[6,59,133],
[24,63,77],
[4,60,99],
[20,65,76],
[8,52,97],
[28,49,72],
[1,43,89],
[14,31,123],
[7,40,124],
[25,54,73],
[53,62,91],
[2,51,127],
[16,47,132],
[39,44,75],
[23,33,95],
[11,58,68],
[34,61,81],
[0,13,107],
[12,38,92],
[21,36,129],
[17,18,118],
[46,48,114],
[37,41,106],
[19,27,90],
[50,66,125],
[10,45,128],
[32,35,67],
[9,15,79],
[30,42,103],
[5,29,84],
[3,22,113],
[69,104,126],
[83,86,130],
[71,111,117],
[87,100,112],
[78,102,119],
[82,101,116],
[80,109,110],
[96,98,105],
[70,74,88],
[85,93,121],
[115,120,131]],

[[43,110,134],
[14,44,96],
[45,52,82],
[47,61,121],
[12,51,132],
[48,59,87],
[8,53,131],
[40,63,85],
[16,37,127],
[31,56,77],
[2,19,111],
[28,62,112],
[13,42,128],
[41,50,79],
[39,57,115],
[4,35,120],
[27,32,130],
[11,21,83],
[46,66,123],
[22,49,69],
[1,55,95],
[0,26,80],
[9,24,117],
[5,6,106],
[34,36,102],
[25,29,94],
[7,15,78],
[38,54,113],
[33,65,116],
[20,23,122],
[3,64,67],
[18,30,91],
[17,60,72],
[10,58,101],
[92,114,124],
[71,74,118],
[99,105,126],
[75,88,100],
[90,107,133],
[70,89,104],
[68,97,98],
[84,86,93],
[76,125,129],
[73,81,109],
[103,108,119]],

[[19,86,134],
[20,57,72],
[21,28,125],
[23,37,97],
[27,55,108],
[24,35,130],
[29,51,107],
[16,39,128],
[13,59,103],
[7,32,120],
[45,62,87],
[4,38,88],
[18,56,104],
[17,26,122],
[15,33,91],
[11,47,96],
[3,8,106],
[54,64,126],
[22,42,99],
[25,65,112],
[31,44,71],
[2,43,123],
[0,52,93],
[48,49,82],
[10,12,78],
[1,5,70],
[50,58,121],
[14,30,89],
[9,41,92],
[63,66,98],
[40,46,110],
[6,61,67],
[36,60,115],
[34,53,77],
[68,90,100],
[94,114,117],
[75,81,102],
[76,118,131],
[83,109,133],
[80,113,132],
[73,74,111],
[69,127,129],
[101,105,119],
[85,116,124],
[79,84,95]],

[[38,105,134],
[9,39,91],
[40,47,77],
[42,56,116],
[7,46,127],
[43,54,82],
[3,48,126],
[35,58,80],
[11,32,122],
[26,51,72],
[14,64,106],
[23,57,107],
[8,37,123],
[36,45,74],
[34,52,110],
[30,66,115],
[22,27,125],
[6,16,78],
[41,61,118],
[17,44,131],
[50,63,90],
[21,62,75],
[4,19,112],
[0,1,101],
[29,31,97],
[20,24,89],
[2,10,73],
[33,49,108],
[28,60,111],
[15,18,117],
[59,65,129],
[13,25,86],
[12,55,67],
[5,53,96],
[87,109,119],
[69,113,133],
[94,100,121],
[70,83,95],
[85,102,128],
[84,99,132],
[92,93,130],
[79,81,88],
[71,120,124],
[68,76,104],
[98,103,114]],

[[9,76,134],
[10,47,129],
[11,18,115],
[13,27,87],
[17,45,98],
[14,25,120],
[19,41,97],
[6,29,118],
[3,49,93],
[22,64,110],
[35,52,77],
[28,61,78],
[8,46,94],
[7,16,112],
[5,23,81],
[1,37,86],
[60,65,96],
[44,54,116],
[12,32,89],
[15,55,102],
[21,34,128],
[33,59,113],
[42,57,83],
[38,39,72],
[0,2,68],
[58,62,127],
[40,48,111],
[4,20,79],
[31,66,82],
[53,56,88],
[30,36,100],
[51,63,124],
[26,50,105],
[24,43,67],
[80,90,125],
[84,104,107],
[71,92,132],
[108,121,133],
[73,99,123],
[70,103,122],
[101,130,131],
[117,119,126],
[91,95,109],
[75,106,114],
[69,74,85]],

[[18,85,134],
[19,56,71],
[20,27,124],
[22,36,96],
[26,54,107],
[23,34,129],
[28,50,106],
[15,38,127],
[12,58,102],
[6,31,119],
[44,61,86],
[3,37,87],
[17,55,103],
[16,25,121],
[14,32,90],
[10,46,95],
[2,7,105],
[53,63,125],
[21,41,98],
[24,64,111],
[30,43,70],
[1,42,122],
[51,66,92],
[47,48,81],
[9,11,77],
[0,4,69],
[49,57,120],
[13,29,88],
[8,40,91],
[62,65,97],
[39,45,109],
[5,60,133],
[35,59,114],
[33,52,76],
[67,89,99],
[93,113,116],
[74,80,101],
[75,117,130],
[82,108,132],
[79,112,131],
[72,73,110],
[68,126,128],
[100,104,118],
[84,115,123],
[78,83,94]],

[[36,103,134],
[7,37,89],
[38,45,75],
[40,54,114],
[5,44,125],
[41,52,80],
[1,46,124],
[33,56,78],
[9,30,120],
[24,49,70],
[12,62,104],
[21,55,105],
[6,35,121],
[34,43,72],
[32,50,108],
[28,64,113],
[20,25,123],
[4,14,76],
[39,59,116],
[15,42,129],
[48,61,88],
[19,60,73],
[2,17,110],
[65,66,99],
[27,29,95],
[18,22,87],
[0,8,71],
[31,47,106],
[26,58,109],
[13,16,115],
[57,63,127],
[11,23,84],
[10,53,132],
[3,51,94],
[85,107,117],
[67,111,131],
[92,98,119],
[68,81,93],
[83,100,126],
[82,97,130],
[90,91,128],
[77,79,86],
[69,118,122],
[74,102,133],
[96,101,112]],

[[5,72,134],
[6,43,125],
[7,14,111],
[9,23,83],
[13,41,94],
[10,21,116],
[15,37,93],
[2,25,114],
[45,66,89],
[18,60,106],
[31,48,73],
[24,57,74],
[4,42,90],
[3,12,108],
[1,19,77],
[33,64,82],
[56,61,92],
[40,50,112],
[8,28,85],
[11,51,98],
[17,30,124],
[29,55,109],
[38,53,79],
[34,35,68],
[63,65,131],
[54,58,123],
[36,44,107],
[0,16,75],
[27,62,78],
[49,52,84],
[26,32,96],
[47,59,120],
[22,46,101],
[20,39,130],
[76,86,121],
[80,100,103],
[67,88,128],
[104,117,129],
[69,95,119],
[99,118,133],
[97,126,127],
[113,115,122],
[87,91,105],
[71,102,110],
[70,81,132]],

[[10,77,134],
[11,48,130],
[12,19,116],
[14,28,88],
[18,46,99],
[15,26,121],
[20,42,98],
[7,30,119],
[4,50,94],
[23,65,111],
[36,53,78],
[29,62,79],
[9,47,95],
[8,17,113],
[6,24,82],
[2,38,87],
[61,66,97],
[45,55,117],
[13,33,90],
[16,56,103],
[22,35,129],
[34,60,114],
[43,58,84],
[39,40,73],
[1,3,69],
[59,63,128],
[41,49,112],
[5,21,80],
[0,32,83],
[54,57,89],
[31,37,101],
[52,64,125],
[27,51,106],
[25,44,68],
[81,91,126],
[85,105,108],
[72,93,133],
[67,109,122],
[74,100,124],
[71,104,123],
[102,131,132],
[118,120,127],
[92,96,110],
[76,107,115],
[70,75,86]],

[[20,87,134],
[21,58,73],
[22,29,126],
[24,38,98],
[28,56,109],
[25,36,131],
[30,52,108],
[17,40,129],
[14,60,104],
[8,33,121],
[46,63,88],
[5,39,89],
[19,57,105],
[18,27,123],
[16,34,92],
[12,48,97],
[4,9,107],
[55,65,127],
[23,43,100],
[26,66,113],
[32,45,72],
[3,44,124],
[1,53,94],
[49,50,83],
[11,13,79],
[2,6,71],
[51,59,122],
[15,31,90],
[10,42,93],
[0,64,99],
[41,47,111],
[7,62,68],
[37,61,116],
[35,54,78],
[69,91,101],
[95,115,118],
[76,82,103],
[77,119,132],
[67,84,110],
[81,114,133],
[74,75,112],
[70,128,130],
[102,106,120],
[86,117,125],
[80,85,96]],

[[40,107,134],
[11,41,93],
[42,49,79],
[44,58,118],
[9,48,129],
[45,56,84],
[5,50,128],
[37,60,82],
[13,34,124],
[28,53,74],
[16,66,108],
[25,59,109],
[10,39,125],
[38,47,76],
[36,54,112],
[1,32,117],
[24,29,127],
[8,18,80],
[43,63,120],
[19,46,133],
[52,65,92],
[23,64,77],
[6,21,114],
[2,3,103],
[31,33,99],
[22,26,91],
[4,12,75],
[35,51,110],
[30,62,113],
[17,20,119],
[0,61,131],
[15,27,88],
[14,57,69],
[7,55,98],
[89,111,121],
[68,71,115],
[96,102,123],
[72,85,97],
[87,104,130],
[67,86,101],
[94,95,132],
[81,83,90],
[73,122,126],
[70,78,106],
[100,105,116]],

[[13,80,134],
[14,51,133],
[15,22,119],
[17,31,91],
[21,49,102],
[18,29,124],
[23,45,101],
[10,33,122],
[7,53,97],
[1,26,114],
[39,56,81],
[32,65,82],
[12,50,98],
[11,20,116],
[9,27,85],
[5,41,90],
[2,64,100],
[48,58,120],
[16,36,93],
[19,59,106],
[25,38,132],
[37,63,117],
[46,61,87],
[42,43,76],
[4,6,72],
[62,66,131],
[44,52,115],
[8,24,83],
[3,35,86],
[57,60,92],
[34,40,104],
[0,55,128],
[30,54,109],
[28,47,71],
[84,94,129],
[88,108,111],
[69,75,96],
[70,112,125],
[77,103,127],
[74,107,126],
[67,68,105],
[121,123,130],
[95,99,113],
[79,110,118],
[73,78,89]],

[[26,93,134],
[27,64,79],
[28,35,132],
[30,44,104],
[34,62,115],
[31,42,70],
[36,58,114],
[23,46,68],
[20,66,110],
[14,39,127],
[2,52,94],
[11,45,95],
[25,63,111],
[24,33,129],
[22,40,98],
[18,54,103],
[10,15,113],
[4,61,133],
[29,49,106],
[5,32,119],
[38,51,78],
[9,50,130],
[7,59,100],
[55,56,89],
[17,19,85],
[8,12,77],
[57,65,128],
[21,37,96],
[16,48,99],
[3,6,105],
[47,53,117],
[1,13,74],
[0,43,122],
[41,60,84],
[75,97,107],
[101,121,124],
[82,88,109],
[71,83,125],
[73,90,116],
[72,87,120],
[80,81,118],
[67,69,76],
[108,112,126],
[92,123,131],
[86,91,102]],

[[52,119,134],
[23,53,105],
[54,61,91],
[3,56,130],
[21,60,74],
[1,57,96],
[17,62,73],
[5,49,94],
[25,46,69],
[40,65,86],
[11,28,120],
[4,37,121],
[22,51,70],
[50,59,88],
[48,66,124],
[13,44,129],
[36,41,72],
[20,30,92],
[8,55,132],
[31,58,78],
[10,64,104],
[9,35,89],
[18,33,126],
[14,15,115],
[43,45,111],
[34,38,103],
[16,24,87],
[47,63,122],
[7,42,125],
[29,32,131],
[6,12,76],
[27,39,100],
[2,26,81],
[0,19,110],
[101,123,133],
[80,83,127],
[68,108,114],
[84,97,109],
[75,99,116],
[79,98,113],
[77,106,107],
[93,95,102],
[67,71,85],
[82,90,118],
[112,117,128]],

[[37,104,134],
[8,38,90],
[39,46,76],
[41,55,115],
[6,45,126],
[42,53,81],
[2,47,125],
[34,57,79],
[10,31,121],
[25,50,71],
[13,63,105],
[22,56,106],
[7,36,122],
[35,44,73],
[33,51,109],
[29,65,114],
[21,26,124],
[5,15,77],
[40,60,117],
[16,43,130],
[49,62,89],
[20,61,74],
[3,18,111],
[0,66,100],
[28,30,96],
[19,23,88],
[1,9,72],
[32,48,107],
[27,59,110],
[14,17,116],
[58,64,128],
[12,24,85],
[11,54,133],
[4,52,95],
[86,108,118],
[68,112,132],
[93,99,120],
[69,82,94],
[84,101,127],
[83,98,131],
[91,92,129],
[78,80,87],
[70,119,123],
[67,75,103],
[97,102,113]],

[[7,74,134],
[8,45,127],
[9,16,113],
[11,25,85],
[15,43,96],
[12,23,118],
[17,39,95],
[4,27,116],
[1,47,91],
[20,62,108],
[33,50,75],
[26,59,76],
[6,44,92],
[5,14,110],
[3,21,79],
[35,66,84],
[58,63,94],
[42,52,114],
[10,30,87],
[13,53,100],
[19,32,126],
[31,57,111],
[40,55,81],
[36,37,70],
[0,65,133],
[56,60,125],
[38,46,109],
[2,18,77],
[29,64,80],
[51,54,86],
[28,34,98],
[49,61,122],
[24,48,103],
[22,41,132],
[78,88,123],
[82,102,105],
[69,90,130],
[106,119,131],
[71,97,121],
[68,101,120],
[99,128,129],
[115,117,124],
[89,93,107],
[73,104,112],
[67,72,83]],

[[14,81,134],
[15,52,67],
[16,23,120],
[18,32,92],
[22,50,103],
[19,30,125],
[24,46,102],
[11,34,123],
[8,54,98],
[2,27,115],
[40,57,82],
[33,66,83],
[13,51,99],
[12,21,117],
[10,28,86],
[6,42,91],
[3,65,101],
[49,59,121],
[17,37,94],
[20,60,107],
[26,39,133],
[38,64,118],
[47,62,88],
[43,44,77],
[5,7,73],
[0,63,132],
[45,53,116],
[9,25,84],
[4,36,87],
[58,61,93],
[35,41,105],
[1,56,129],
[31,55,110],
[29,48,72],
[85,95,130],
[89,109,112],
[70,76,97],
[71,113,126],
[78,104,128],
[75,108,127],
[68,69,106],
[122,124,131],
[96,100,114],
[80,111,119],
[74,79,90]],

[[28,95,134],
[29,66,81],
[30,37,67],
[32,46,106],
[36,64,117],
[33,44,72],
[38,60,116],
[25,48,70],
[1,22,112],
[16,41,129],
[4,54,96],
[13,47,97],
[27,65,113],
[26,35,131],
[24,42,100],
[20,56,105],
[12,17,115],
[6,63,68],
[31,51,108],
[7,34,121],
[40,53,80],
[11,52,132],
[9,61,102],
[57,58,91],
[19,21,87],
[10,14,79],
[0,59,130],
[23,39,98],
[18,50,101],
[5,8,107],
[49,55,119],
[3,15,76],
[2,45,124],
[43,62,86],
[77,99,109],
[103,123,126],
[84,90,111],
[73,85,127],
[75,92,118],
[74,89,122],
[82,83,120],
[69,71,78],
[110,114,128],
[94,125,133],
[88,93,104]],

[[56,123,134],
[27,57,109],
[58,65,95],
[7,60,67],
[25,64,78],
[5,61,100],
[21,66,77],
[9,53,98],
[29,50,73],
[2,44,90],
[15,32,124],
[8,41,125],
[26,55,74],
[54,63,92],
[3,52,128],
[17,48,133],
[40,45,76],
[24,34,96],
[12,59,69],
[35,62,82],
[1,14,108],
[13,39,93],
[22,37,130],
[18,19,119],
[47,49,115],
[38,42,107],
[20,28,91],
[0,51,126],
[11,46,129],
[33,36,68],
[10,16,80],
[31,43,104],
[6,30,85],
[4,23,114],
[70,105,127],
[84,87,131],
[72,112,118],
[88,101,113],
[79,103,120],
[83,102,117],
[81,110,111],
[97,99,106],
[71,75,89],
[86,94,122],
[116,121,132]],

[[45,112,134],
[16,46,98],
[47,54,84],
[49,63,123],
[14,53,67],
[50,61,89],
[10,55,133],
[42,65,87],
[18,39,129],
[33,58,79],
[4,21,113],
[30,64,114],
[15,44,130],
[43,52,81],
[41,59,117],
[6,37,122],
[29,34,132],
[13,23,85],
[1,48,125],
[24,51,71],
[3,57,97],
[2,28,82],
[11,26,119],
[7,8,108],
[36,38,104],
[27,31,96],
[9,17,80],
[40,56,115],
[0,35,118],
[22,25,124],
[5,66,69],
[20,32,93],
[19,62,74],
[12,60,103],
[94,116,126],
[73,76,120],
[101,107,128],
[77,90,102],
[68,92,109],
[72,91,106],
[70,99,100],
[86,88,95],
[78,127,131],
[75,83,111],
[105,110,121]],

[[23,90,134],
[24,61,76],
[25,32,129],
[27,41,101],
[31,59,112],
[28,39,67],
[33,55,111],
[20,43,132],
[17,63,107],
[11,36,124],
[49,66,91],
[8,42,92],
[22,60,108],
[21,30,126],
[19,37,95],
[15,51,100],
[7,12,110],
[1,58,130],
[26,46,103],
[2,29,116],
[35,48,75],
[6,47,127],
[4,56,97],
[52,53,86],
[14,16,82],
[5,9,74],
[54,62,125],
[18,34,93],
[13,45,96],
[0,3,102],
[44,50,114],
[10,65,71],
[40,64,119],
[38,57,81],
[72,94,104],
[98,118,121],
[79,85,106],
[68,80,122],
[70,87,113],
[69,84,117],
[77,78,115],
[73,131,133],
[105,109,123],
[89,120,128],
[83,88,99]],

[[46,113,134],
[17,47,99],
[48,55,85],
[50,64,124],
[15,54,68],
[51,62,90],
[11,56,67],
[43,66,88],
[19,40,130],
[34,59,80],
[5,22,114],
[31,65,115],
[16,45,131],
[44,53,82],
[42,60,118],
[7,38,123],
[30,35,133],
[14,24,86],
[2,49,126],
[25,52,72],
[4,58,98],
[3,29,83],
[12,27,120],
[8,9,109],
[37,39,105],
[28,32,97],
[10,18,81],
[41,57,116],
[1,36,119],
[23,26,125],
[0,6,70],
[21,33,94],
[20,63,75],
[13,61,104],
[95,117,127],
[74,77,121],
[102,108,129],
[78,91,103],
[69,93,110],
[73,92,107],
[71,100,101],
[87,89,96],
[79,128,132],
[76,84,112],
[106,111,122]],

[[25,92,134],
[26,63,78],
[27,34,131],
[29,43,103],
[33,61,114],
[30,41,69],
[35,57,113],
[22,45,67],
[19,65,109],
[13,38,126],
[1,51,93],
[10,44,94],
[24,62,110],
[23,32,128],
[21,39,97],
[17,53,102],
[9,14,112],
[3,60,132],
[28,48,105],
[4,31,118],
[37,50,77],
[8,49,129],
[6,58,99],
[54,55,88],
[16,18,84],
[7,11,76],
[56,64,127],
[20,36,95],
[15,47,98],
[2,5,104],
[46,52,116],
[0,12,73],
[42,66,121],
[40,59,83],
[74,96,106],
[100,120,123],
[81,87,108],
[70,82,124],
[72,89,115],
[71,86,119],
[79,80,117],
[68,75,133],
[107,111,125],
[91,122,130],
[85,90,101]],

[[50,117,134],
[21,51,103],
[52,59,89],
[1,54,128],
[19,58,72],
[55,66,94],
[15,60,71],
[3,47,92],
[23,44,67],
[38,63,84],
[9,26,118],
[2,35,119],
[20,49,68],
[48,57,86],
[46,64,122],
[11,42,127],
[34,39,70],
[18,28,90],
[6,53,130],
[29,56,76],
[8,62,102],
[7,33,87],
[16,31,124],
[12,13,113],
[41,43,109],
[32,36,101],
[14,22,85],
[45,61,120],
[5,40,123],
[27,30,129],
[4,10,74],
[25,37,98],
[0,24,79],
[17,65,108],
[99,121,131],
[78,81,125],
[106,112,133],
[82,95,107],
[73,97,114],
[77,96,111],
[75,104,105],
[91,93,100],
[69,83,132],
[80,88,116],
[110,115,126]],

[[33,100,134],
[4,34,86],
[35,42,72],
[37,51,111],
[2,41,122],
[38,49,77],
[43,65,121],
[30,53,75],
[6,27,117],
[21,46,67],
[9,59,101],
[18,52,102],
[3,32,118],
[31,40,69],
[29,47,105],
[25,61,110],
[17,22,120],
[1,11,73],
[36,56,113],
[12,39,126],
[45,58,85],
[16,57,70],
[14,66,107],
[62,63,96],
[24,26,92],
[15,19,84],
[5,64,68],
[28,44,103],
[23,55,106],
[10,13,112],
[54,60,124],
[8,20,81],
[7,50,129],
[0,48,91],
[82,104,114],
[108,128,131],
[89,95,116],
[78,90,132],
[80,97,123],
[79,94,127],
[87,88,125],
[74,76,83],
[115,119,133],
[71,99,130],
[93,98,109]],

[[66,133,134],
[0,37,119],
[1,8,105],
[3,17,77],
[7,35,88],
[4,15,110],
[9,31,87],
[19,63,108],
[39,60,83],
[12,54,100],
[25,42,67],
[18,51,68],
[36,65,84],
[6,64,102],
[13,62,71],
[27,58,76],
[50,55,86],
[34,44,106],
[2,22,79],
[5,45,92],
[11,24,118],
[23,49,103],
[32,47,73],
[28,29,129],
[57,59,125],
[48,52,117],
[30,38,101],
[10,61,69],
[21,56,72],
[43,46,78],
[20,26,90],
[41,53,114],
[16,40,95],
[14,33,124],
[70,80,115],
[74,94,97],
[82,122,128],
[98,111,123],
[89,113,130],
[93,112,127],
[91,120,121],
[107,109,116],
[81,85,99],
[96,104,132],
[75,126,131]],

[[65,132,134],
[36,66,118],
[0,7,104],
[2,16,76],
[6,34,87],
[3,14,109],
[8,30,86],
[18,62,107],
[38,59,82],
[11,53,99],
[24,41,133],
[17,50,67],
[35,64,83],
[5,63,101],
[12,61,70],
[26,57,75],
[49,54,85],
[33,43,105],
[1,21,78],
[4,44,91],
[10,23,117],
[22,48,102],
[31,46,72],
[27,28,128],
[56,58,124],
[47,51,116],
[29,37,100],
[9,60,68],
[20,55,71],
[42,45,77],
[19,25,89],
[40,52,113],
[15,39,94],
[13,32,123],
[69,79,114],
[73,93,96],
[81,121,127],
[97,110,122],
[88,112,129],
[92,111,126],
[90,119,120],
[106,108,115],
[80,84,98],
[95,103,131],
[74,125,130]],

[[63,130,134],
[34,64,116],
[5,65,102],
[0,14,74],
[4,32,85],
[1,12,107],
[6,28,84],
[16,60,105],
[36,57,80],
[9,51,97],
[22,39,131],
[15,48,132],
[33,62,81],
[3,61,99],
[10,59,68],
[24,55,73],
[47,52,83],
[31,41,103],
[19,66,76],
[2,42,89],
[8,21,115],
[20,46,100],
[29,44,70],
[25,26,126],
[54,56,122],
[45,49,114],
[27,35,98],
[7,58,133],
[18,53,69],
[40,43,75],
[17,23,87],
[38,50,111],
[13,37,92],
[11,30,121],
[67,77,112],
[71,91,94],
[79,119,125],
[95,108,120],
[86,110,127],
[90,109,124],
[88,117,118],
[104,106,113],
[78,82,96],
[93,101,129],
[72,123,128]],

[[59,126,134],
[30,60,112],
[1,61,98],
[10,63,70],
[0,28,81],
[8,64,103],
[2,24,80],
[12,56,101],
[32,53,76],
[5,47,93],
[18,35,127],
[11,44,128],
[29,58,77],
[57,66,95],
[6,55,131],
[20,51,69],
[43,48,79],
[27,37,99],
[15,62,72],
[38,65,85],
[4,17,111],
[16,42,96],
[25,40,133],
[21,22,122],
[50,52,118],
[41,45,110],
[23,31,94],
[3,54,129],
[14,49,132],
[36,39,71],
[13,19,83],
[34,46,107],
[9,33,88],
[7,26,117],
[73,108,130],
[67,87,90],
[75,115,121],
[91,104,116],
[82,106,123],
[86,105,120],
[84,113,114],
[100,102,109],
[74,78,92],
[89,97,125],
[68,119,124]],

[[51,118,134],
[22,52,104],
[53,60,90],
[2,55,129],
[20,59,73],
[0,56,95],
[16,61,72],
[4,48,93],
[24,45,68],
[39,64,85],
[10,27,119],
[3,36,120],
[21,50,69],
[49,58,87],
[47,65,123],
[12,43,128],
[35,40,71],
[19,29,91],
[7,54,131],
[30,57,77],
[9,63,103],
[8,34,88],
[17,32,125],
[13,14,114],
[42,44,110],
[33,37,102],
[15,23,86],
[46,62,121],
[6,41,124],
[28,31,130],
[5,11,75],
[26,38,99],
[1,25,80],
[18,66,109],
[100,122,132],
[79,82,126],
[67,107,113],
[83,96,108],
[74,98,115],
[78,97,112],
[76,105,106],
[92,94,101],
[70,84,133],
[81,89,117],
[111,116,127]],

[[35,102,134],
[6,36,88],
[37,44,74],
[39,53,113],
[4,43,124],
[40,51,79],
[0,45,123],
[32,55,77],
[8,29,119],
[23,48,69],
[11,61,103],
[20,54,104],
[5,34,120],
[33,42,71],
[31,49,107],
[27,63,112],
[19,24,122],
[3,13,75],
[38,58,115],
[14,41,128],
[47,60,87],
[18,59,72],
[1,16,109],
[64,65,98],
[26,28,94],
[17,21,86],
[7,66,70],
[30,46,105],
[25,57,108],
[12,15,114],
[56,62,126],
[10,22,83],
[9,52,131],
[2,50,93],
[84,106,116],
[110,130,133],
[91,97,118],
[67,80,92],
[82,99,125],
[81,96,129],
[89,90,127],
[76,78,85],
[68,117,121],
[73,101,132],
[95,100,111]],

[[3,70,134],
[4,41,123],
[5,12,109],
[7,21,81],
[11,39,92],
[8,19,114],
[13,35,91],
[0,23,112],
[43,64,87],
[16,58,104],
[29,46,71],
[22,55,72],
[2,40,88],
[1,10,106],
[17,66,75],
[31,62,80],
[54,59,90],
[38,48,110],
[6,26,83],
[9,49,96],
[15,28,122],
[27,53,107],
[36,51,77],
[32,33,133],
[61,63,129],
[52,56,121],
[34,42,105],
[14,65,73],
[25,60,76],
[47,50,82],
[24,30,94],
[45,57,118],
[20,44,99],
[18,37,128],
[74,84,119],
[78,98,101],
[86,126,132],
[102,115,127],
[67,93,117],
[97,116,131],
[95,124,125],
[111,113,120],
[85,89,103],
[69,100,108],
[68,79,130]],

[[6,73,134],
[7,44,126],
[8,15,112],
[10,24,84],
[14,42,95],
[11,22,117],
[16,38,94],
[3,26,115],
[0,46,90],
[19,61,107],
[32,49,74],
[25,58,75],
[5,43,91],
[4,13,109],
[2,20,78],
[34,65,83],
[57,62,93],
[41,51,113],
[9,29,86],
[12,52,99],
[18,31,125],
[30,56,110],
[39,54,80],
[35,36,69],
[64,66,132],
[55,59,124],
[37,45,108],
[1,17,76],
[28,63,79],
[50,53,85],
[27,33,97],
[48,60,121],
[23,47,102],
[21,40,131],
[77,87,122],
[81,101,104],
[68,89,129],
[105,118,130],
[70,96,120],
[67,100,119],
[98,127,128],
[114,116,123],
[88,92,106],
[72,103,111],
[71,82,133]],

[[12,79,134],
[13,50,132],
[14,21,118],
[16,30,90],
[20,48,101],
[17,28,123],
[22,44,100],
[9,32,121],
[6,52,96],
[0,25,113],
[38,55,80],
[31,64,81],
[11,49,97],
[10,19,115],
[8,26,84],
[4,40,89],
[1,63,99],
[47,57,119],
[15,35,92],
[18,58,105],
[24,37,131],
[36,62,116],
[45,60,86],
[41,42,75],
[3,5,71],
[61,65,130],
[43,51,114],
[7,23,82],
[2,34,85],
[56,59,91],
[33,39,103],
[54,66,127],
[29,53,108],
[27,46,70],
[83,93,128],
[87,107,110],
[68,74,95],
[69,111,124],
[76,102,126],
[73,106,125],
[67,104,133],
[120,122,129],
[94,98,112],
[78,109,117],
[72,77,88]],

[[24,91,134],
[25,62,77],
[26,33,130],
[28,42,102],
[32,60,113],
[29,40,68],
[34,56,112],
[21,44,133],
[18,64,108],
[12,37,125],
[0,50,92],
[9,43,93],
[23,61,109],
[22,31,127],
[20,38,96],
[16,52,101],
[8,13,111],
[2,59,131],
[27,47,104],
[3,30,117],
[36,49,76],
[7,48,128],
[5,57,98],
[53,54,87],
[15,17,83],
[6,10,75],
[55,63,126],
[19,35,94],
[14,46,97],
[1,4,103],
[45,51,115],
[11,66,72],
[41,65,120],
[39,58,82],
[73,95,105],
[99,119,122],
[80,86,107],
[69,81,123],
[71,88,114],
[70,85,118],
[78,79,116],
[67,74,132],
[106,110,124],
[90,121,129],
[84,89,100]],

[[48,115,134],
[19,49,101],
[50,57,87],
[52,66,126],
[17,56,70],
[53,64,92],
[13,58,69],
[1,45,90],
[21,42,132],
[36,61,82],
[7,24,116],
[0,33,117],
[18,47,133],
[46,55,84],
[44,62,120],
[9,40,125],
[32,37,68],
[16,26,88],
[4,51,128],
[27,54,74],
[6,60,100],
[5,31,85],
[14,29,122],
[10,11,111],
[39,41,107],
[30,34,99],
[12,20,83],
[43,59,118],
[3,38,121],
[25,28,127],
[2,8,72],
[23,35,96],
[22,65,77],
[15,63,106],
[97,119,129],
[76,79,123],
[104,110,131],
[80,93,105],
[71,95,112],
[75,94,109],
[73,102,103],
[89,91,98],
[67,81,130],
[78,86,114],
[108,113,124]],

[[29,96,134],
[0,30,82],
[31,38,68],
[33,47,107],
[37,65,118],
[34,45,73],
[39,61,117],
[26,49,71],
[2,23,113],
[17,42,130],
[5,55,97],
[14,48,98],
[28,66,114],
[27,36,132],
[25,43,101],
[21,57,106],
[13,18,116],
[7,64,69],
[32,52,109],
[8,35,122],
[41,54,81],
[12,53,133],
[10,62,103],
[58,59,92],
[20,22,88],
[11,15,80],
[1,60,131],
[24,40,99],
[19,51,102],
[6,9,108],
[50,56,120],
[4,16,77],
[3,46,125],
[44,63,87],
[78,100,110],
[104,124,127],
[85,91,112],
[74,86,128],
[76,93,119],
[75,90,123],
[83,84,121],
[70,72,79],
[111,115,129],
[67,95,126],
[89,94,105]],

[[58,125,134],
[29,59,111],
[0,60,97],
[9,62,69],
[27,66,80],
[7,63,102],
[1,23,79],
[11,55,100],
[31,52,75],
[4,46,92],
[17,34,126],
[10,43,127],
[28,57,76],
[56,65,94],
[5,54,130],
[19,50,68],
[42,47,78],
[26,36,98],
[14,61,71],
[37,64,84],
[3,16,110],
[15,41,95],
[24,39,132],
[20,21,121],
[49,51,117],
[40,44,109],
[22,30,93],
[2,53,128],
[13,48,131],
[35,38,70],
[12,18,82],
[33,45,106],
[8,32,87],
[6,25,116],
[72,107,129],
[86,89,133],
[74,114,120],
[90,103,115],
[81,105,122],
[85,104,119],
[83,112,113],
[99,101,108],
[73,77,91],
[88,96,124],
[67,118,123]],

[[49,116,134],
[20,50,102],
[51,58,88],
[0,53,127],
[18,57,71],
[54,65,93],
[14,59,70],
[2,46,91],
[22,43,133],
[37,62,83],
[8,25,117],
[1,34,118],
[19,48,67],
[47,56,85],
[45,63,121],
[10,41,126],
[33,38,69],
[17,27,89],
[5,52,129],
[28,55,75],
[7,61,101],
[6,32,86],
[15,30,123],
[11,12,112],
[40,42,108],
[31,35,100],
[13,21,84],
[44,60,119],
[4,39,122],
[26,29,128],
[3,9,73],
[24,36,97],
[23,66,78],
[16,64,107],
[98,120,130],
[77,80,124],
[105,111,132],
[81,94,106],
[72,96,113],
[76,95,110],
[74,103,104],
[90,92,99],
[68,82,131],
[79,87,115],
[109,114,125]],

[[31,98,134],
[2,32,84],
[33,40,70],
[35,49,109],
[0,39,120],
[36,47,75],
[41,63,119],
[28,51,73],
[4,25,115],
[19,44,132],
[7,57,99],
[16,50,100],
[1,30,116],
[29,38,67],
[27,45,103],
[23,59,108],
[15,20,118],
[9,66,71],
[34,54,111],
[10,37,124],
[43,56,83],
[14,55,68],
[12,64,105],
[60,61,94],
[22,24,90],
[13,17,82],
[3,62,133],
[26,42,101],
[21,53,104],
[8,11,110],
[52,58,122],
[6,18,79],
[5,48,127],
[46,65,89],
[80,102,112],
[106,126,129],
[87,93,114],
[76,88,130],
[78,95,121],
[77,92,125],
[85,86,123],
[72,74,81],
[113,117,131],
[69,97,128],
[91,96,107]],

[[62,129,134],
[33,63,115],
[4,64,101],
[13,66,73],
[3,31,84],
[0,11,106],
[5,27,83],
[15,59,104],
[35,56,79],
[8,50,96],
[21,38,130],
[14,47,131],
[32,61,80],
[2,60,98],
[9,58,67],
[23,54,72],
[46,51,82],
[30,40,102],
[18,65,75],
[1,41,88],
[7,20,114],
[19,45,99],
[28,43,69],
[24,25,125],
[53,55,121],
[44,48,113],
[26,34,97],
[6,57,132],
[17,52,68],
[39,42,74],
[16,22,86],
[37,49,110],
[12,36,91],
[10,29,120],
[76,111,133],
[70,90,93],
[78,118,124],
[94,107,119],
[85,109,126],
[89,108,123],
[87,116,117],
[103,105,112],
[77,81,95],
[92,100,128],
[71,122,127]],

[[57,124,134],
[28,58,110],
[59,66,96],
[8,61,68],
[26,65,79],
[6,62,101],
[0,22,78],
[10,54,99],
[30,51,74],
[3,45,91],
[16,33,125],
[9,42,126],
[27,56,75],
[55,64,93],
[4,53,129],
[18,49,67],
[41,46,77],
[25,35,97],
[13,60,70],
[36,63,83],
[2,15,109],
[14,40,94],
[23,38,131],
[19,20,120],
[48,50,116],
[39,43,108],
[21,29,92],
[1,52,127],
[12,47,130],
[34,37,69],
[11,17,81],
[32,44,105],
[7,31,86],
[5,24,115],
[71,106,128],
[85,88,132],
[73,113,119],
[89,102,114],
[80,104,121],
[84,103,118],
[82,111,112],
[98,100,107],
[72,76,90],
[87,95,123],
[117,122,133]],

[[47,114,134],
[18,48,100],
[49,56,86],
[51,65,125],
[16,55,69],
[52,63,91],
[12,57,68],
[0,44,89],
[20,41,131],
[35,60,81],
[6,23,115],
[32,66,116],
[17,46,132],
[45,54,83],
[43,61,119],
[8,39,124],
[31,36,67],
[15,25,87],
[3,50,127],
[26,53,73],
[5,59,99],
[4,30,84],
[13,28,121],
[9,10,110],
[38,40,106],
[29,33,98],
[11,19,82],
[42,58,117],
[2,37,120],
[24,27,126],
[1,7,71],
[22,34,95],
[21,64,76],
[14,62,105],
[96,118,128],
[75,78,122],
[103,109,130],
[79,92,104],
[70,94,111],
[74,93,108],
[72,101,102],
[88,90,97],
[80,129,133],
[77,85,113],
[107,112,123]],

[[27,94,134],
[28,65,80],
[29,36,133],
[31,45,105],
[35,63,116],
[32,43,71],
[37,59,115],
[24,47,69],
[0,21,111],
[15,40,128],
[3,53,95],
[12,46,96],
[26,64,112],
[25,34,130],
[23,41,99],
[19,55,104],
[11,16,114],
[5,62,67],
[30,50,107],
[6,33,120],
[39,52,79],
[10,51,131],
[8,60,101],
[56,57,90],
[18,20,86],
[9,13,78],
[58,66,129],
[22,38,97],
[17,49,100],
[4,7,106],
[48,54,118],
[2,14,75],
[1,44,123],
[42,61,85],
[76,98,108],
[102,122,125],
[83,89,110],
[72,84,126],
[74,91,117],
[73,88,121],
[81,82,119],
[68,70,77],
[109,113,127],
[93,124,132],
[87,92,103]],

[[54,121,134],
[25,55,107],
[56,63,93],
[5,58,132],
[23,62,76],
[3,59,98],
[19,64,75],
[7,51,96],
[27,48,71],
[0,42,88],
[13,30,122],
[6,39,123],
[24,53,72],
[52,61,90],
[1,50,126],
[15,46,131],
[38,43,74],
[22,32,94],
[10,57,67],
[33,60,80],
[12,66,106],
[11,37,91],
[20,35,128],
[16,17,117],
[45,47,113],
[36,40,105],
[18,26,89],
[49,65,124],
[9,44,127],
[31,34,133],
[8,14,78],
[29,41,102],
[4,28,83],
[2,21,112],
[68,103,125],
[82,85,129],
[70,110,116],
[86,99,111],
[77,101,118],
[81,100,115],
[79,108,109],
[95,97,104],
[69,73,87],
[84,92,120],
[114,119,130]],

[[41,108,134],
[12,42,94],
[43,50,80],
[45,59,119],
[10,49,130],
[46,57,85],
[6,51,129],
[38,61,83],
[14,35,125],
[29,54,75],
[0,17,109],
[26,60,110],
[11,40,126],
[39,48,77],
[37,55,113],
[2,33,118],
[25,30,128],
[9,19,81],
[44,64,121],
[20,47,67],
[53,66,93],
[24,65,78],
[7,22,115],
[3,4,104],
[32,34,100],
[23,27,92],
[5,13,76],
[36,52,111],
[31,63,114],
[18,21,120],
[1,62,132],
[16,28,89],
[15,58,70],
[8,56,99],
[90,112,122],
[69,72,116],
[97,103,124],
[73,86,98],
[88,105,131],
[68,87,102],
[95,96,133],
[82,84,91],
[74,123,127],
[71,79,107],
[101,106,117]],

[[15,82,134],
[16,53,68],
[17,24,121],
[19,33,93],
[23,51,104],
[20,31,126],
[25,47,103],
[12,35,124],
[9,55,99],
[3,28,116],
[41,58,83],
[0,34,84],
[14,52,100],
[13,22,118],
[11,29,87],
[7,43,92],
[4,66,102],
[50,60,122],
[18,38,95],
[21,61,108],
[27,40,67],
[39,65,119],
[48,63,89],
[44,45,78],
[6,8,74],
[1,64,133],
[46,54,117],
[10,26,85],
[5,37,88],
[59,62,94],
[36,42,106],
[2,57,130],
[32,56,111],
[30,49,73],
[86,96,131],
[90,110,113],
[71,77,98],
[72,114,127],
[79,105,129],
[76,109,128],
[69,70,107],
[123,125,132],
[97,101,115],
[81,112,120],
[75,80,91]],

[[30,97,134],
[1,31,83],
[32,39,69],
[34,48,108],
[38,66,119],
[35,46,74],
[40,62,118],
[27,50,72],
[3,24,114],
[18,43,131],
[6,56,98],
[15,49,99],
[0,29,115],
[28,37,133],
[26,44,102],
[22,58,107],
[14,19,117],
[8,65,70],
[33,53,110],
[9,36,123],
[42,55,82],
[13,54,67],
[11,63,104],
[59,60,93],
[21,23,89],
[12,16,81],
[2,61,132],
[25,41,100],
[20,52,103],
[7,10,109],
[51,57,121],
[5,17,78],
[4,47,126],
[45,64,88],
[79,101,111],
[105,125,128],
[86,92,113],
[75,87,129],
[77,94,120],
[76,91,124],
[84,85,122],
[71,73,80],
[112,116,130],
[68,96,127],
[90,95,106]],

[[60,127,134],
[31,61,113],
[2,62,99],
[11,64,71],
[1,29,82],
[9,65,104],
[3,25,81],
[13,57,102],
[33,54,77],
[6,48,94],
[19,36,128],
[12,45,129],
[30,59,78],
[0,58,96],
[7,56,132],
[21,52,70],
[44,49,80],
[28,38,100],
[16,63,73],
[39,66,86],
[5,18,112],
[17,43,97],
[26,41,67],
[22,23,123],
[51,53,119],
[42,46,111],
[24,32,95],
[4,55,130],
[15,50,133],
[37,40,72],
[14,20,84],
[35,47,108],
[10,34,89],
[8,27,118],
[74,109,131],
[68,88,91],
[76,116,122],
[92,105,117],
[83,107,124],
[87,106,121],
[85,114,115],
[101,103,110],
[75,79,93],
[90,98,126],
[69,120,125]],

[[53,120,134],
[24,54,106],
[55,62,92],
[4,57,131],
[22,61,75],
[2,58,97],
[18,63,74],
[6,50,95],
[26,47,70],
[41,66,87],
[12,29,121],
[5,38,122],
[23,52,71],
[51,60,89],
[0,49,125],
[14,45,130],
[37,42,73],
[21,31,93],
[9,56,133],
[32,59,79],
[11,65,105],
[10,36,90],
[19,34,127],
[15,16,116],
[44,46,112],
[35,39,104],
[17,25,88],
[48,64,123],
[8,43,126],
[30,33,132],
[7,13,77],
[28,40,101],
[3,27,82],
[1,20,111],
[67,102,124],
[81,84,128],
[69,109,115],
[85,98,110],
[76,100,117],
[80,99,114],
[78,107,108],
[94,96,103],
[68,72,86],
[83,91,119],
[113,118,129]],

[[39,106,134],
[10,40,92],
[41,48,78],
[43,57,117],
[8,47,128],
[44,55,83],
[4,49,127],
[36,59,81],
[12,33,123],
[27,52,73],
[15,65,107],
[24,58,108],
[9,38,124],
[37,46,75],
[35,53,111],
[0,31,116],
[23,28,126],
[7,17,79],
[42,62,119],
[18,45,132],
[51,64,91],
[22,63,76],
[5,20,113],
[1,2,102],
[30,32,98],
[21,25,90],
[3,11,74],
[34,50,109],
[29,61,112],
[16,19,118],
[60,66,130],
[14,26,87],
[13,56,68],
[6,54,97],
[88,110,120],
[67,70,114],
[95,101,122],
[71,84,96],
[86,103,129],
[85,100,133],
[93,94,131],
[80,82,89],
[72,121,125],
[69,77,105],
[99,104,115]],

[[11,78,134],
[12,49,131],
[13,20,117],
[15,29,89],
[19,47,100],
[16,27,122],
[21,43,99],
[8,31,120],
[5,51,95],
[24,66,112],
[37,54,79],
[30,63,80],
[10,48,96],
[9,18,114],
[7,25,83],
[3,39,88],
[0,62,98],
[46,56,118],
[14,34,91],
[17,57,104],
[23,36,130],
[35,61,115],
[44,59,85],
[40,41,74],
[2,4,70],
[60,64,129],
[42,50,113],
[6,22,81],
[1,33,84],
[55,58,90],
[32,38,102],
[53,65,126],
[28,52,107],
[26,45,69],
[82,92,127],
[86,106,109],
[67,73,94],
[68,110,123],
[75,101,125],
[72,105,124],
[103,132,133],
[119,121,128],
[93,97,111],
[77,108,116],
[71,76,87]],

[[22,89,134],
[23,60,75],
[24,31,128],
[26,40,100],
[30,58,111],
[27,38,133],
[32,54,110],
[19,42,131],
[16,62,106],
[10,35,123],
[48,65,90],
[7,41,91],
[21,59,107],
[20,29,125],
[18,36,94],
[14,50,99],
[6,11,109],
[0,57,129],
[25,45,102],
[1,28,115],
[34,47,74],
[5,46,126],
[3,55,96],
[51,52,85],
[13,15,81],
[4,8,73],
[53,61,124],
[17,33,92],
[12,44,95],
[2,66,101],
[43,49,113],
[9,64,70],
[39,63,118],
[37,56,80],
[71,93,103],
[97,117,120],
[78,84,105],
[67,79,121],
[69,86,112],
[68,83,116],
[76,77,114],
[72,130,132],
[104,108,122],
[88,119,127],
[82,87,98]],

[[44,111,134],
[15,45,97],
[46,53,83],
[48,62,122],
[13,52,133],
[49,60,88],
[9,54,132],
[41,64,86],
[17,38,128],
[32,57,78],
[3,20,112],
[29,63,113],
[14,43,129],
[42,51,80],
[40,58,116],
[5,36,121],
[28,33,131],
[12,22,84],
[0,47,124],
[23,50,70],
[2,56,96],
[1,27,81],
[10,25,118],
[6,7,107],
[35,37,103],
[26,30,95],
[8,16,79],
[39,55,114],
[34,66,117],
[21,24,123],
[4,65,68],
[19,31,92],
[18,61,73],
[11,59,102],
[93,115,125],
[72,75,119],
[100,106,127],
[76,89,101],
[67,91,108],
[71,90,105],
[69,98,99],
[85,87,94],
[77,126,130],
[74,82,110],
[104,109,120]],

[[21,88,134],
[22,59,74],
[23,30,127],
[25,39,99],
[29,57,110],
[26,37,132],
[31,53,109],
[18,41,130],
[15,61,105],
[9,34,122],
[47,64,89],
[6,40,90],
[20,58,106],
[19,28,124],
[17,35,93],
[13,49,98],
[5,10,108],
[56,66,128],
[24,44,101],
[0,27,114],
[33,46,73],
[4,45,125],
[2,54,95],
[50,51,84],
[12,14,80],
[3,7,72],
[52,60,123],
[16,32,91],
[11,43,94],
[1,65,100],
[42,48,112],
[8,63,69],
[38,62,117],
[36,55,79],
[70,92,102],
[96,116,119],
[77,83,104],
[78,120,133],
[68,85,111],
[67,82,115],
[75,76,113],
[71,129,131],
[103,107,121],
[87,118,126],
[81,86,97]],

[[42,109,134],
[13,43,95],
[44,51,81],
[46,60,120],
[11,50,131],
[47,58,86],
[7,52,130],
[39,62,84],
[15,36,126],
[30,55,76],
[1,18,110],
[27,61,111],
[12,41,127],
[40,49,78],
[38,56,114],
[3,34,119],
[26,31,129],
[10,20,82],
[45,65,122],
[21,48,68],
[0,54,94],
[25,66,79],
[8,23,116],
[4,5,105],
[33,35,101],
[24,28,93],
[6,14,77],
[37,53,112],
[32,64,115],
[19,22,121],
[2,63,133],
[17,29,90],
[16,59,71],
[9,57,100],
[91,113,123],
[70,73,117],
[98,104,125],
[74,87,99],
[89,106,132],
[69,88,103],
[67,96,97],
[83,85,92],
[75,124,128],
[72,80,108],
[102,107,118]],

[[17,84,134],
[18,55,70],
[19,26,123],
[21,35,95],
[25,53,106],
[22,33,128],
[27,49,105],
[14,37,126],
[11,57,101],
[5,30,118],
[43,60,85],
[2,36,86],
[16,54,102],
[15,24,120],
[13,31,89],
[9,45,94],
[1,6,104],
[52,62,124],
[20,40,97],
[23,63,110],
[29,42,69],
[0,41,121],
[50,65,91],
[46,47,80],
[8,10,76],
[3,66,68],
[48,56,119],
[12,28,87],
[7,39,90],
[61,64,96],
[38,44,108],
[4,59,132],
[34,58,113],
[32,51,75],
[88,98,133],
[92,112,115],
[73,79,100],
[74,116,129],
[81,107,131],
[78,111,130],
[71,72,109],
[67,125,127],
[99,103,117],
[83,114,122],
[77,82,93]],

[[34,101,134],
[5,35,87],
[36,43,73],
[38,52,112],
[3,42,123],
[39,50,78],
[44,66,122],
[31,54,76],
[7,28,118],
[22,47,68],
[10,60,102],
[19,53,103],
[4,33,119],
[32,41,70],
[30,48,106],
[26,62,111],
[18,23,121],
[2,12,74],
[37,57,114],
[13,40,127],
[46,59,86],
[17,58,71],
[0,15,108],
[63,64,97],
[25,27,93],
[16,20,85],
[6,65,69],
[29,45,104],
[24,56,107],
[11,14,113],
[55,61,125],
[9,21,82],
[8,51,130],
[1,49,92],
[83,105,115],
[109,129,132],
[90,96,117],
[79,91,133],
[81,98,124],
[80,95,128],
[88,89,126],
[75,77,84],
[67,116,120],
[72,100,131],
[94,99,110]]

]
