[[[0,29,58,87],
[1,30,60,90],
[2,31,62,93,118],
[3,32,64,96,122],
[4,33,66,99,126],
[5,34,68,102,130],
[6,35,70,105,134],
[7,36,72,108,138],
[8,37,74,111],
[9,38,76,114,117],
[10,39,78,88,121],
[11,40,80,91,125],
[12,41,82,94,129],
[13,42,84,97,133],
[14,43,86,100,137],
[15,44,59,103],
[16,45,61,106,116],
[17,46,63,109,120],
[18,47,65,112,124],
[19,48,67,115,128],
[20,49,69,89,132],
[21,50,71,92,136],
[22,51,73,95],
[23,52,75,98],
[24,53,77,101,119],
[25,54,79,104,123],
[26,55,81,107,127],
[27,56,83,110,131],
[28,57,85,113,135]],

[[0,30,59,88],
[1,31,61,91],
[2,32,63,94,119],
[3,33,65,97,123],
[4,34,67,100,127],
[5,35,69,103,131],
[6,36,71,106,135],
[7,37,73,109],
[8,38,75,112],
[9,39,77,115,118],
[10,40,79,89,122],
[11,41,81,92,126],
[12,42,83,95,130],
[13,43,85,98,134],
[14,44,58,101,138],
[15,45,60,104],
[16,46,62,107,117],
[17,47,64,110,121],
[18,48,66,113,125],
[19,49,68,87,129],
[20,50,70,90,133],
[21,51,72,93,137],
[22,52,74,96],
[23,53,76,99,116],
[24,54,78,102,120],
[25,55,80,105,124],
[26,56,82,108,128],
[27,57,84,111,132],
[28,29,86,114,136]],

[[0,31,60,89],
[1,32,62,92,116],
[2,33,64,95,120],
[3,34,66,98,124],
[4,35,68,101,128],
[5,36,70,104,132],
[6,37,72,107,136],
[7,38,74,110],
[8,39,76,113],
[9,40,78,87,119],
[10,41,80,90,123],
[11,42,82,93,127],
[12,43,84,96,131],
[13,44,86,99,135],
[14,45,59,102],
[15,46,61,105],
[16,47,63,108,118],
[17,48,65,111,122],
[18,49,67,114,126],
[19,50,69,88,130],
[20,51,71,91,134],
[21,52,73,94,138],
[22,53,75,97],
[23,54,77,100,117],
[24,55,79,103,121],
[25,56,81,106,125],
[26,57,83,109,129],
[27,29,85,112,133],
[28,30,58,115,137]],

[[0,32,61,90],
[1,33,63,93,117],
[2,34,65,96,121],
[3,35,67,99,125],
[4,36,69,102,129],
[5,37,71,105,133],
[6,38,73,108,137],
[7,39,75,111],
[8,40,77,114,116],
[9,41,79,88,120],
[10,42,81,91,124],
[11,43,83,94,128],
[12,44,85,97,132],
[13,45,58,100,136],
[14,46,60,103],
[15,47,62,106],
[16,48,64,109,119],
[17,49,66,112,123],
[18,50,68,115,127],
[19,51,70,89,131],
[20,52,72,92,135],
[21,53,74,95],
[22,54,76,98],
[23,55,78,101,118],
[24,56,80,104,122],
[25,57,82,107,126],
[26,29,84,110,130],
[27,30,86,113,134],
[28,31,59,87,138]],

[[0,33,62,91],
[1,34,64,94,118],
[2,35,66,97,122],
[3,36,68,100,126],
[4,37,70,103,130],
[5,38,72,106,134],
[6,39,74,109,138],
[7,40,76,112],
[8,41,78,115,117],
[9,42,80,89,121],
[10,43,82,92,125],
[11,44,84,95,129],
[12,45,86,98,133],
[13,46,59,101,137],
[14,47,61,104],
[15,48,63,107,116],
[16,49,65,110,120],
[17,50,67,113,124],
[18,51,69,87,128],
[19,52,71,90,132],
[20,53,73,93,136],
[21,54,75,96],
[22,55,77,99],
[23,56,79,102,119],
[24,57,81,105,123],
[25,29,83,108,127],
[26,30,85,111,131],
[27,31,58,114,135],
[28,32,60,88]],

[[0,34,63,92],
[1,35,65,95,119],
[2,36,67,98,123],
[3,37,69,101,127],
[4,38,71,104,131],
[5,39,73,107,135],
[6,40,75,110],
[7,41,77,113],
[8,42,79,87,118],
[9,43,81,90,122],
[10,44,83,93,126],
[11,45,85,96,130],
[12,46,58,99,134],
[13,47,60,102,138],
[14,48,62,105],
[15,49,64,108,117],
[16,50,66,111,121],
[17,51,68,114,125],
[18,52,70,88,129],
[19,53,72,91,133],
[20,54,74,94,137],
[21,55,76,97],
[22,56,78,100,116],
[23,57,80,103,120],
[24,29,82,106,124],
[25,30,84,109,128],
[26,31,86,112,132],
[27,32,59,115,136],
[28,33,61,89]],

[[0,35,64,93,116],
[1,36,66,96,120],
[2,37,68,99,124],
[3,38,70,102,128],
[4,39,72,105,132],
[5,40,74,108,136],
[6,41,76,111],
[7,42,78,114],
[8,43,80,88,119],
[9,44,82,91,123],
[10,45,84,94,127],
[11,46,86,97,131],
[12,47,59,100,135],
[13,48,61,103],
[14,49,63,106],
[15,50,65,109,118],
[16,51,67,112,122],
[17,52,69,115,126],
[18,53,71,89,130],
[19,54,73,92,134],
[20,55,75,95,138],
[21,56,77,98],
[22,57,79,101,117],
[23,29,81,104,121],
[24,30,83,107,125],
[25,31,85,110,129],
[26,32,58,113,133],
[27,33,60,87,137],
[28,34,62,90]],

[[0,36,65,94,117],
[1,37,67,97,121],
[2,38,69,100,125],
[3,39,71,103,129],
[4,40,73,106,133],
[5,41,75,109,137],
[6,42,77,112],
[7,43,79,115,116],
[8,44,81,89,120],
[9,45,83,92,124],
[10,46,85,95,128],
[11,47,58,98,132],
[12,48,60,101,136],
[13,49,62,104],
[14,50,64,107],
[15,51,66,110,119],
[16,52,68,113,123],
[17,53,70,87,127],
[18,54,72,90,131],
[19,55,74,93,135],
[20,56,76,96],
[21,57,78,99],
[22,29,80,102,118],
[23,30,82,105,122],
[24,31,84,108,126],
[25,32,86,111,130],
[26,33,59,114,134],
[27,34,61,88,138],
[28,35,63,91]],

[[0,37,66,95,118],
[1,38,68,98,122],
[2,39,70,101,126],
[3,40,72,104,130],
[4,41,74,107,134],
[5,42,76,110,138],
[6,43,78,113],
[7,44,80,87,117],
[8,45,82,90,121],
[9,46,84,93,125],
[10,47,86,96,129],
[11,48,59,99,133],
[12,49,61,102,137],
[13,50,63,105],
[14,51,65,108,116],
[15,52,67,111,120],
[16,53,69,114,124],
[17,54,71,88,128],
[18,55,73,91,132],
[19,56,75,94,136],
[20,57,77,97],
[21,29,79,100],
[22,30,81,103,119],
[23,31,83,106,123],
[24,32,85,109,127],
[25,33,58,112,131],
[26,34,60,115,135],
[27,35,62,89],
[28,36,64,92]],

[[0,38,67,96,119],
[1,39,69,99,123],
[2,40,71,102,127],
[3,41,73,105,131],
[4,42,75,108,135],
[5,43,77,111],
[6,44,79,114],
[7,45,81,88,118],
[8,46,83,91,122],
[9,47,85,94,126],
[10,48,58,97,130],
[11,49,60,100,134],
[12,50,62,103,138],
[13,51,64,106],
[14,52,66,109,117],
[15,53,68,112,121],
[16,54,70,115,125],
[17,55,72,89,129],
[18,56,74,92,133],
[19,57,76,95,137],
[20,29,78,98],
[21,30,80,101,116],
[22,31,82,104,120],
[23,32,84,107,124],
[24,33,86,110,128],
[25,34,59,113,132],
[26,35,61,87,136],
[27,36,63,90],
[28,37,65,93]],

[[0,39,68,97,120],
[1,40,70,100,124],
[2,41,72,103,128],
[3,42,74,106,132],
[4,43,76,109,136],
[5,44,78,112],
[6,45,80,115],
[7,46,82,89,119],
[8,47,84,92,123],
[9,48,86,95,127],
[10,49,59,98,131],
[11,50,61,101,135],
[12,51,63,104],
[13,52,65,107],
[14,53,67,110,118],
[15,54,69,113,122],
[16,55,71,87,126],
[17,56,73,90,130],
[18,57,75,93,134],
[19,29,77,96,138],
[20,30,79,99],
[21,31,81,102,117],
[22,32,83,105,121],
[23,33,85,108,125],
[24,34,58,111,129],
[25,35,60,114,133],
[26,36,62,88,137],
[27,37,64,91],
[28,38,66,94,116]],

[[0,40,69,98,121],
[1,41,71,101,125],
[2,42,73,104,129],
[3,43,75,107,133],
[4,44,77,110,137],
[5,45,79,113],
[6,46,81,87,116],
[7,47,83,90,120],
[8,48,85,93,124],
[9,49,58,96,128],
[10,50,60,99,132],
[11,51,62,102,136],
[12,52,64,105],
[13,53,66,108],
[14,54,68,111,119],
[15,55,70,114,123],
[16,56,72,88,127],
[17,57,74,91,131],
[18,29,76,94,135],
[19,30,78,97],
[20,31,80,100],
[21,32,82,103,118],
[22,33,84,106,122],
[23,34,86,109,126],
[24,35,59,112,130],
[25,36,61,115,134],
[26,37,63,89,138],
[27,38,65,92],
[28,39,67,95,117]],

[[0,41,70,99,122],
[1,42,72,102,126],
[2,43,74,105,130],
[3,44,76,108,134],
[4,45,78,111,138],
[5,46,80,114],
[6,47,82,88,117],
[7,48,84,91,121],
[8,49,86,94,125],
[9,50,59,97,129],
[10,51,61,100,133],
[11,52,63,103,137],
[12,53,65,106],
[13,54,67,109,116],
[14,55,69,112,120],
[15,56,71,115,124],
[16,57,73,89,128],
[17,29,75,92,132],
[18,30,77,95,136],
[19,31,79,98],
[20,32,81,101],
[21,33,83,104,119],
[22,34,85,107,123],
[23,35,58,110,127],
[24,36,60,113,131],
[25,37,62,87,135],
[26,38,64,90],
[27,39,66,93],
[28,40,68,96,118]],

[[0,42,71,100,123],
[1,43,73,103,127],
[2,44,75,106,131],
[3,45,77,109,135],
[4,46,79,112],
[5,47,81,115],
[6,48,83,89,118],
[7,49,85,92,122],
[8,50,58,95,126],
[9,51,60,98,130],
[10,52,62,101,134],
[11,53,64,104,138],
[12,54,66,107],
[13,55,68,110,117],
[14,56,70,113,121],
[15,57,72,87,125],
[16,29,74,90,129],
[17,30,76,93,133],
[18,31,78,96,137],
[19,32,80,99],
[20,33,82,102,116],
[21,34,84,105,120],
[22,35,86,108,124],
[23,36,59,111,128],
[24,37,61,114,132],
[25,38,63,88,136],
[26,39,65,91],
[27,40,67,94],
[28,41,69,97,119]],

[[0,43,72,101,124],
[1,44,74,104,128],
[2,45,76,107,132],
[3,46,78,110,136],
[4,47,80,113],
[5,48,82,87],
[6,49,84,90,119],
[7,50,86,93,123],
[8,51,59,96,127],
[9,52,61,99,131],
[10,53,63,102,135],
[11,54,65,105],
[12,55,67,108],
[13,56,69,111,118],
[14,57,71,114,122],
[15,29,73,88,126],
[16,30,75,91,130],
[17,31,77,94,134],
[18,32,79,97,138],
[19,33,81,100],
[20,34,83,103,117],
[21,35,85,106,121],
[22,36,58,109,125],
[23,37,60,112,129],
[24,38,62,115,133],
[25,39,64,89,137],
[26,40,66,92],
[27,41,68,95,116],
[28,42,70,98,120]],

[[0,44,73,102,125],
[1,45,75,105,129],
[2,46,77,108,133],
[3,47,79,111,137],
[4,48,81,114],
[5,49,83,88,116],
[6,50,85,91,120],
[7,51,58,94,124],
[8,52,60,97,128],
[9,53,62,100,132],
[10,54,64,103,136],
[11,55,66,106],
[12,56,68,109],
[13,57,70,112,119],
[14,29,72,115,123],
[15,30,74,89,127],
[16,31,76,92,131],
[17,32,78,95,135],
[18,33,80,98],
[19,34,82,101],
[20,35,84,104,118],
[21,36,86,107,122],
[22,37,59,110,126],
[23,38,61,113,130],
[24,39,63,87,134],
[25,40,65,90,138],
[26,41,67,93],
[27,42,69,96,117],
[28,43,71,99,121]],

[[0,45,74,103,126],
[1,46,76,106,130],
[2,47,78,109,134],
[3,48,80,112,138],
[4,49,82,115],
[5,50,84,89,117],
[6,51,86,92,121],
[7,52,59,95,125],
[8,53,61,98,129],
[9,54,63,101,133],
[10,55,65,104,137],
[11,56,67,107],
[12,57,69,110,116],
[13,29,71,113,120],
[14,30,73,87,124],
[15,31,75,90,128],
[16,32,77,93,132],
[17,33,79,96,136],
[18,34,81,99],
[19,35,83,102],
[20,36,85,105,119],
[21,37,58,108,123],
[22,38,60,111,127],
[23,39,62,114,131],
[24,40,64,88,135],
[25,41,66,91],
[26,42,68,94],
[27,43,70,97,118],
[28,44,72,100,122]],

[[0,46,75,104,127],
[1,47,77,107,131],
[2,48,79,110,135],
[3,49,81,113],
[4,50,83,87],
[5,51,85,90,118],
[6,52,58,93,122],
[7,53,60,96,126],
[8,54,62,99,130],
[9,55,64,102,134],
[10,56,66,105,138],
[11,57,68,108],
[12,29,70,111,117],
[13,30,72,114,121],
[14,31,74,88,125],
[15,32,76,91,129],
[16,33,78,94,133],
[17,34,80,97,137],
[18,35,82,100],
[19,36,84,103,116],
[20,37,86,106,120],
[21,38,59,109,124],
[22,39,61,112,128],
[23,40,63,115,132],
[24,41,65,89,136],
[25,42,67,92],
[26,43,69,95],
[27,44,71,98,119],
[28,45,73,101,123]],

[[0,47,76,105,128],
[1,48,78,108,132],
[2,49,80,111,136],
[3,50,82,114],
[4,51,84,88],
[5,52,86,91,119],
[6,53,59,94,123],
[7,54,61,97,127],
[8,55,63,100,131],
[9,56,65,103,135],
[10,57,67,106],
[11,29,69,109],
[12,30,71,112,118],
[13,31,73,115,122],
[14,32,75,89,126],
[15,33,77,92,130],
[16,34,79,95,134],
[17,35,81,98,138],
[18,36,83,101],
[19,37,85,104,117],
[20,38,58,107,121],
[21,39,60,110,125],
[22,40,62,113,129],
[23,41,64,87,133],
[24,42,66,90,137],
[25,43,68,93],
[26,44,70,96,116],
[27,45,72,99,120],
[28,46,74,102,124]],

[[0,48,77,106,129],
[1,49,79,109,133],
[2,50,81,112,137],
[3,51,83,115],
[4,52,85,89,116],
[5,53,58,92,120],
[6,54,60,95,124],
[7,55,62,98,128],
[8,56,64,101,132],
[9,57,66,104,136],
[10,29,68,107],
[11,30,70,110],
[12,31,72,113,119],
[13,32,74,87,123],
[14,33,76,90,127],
[15,34,78,93,131],
[16,35,80,96,135],
[17,36,82,99],
[18,37,84,102],
[19,38,86,105,118],
[20,39,59,108,122],
[21,40,61,111,126],
[22,41,63,114,130],
[23,42,65,88,134],
[24,43,67,91,138],
[25,44,69,94],
[26,45,71,97,117],
[27,46,73,100,121],
[28,47,75,103,125]],

[[0,49,78,107,130],
[1,50,80,110,134],
[2,51,82,113,138],
[3,52,84,87],
[4,53,86,90,117],
[5,54,59,93,121],
[6,55,61,96,125],
[7,56,63,99,129],
[8,57,65,102,133],
[9,29,67,105,137],
[10,30,69,108],
[11,31,71,111,116],
[12,32,73,114,120],
[13,33,75,88,124],
[14,34,77,91,128],
[15,35,79,94,132],
[16,36,81,97,136],
[17,37,83,100],
[18,38,85,103],
[19,39,58,106,119],
[20,40,60,109,123],
[21,41,62,112,127],
[22,42,64,115,131],
[23,43,66,89,135],
[24,44,68,92],
[25,45,70,95],
[26,46,72,98,118],
[27,47,74,101,122],
[28,48,76,104,126]],

[[0,50,79,108,131],
[1,51,81,111,135],
[2,52,83,114],
[3,53,85,88],
[4,54,58,91,118],
[5,55,60,94,122],
[6,56,62,97,126],
[7,57,64,100,130],
[8,29,66,103,134],
[9,30,68,106,138],
[10,31,70,109],
[11,32,72,112,117],
[12,33,74,115,121],
[13,34,76,89,125],
[14,35,78,92,129],
[15,36,80,95,133],
[16,37,82,98,137],
[17,38,84,101],
[18,39,86,104,116],
[19,40,59,107,120],
[20,41,61,110,124],
[21,42,63,113,128],
[22,43,65,87,132],
[23,44,67,90,136],
[24,45,69,93],
[25,46,71,96],
[26,47,73,99,119],
[27,48,75,102,123],
[28,49,77,105,127]],

[[0,51,80,109,132],
[1,52,82,112,136],
[2,53,84,115],
[3,54,86,89],
[4,55,59,92,119],
[5,56,61,95,123],
[6,57,63,98,127],
[7,29,65,101,131],
[8,30,67,104,135],
[9,31,69,107],
[10,32,71,110],
[11,33,73,113,118],
[12,34,75,87,122],
[13,35,77,90,126],
[14,36,79,93,130],
[15,37,81,96,134],
[16,38,83,99,138],
[17,39,85,102],
[18,40,58,105,117],
[19,41,60,108,121],
[20,42,62,111,125],
[21,43,64,114,129],
[22,44,66,88,133],
[23,45,68,91,137],
[24,46,70,94],
[25,47,72,97,116],
[26,48,74,100,120],
[27,49,76,103,124],
[28,50,78,106,128]],

[[0,52,81,110,133],
[1,53,83,113,137],
[2,54,85,87],
[3,55,58,90,116],
[4,56,60,93,120],
[5,57,62,96,124],
[6,29,64,99,128],
[7,30,66,102,132],
[8,31,68,105,136],
[9,32,70,108],
[10,33,72,111],
[11,34,74,114,119],
[12,35,76,88,123],
[13,36,78,91,127],
[14,37,80,94,131],
[15,38,82,97,135],
[16,39,84,100],
[17,40,86,103],
[18,41,59,106,118],
[19,42,61,109,122],
[20,43,63,112,126],
[21,44,65,115,130],
[22,45,67,89,134],
[23,46,69,92,138],
[24,47,71,95],
[25,48,73,98,117],
[26,49,75,101,121],
[27,50,77,104,125],
[28,51,79,107,129]],

[[0,53,82,111,134],
[1,54,84,114,138],
[2,55,86,88],
[3,56,59,91,117],
[4,57,61,94,121],
[5,29,63,97,125],
[6,30,65,100,129],
[7,31,67,103,133],
[8,32,69,106,137],
[9,33,71,109],
[10,34,73,112,116],
[11,35,75,115,120],
[12,36,77,89,124],
[13,37,79,92,128],
[14,38,81,95,132],
[15,39,83,98,136],
[16,40,85,101],
[17,41,58,104],
[18,42,60,107,119],
[19,43,62,110,123],
[20,44,64,113,127],
[21,45,66,87,131],
[22,46,68,90,135],
[23,47,70,93],
[24,48,72,96],
[25,49,74,99,118],
[26,50,76,102,122],
[27,51,78,105,126],
[28,52,80,108,130]],

[[0,54,83,112,135],
[1,55,85,115],
[2,56,58,89],
[3,57,60,92,118],
[4,29,62,95,122],
[5,30,64,98,126],
[6,31,66,101,130],
[7,32,68,104,134],
[8,33,70,107,138],
[9,34,72,110],
[10,35,74,113,117],
[11,36,76,87,121],
[12,37,78,90,125],
[13,38,80,93,129],
[14,39,82,96,133],
[15,40,84,99,137],
[16,41,86,102],
[17,42,59,105,116],
[18,43,61,108,120],
[19,44,63,111,124],
[20,45,65,114,128],
[21,46,67,88,132],
[22,47,69,91,136],
[23,48,71,94],
[24,49,73,97],
[25,50,75,100,119],
[26,51,77,103,123],
[27,52,79,106,127],
[28,53,81,109,131]],

[[0,55,84,113,136],
[1,56,86,87],
[2,57,59,90],
[3,29,61,93,119],
[4,30,63,96,123],
[5,31,65,99,127],
[6,32,67,102,131],
[7,33,69,105,135],
[8,34,71,108],
[9,35,73,111],
[10,36,75,114,118],
[11,37,77,88,122],
[12,38,79,91,126],
[13,39,81,94,130],
[14,40,83,97,134],
[15,41,85,100,138],
[16,42,58,103],
[17,43,60,106,117],
[18,44,62,109,121],
[19,45,64,112,125],
[20,46,66,115,129],
[21,47,68,89,133],
[22,48,70,92,137],
[23,49,72,95],
[24,50,74,98,116],
[25,51,76,101,120],
[26,52,78,104,124],
[27,53,80,107,128],
[28,54,82,110,132]],

[[0,56,85,114,137],
[1,57,58,88],
[2,29,60,91,116],
[3,30,62,94,120],
[4,31,64,97,124],
[5,32,66,100,128],
[6,33,68,103,132],
[7,34,70,106,136],
[8,35,72,109],
[9,36,74,112],
[10,37,76,115,119],
[11,38,78,89,123],
[12,39,80,92,127],
[13,40,82,95,131],
[14,41,84,98,135],
[15,42,86,101],
[16,43,59,104],
[17,44,61,107,118],
[18,45,63,110,122],
[19,46,65,113,126],
[20,47,67,87,130],
[21,48,69,90,134],
[22,49,71,93,138],
[23,50,73,96],
[24,51,75,99,117],
[25,52,77,102,121],
[26,53,79,105,125],
[27,54,81,108,129],
[28,55,83,111,133]],

[[0,57,86,115,138],
[1,29,59,89],
[2,30,61,92,117],
[3,31,63,95,121],
[4,32,65,98,125],
[5,33,67,101,129],
[6,34,69,104,133],
[7,35,71,107,137],
[8,36,73,110],
[9,37,75,113,116],
[10,38,77,87,120],
[11,39,79,90,124],
[12,40,81,93,128],
[13,41,83,96,132],
[14,42,85,99,136],
[15,43,58,102],
[16,44,60,105],
[17,45,62,108,119],
[18,46,64,111,123],
[19,47,66,114,127],
[20,48,68,88,131],
[21,49,70,91,135],
[22,50,72,94],
[23,51,74,97],
[24,52,76,100,118],
[25,53,78,103,122],
[26,54,80,106,126],
[27,55,82,109,130],
[28,56,84,112,134]]

]
