[[[0,1,2,3,4,5],
[6,7,8,9,10,11],
[12,13,14,15,16,17],
[18,19,20,21,22,23],
[24,25,26,27,28],
[29,30,31,32,33],
[34,35,36,37,38],
[39,40,41,42,43],
[44,45,46,47,48],
[49,50,51,52,53],
[54,55,56,57,58],
[59,60,61,62,63],
[64,65,66,67,68],
[69,70,71,72,73],
[74,75,76,77,78],
[79,80,81,82,83],
[84,85,86,87,88],
[89,90,91,92,93],
[94,95,96,97,98],
[99,100,101,102,103],
[104,105,106,107,108],
[109,110,111,112,113],
[114,115,116,117,118],
[119,120,121,122,123],
[124,125,126,127,128],
[129,130,131,132,133]],

[[0,7,14,21,27,33],
[6,13,20,26,32,38],
[12,19,25,31,37,43],
[18,24,30,36,42,48],
[29,35,41,47,53],
[34,40,46,52,58],
[39,45,51,57,63],
[44,50,56,62,68],
[49,55,61,67,73],
[54,60,66,72,78],
[59,65,71,77,83],
[64,70,76,82,88],
[69,75,81,87,93],
[74,80,86,92,98],
[79,85,91,97,103],
[84,90,96,102,108],
[89,95,101,107,113],
[94,100,106,112,118],
[99,105,111,117,123],
[104,110,116,122,128],
[109,115,121,127,133],
[5,114,120,126,132],
[4,11,119,125,131],
[3,10,17,124,130],
[2,9,16,23,129],
[1,8,15,22,28]],

[[0,8,13,23,31,42],
[6,14,19,28,36,47],
[12,20,24,33,41,52],
[18,25,29,38,46,57],
[30,34,43,51,62],
[35,39,48,56,67],
[40,44,53,61,72],
[45,49,58,66,77],
[50,54,63,71,82],
[55,59,68,76,87],
[60,64,73,81,92],
[65,69,78,86,97],
[70,74,83,91,102],
[75,79,88,96,107],
[80,84,93,101,112],
[85,89,98,106,117],
[90,94,103,111,122],
[95,99,108,116,127],
[100,104,113,121,132],
[4,105,109,118,126],
[10,110,114,123,131],
[3,16,115,119,128],
[9,22,120,124,133],
[5,15,27,125,129],
[1,11,21,32,130],
[2,7,17,26,37]],

[[0,9,17,19,30,52],
[6,15,23,24,35,57],
[12,21,28,29,40,62],
[18,26,33,34,45,67],
[31,38,39,50,72],
[36,43,44,55,77],
[41,48,49,60,82],
[46,53,54,65,87],
[51,58,59,70,92],
[56,63,64,75,97],
[61,68,69,80,102],
[66,73,74,85,107],
[71,78,79,90,112],
[76,83,84,95,117],
[81,88,89,100,122],
[86,93,94,105,127],
[91,98,99,110,132],
[4,96,103,104,115],
[10,101,108,109,120],
[16,106,113,114,125],
[22,111,118,119,130],
[2,27,116,123,124],
[8,32,121,128,129],
[1,14,37,126,133],
[5,7,20,42,131],
[3,11,13,25,47]],

[[0,10,15,20,29,43],
[6,16,21,25,34,48],
[12,22,26,30,39,53],
[18,27,31,35,44,58],
[32,36,40,49,63],
[37,41,45,54,68],
[42,46,50,59,73],
[47,51,55,64,78],
[52,56,60,69,83],
[57,61,65,74,88],
[62,66,70,79,93],
[67,71,75,84,98],
[72,76,80,89,103],
[77,81,85,94,108],
[82,86,90,99,113],
[87,91,95,104,118],
[92,96,100,109,123],
[97,101,105,114,128],
[102,106,110,119,133],
[5,107,111,115,124],
[11,112,116,120,129],
[1,17,117,121,125],
[7,23,122,126,130],
[2,13,28,127,131],
[3,8,19,33,132],
[4,9,14,24,38]],

[[0,11,16,24,40,51],
[6,17,22,29,45,56],
[12,23,27,34,50,61],
[18,28,32,39,55,66],
[33,37,44,60,71],
[38,42,49,65,76],
[43,47,54,70,81],
[48,52,59,75,86],
[53,57,64,80,91],
[58,62,69,85,96],
[63,67,74,90,101],
[68,72,79,95,106],
[73,77,84,100,111],
[78,82,89,105,116],
[83,87,94,110,121],
[88,92,99,115,126],
[93,97,104,120,131],
[3,98,102,109,125],
[9,103,107,114,130],
[2,15,108,112,119],
[8,21,113,117,124],
[14,26,118,122,129],
[1,20,31,123,127],
[7,25,36,128,132],
[4,13,30,41,133],
[5,10,19,35,46]],

[[0,22,25,41,44,63],
[6,27,30,46,49,68],
[12,32,35,51,54,73],
[18,37,40,56,59,78],
[42,45,61,64,83],
[47,50,66,69,88],
[52,55,71,74,93],
[57,60,76,79,98],
[62,65,81,84,103],
[67,70,86,89,108],
[72,75,91,94,113],
[77,80,96,99,118],
[82,85,101,104,123],
[87,90,106,109,128],
[92,95,111,114,133],
[5,97,100,116,119],
[11,102,105,121,124],
[17,107,110,126,129],
[1,23,112,115,131],
[3,7,28,117,120],
[9,13,33,122,125],
[15,19,38,127,130],
[2,21,24,43,132],
[4,8,26,29,48],
[10,14,31,34,53],
[16,20,36,39,58]],

[[0,26,35,49,62,78],
[6,31,40,54,67,83],
[12,36,45,59,72,88],
[18,41,50,64,77,93],
[46,55,69,82,98],
[51,60,74,87,103],
[56,65,79,92,108],
[61,70,84,97,113],
[66,75,89,102,118],
[71,80,94,107,123],
[76,85,99,112,128],
[81,90,104,117,133],
[5,86,95,109,122],
[11,91,100,114,127],
[17,96,105,119,132],
[4,23,101,110,124],
[10,28,106,115,129],
[1,16,33,111,120],
[7,22,38,116,125],
[13,27,43,121,130],
[2,19,32,48,126],
[8,24,37,53,131],
[3,14,29,42,58],
[9,20,34,47,63],
[15,25,39,52,68],
[21,30,44,57,73]],

[[0,28,34,56,70,77],
[6,33,39,61,75,82],
[12,38,44,66,80,87],
[18,43,49,71,85,92],
[48,54,76,90,97],
[53,59,81,95,102],
[58,64,86,100,107],
[63,69,91,105,112],
[68,74,96,110,117],
[73,79,101,115,122],
[78,84,106,120,127],
[83,89,111,125,132],
[4,88,94,116,130],
[2,10,93,99,121],
[8,16,98,104,126],
[14,22,103,109,131],
[3,20,27,108,114],
[9,25,32,113,119],
[15,30,37,118,124],
[21,35,42,123,129],
[1,26,40,47,128],
[7,31,45,52,133],
[5,13,36,50,57],
[11,19,41,55,62],
[17,24,46,60,67],
[23,29,51,65,72]],

[[0,32,45,53,69,76],
[6,37,50,58,74,81],
[12,42,55,63,79,86],
[18,47,60,68,84,91],
[52,65,73,89,96],
[57,70,78,94,101],
[62,75,83,99,106],
[67,80,88,104,111],
[72,85,93,109,116],
[77,90,98,114,121],
[82,95,103,119,126],
[87,100,108,124,131],
[3,92,105,113,129],
[1,9,97,110,118],
[7,15,102,115,123],
[13,21,107,120,128],
[19,26,112,125,133],
[5,24,31,117,130],
[2,11,29,36,122],
[8,17,34,41,127],
[14,23,39,46,132],
[4,20,28,44,51],
[10,25,33,49,56],
[16,30,38,54,61],
[22,35,43,59,66],
[27,40,48,64,71]],

[[0,36,54,75,92,103],
[6,41,59,80,97,108],
[12,46,64,85,102,113],
[18,51,69,90,107,118],
[56,74,95,112,123],
[61,79,100,117,128],
[66,84,105,122,133],
[5,71,89,110,127],
[11,76,94,115,132],
[4,17,81,99,120],
[10,23,86,104,125],
[16,28,91,109,130],
[2,22,33,96,114],
[8,27,38,101,119],
[14,32,43,106,124],
[20,37,48,111,129],
[1,25,42,53,116],
[7,30,47,58,121],
[13,35,52,63,126],
[19,40,57,68,131],
[3,24,45,62,73],
[9,29,50,67,78],
[15,34,55,72,83],
[21,39,60,77,88],
[26,44,65,82,93],
[31,49,70,87,98]],

[[0,37,39,65,91,123],
[6,42,44,70,96,128],
[12,47,49,75,101,133],
[5,18,52,54,80,106],
[11,57,59,85,111],
[17,62,64,90,116],
[23,67,69,95,121],
[28,72,74,100,126],
[33,77,79,105,131],
[3,38,82,84,110],
[9,43,87,89,115],
[15,48,92,94,120],
[21,53,97,99,125],
[26,58,102,104,130],
[2,31,63,107,109],
[8,36,68,112,114],
[14,41,73,117,119],
[20,46,78,122,124],
[25,51,83,127,129],
[1,30,56,88,132],
[4,7,35,61,93],
[10,13,40,66,98],
[16,19,45,71,103],
[22,24,50,76,108],
[27,29,55,81,113],
[32,34,60,86,118]],

[[0,38,47,59,90,126],
[6,43,52,64,95,131],
[3,12,48,57,69,100],
[9,18,53,62,74,105],
[15,58,67,79,110],
[21,63,72,84,115],
[26,68,77,89,120],
[31,73,82,94,125],
[36,78,87,99,130],
[2,41,83,92,104],
[8,46,88,97,109],
[14,51,93,102,114],
[20,56,98,107,119],
[25,61,103,112,124],
[30,66,108,117,129],
[1,35,71,113,122],
[7,40,76,118,127],
[13,45,81,123,132],
[4,19,50,86,128],
[10,24,55,91,133],
[5,16,29,60,96],
[11,22,34,65,101],
[17,27,39,70,106],
[23,32,44,75,111],
[28,37,49,80,116],
[33,42,54,85,121]],

[[0,48,50,84,107,116],
[6,53,55,89,112,121],
[12,58,60,94,117,126],
[18,63,65,99,122,131],
[3,68,70,104,127],
[9,73,75,109,132],
[4,15,78,80,114],
[10,21,83,85,119],
[16,26,88,90,124],
[22,31,93,95,129],
[1,27,36,98,100],
[7,32,41,103,105],
[13,37,46,108,110],
[19,42,51,113,115],
[24,47,56,118,120],
[29,52,61,123,125],
[34,57,66,128,130],
[2,39,62,71,133],
[5,8,44,67,76],
[11,14,49,72,81],
[17,20,54,77,86],
[23,25,59,82,91],
[28,30,64,87,96],
[33,35,69,92,101],
[38,40,74,97,106],
[43,45,79,102,111]],

[[0,55,94,102,128,131],
[3,6,60,99,107,133],
[5,9,12,65,104,112],
[11,15,18,70,109,117],
[17,21,75,114,122],
[23,26,80,119,127],
[28,31,85,124,132],
[4,33,36,90,129],
[1,10,38,41,95],
[7,16,43,46,100],
[13,22,48,51,105],
[19,27,53,56,110],
[24,32,58,61,115],
[29,37,63,66,120],
[34,42,68,71,125],
[39,47,73,76,130],
[2,44,52,78,81],
[8,49,57,83,86],
[14,54,62,88,91],
[20,59,67,93,96],
[25,64,72,98,101],
[30,69,77,103,106],
[35,74,82,108,111],
[40,79,87,113,116],
[45,84,92,118,121],
[50,89,97,123,126]]

]
