[[[21,43,70,98,106],
[22,28,60,91,116],
[23,42,54,93,113],
[24,35,69,84,114],
[25,45,64,86,107],
[19,47,67,94,122],
[9,48,63,95,105],
[12,49,59,92,110],
[11,50,72,85,121],
[18,51,68,87,109],
[3,27,73,96,123],
[20,34,74,88,120],
[15,32,75,79,112],
[4,41,76,81,115],
[16,39,77,89,108],
[2,31,55,99,124],
[5,30,65,100,119],
[13,33,71,101,118],
[10,40,56,102,117],
[17,38,61,103,111],
[1,29,58,82,125],
[6,37,62,97,126],
[7,46,66,83,127],
[8,44,53,90,128],
[14,36,57,80,129],
[0,26,52,78,104,130]],

[[21,44,71,78,107],
[22,29,61,92,117],
[23,43,55,94,114],
[24,36,70,85,115],
[25,46,65,87,108],
[20,47,68,95,123],
[10,48,64,96,106],
[13,49,60,93,111],
[12,50,52,86,122],
[19,51,69,88,110],
[4,28,73,97,124],
[0,35,74,89,121],
[16,33,75,80,113],
[5,42,76,82,116],
[17,40,77,90,109],
[3,32,56,99,104],
[6,31,66,100,120],
[14,34,72,101,119],
[11,41,57,102,118],
[18,39,62,103,112],
[2,30,59,83,125],
[7,38,63,98,126],
[8,26,67,84,127],
[9,45,54,91,128],
[15,37,58,81,129],
[1,27,53,79,105,130]],

[[21,45,72,79,108],
[22,30,62,93,118],
[23,44,56,95,115],
[24,37,71,86,116],
[25,26,66,88,109],
[0,47,69,96,124],
[11,48,65,97,107],
[14,49,61,94,112],
[13,50,53,87,123],
[20,51,70,89,111],
[5,29,73,98,104],
[1,36,74,90,122],
[17,34,75,81,114],
[6,43,76,83,117],
[18,41,77,91,110],
[4,33,57,99,105],
[7,32,67,100,121],
[15,35,52,101,120],
[12,42,58,102,119],
[19,40,63,103,113],
[3,31,60,84,125],
[8,39,64,78,126],
[9,27,68,85,127],
[10,46,55,92,128],
[16,38,59,82,129],
[2,28,54,80,106,130]],

[[21,46,52,80,109],
[22,31,63,94,119],
[23,45,57,96,116],
[24,38,72,87,117],
[25,27,67,89,110],
[1,47,70,97,104],
[12,48,66,98,108],
[15,49,62,95,113],
[14,50,54,88,124],
[0,51,71,90,112],
[6,30,73,78,105],
[2,37,74,91,123],
[18,35,75,82,115],
[7,44,76,84,118],
[19,42,77,92,111],
[5,34,58,99,106],
[8,33,68,100,122],
[16,36,53,101,121],
[13,43,59,102,120],
[20,41,64,103,114],
[4,32,61,85,125],
[9,40,65,79,126],
[10,28,69,86,127],
[11,26,56,93,128],
[17,39,60,83,129],
[3,29,55,81,107,130]],

[[21,26,53,81,110],
[22,32,64,95,120],
[23,46,58,97,117],
[24,39,52,88,118],
[25,28,68,90,111],
[2,47,71,98,105],
[13,48,67,78,109],
[16,49,63,96,114],
[15,50,55,89,104],
[1,51,72,91,113],
[7,31,73,79,106],
[3,38,74,92,124],
[19,36,75,83,116],
[8,45,76,85,119],
[20,43,77,93,112],
[6,35,59,99,107],
[9,34,69,100,123],
[17,37,54,101,122],
[14,44,60,102,121],
[0,42,65,103,115],
[5,33,62,86,125],
[10,41,66,80,126],
[11,29,70,87,127],
[12,27,57,94,128],
[18,40,61,84,129],
[4,30,56,82,108,130]],

[[21,27,54,82,111],
[22,33,65,96,121],
[23,26,59,98,118],
[24,40,53,89,119],
[25,29,69,91,112],
[3,47,72,78,106],
[14,48,68,79,110],
[17,49,64,97,115],
[16,50,56,90,105],
[2,51,52,92,114],
[8,32,73,80,107],
[4,39,74,93,104],
[20,37,75,84,117],
[9,46,76,86,120],
[0,44,77,94,113],
[7,36,60,99,108],
[10,35,70,100,124],
[18,38,55,101,123],
[15,45,61,102,122],
[1,43,66,103,116],
[6,34,63,87,125],
[11,42,67,81,126],
[12,30,71,88,127],
[13,28,58,95,128],
[19,41,62,85,129],
[5,31,57,83,109,130]],

[[21,28,55,83,112],
[22,34,66,97,122],
[23,27,60,78,119],
[24,41,54,90,120],
[25,30,70,92,113],
[4,47,52,79,107],
[15,48,69,80,111],
[18,49,65,98,116],
[17,50,57,91,106],
[3,51,53,93,115],
[9,33,73,81,108],
[5,40,74,94,105],
[0,38,75,85,118],
[10,26,76,87,121],
[1,45,77,95,114],
[8,37,61,99,109],
[11,36,71,100,104],
[19,39,56,101,124],
[16,46,62,102,123],
[2,44,67,103,117],
[7,35,64,88,125],
[12,43,68,82,126],
[13,31,72,89,127],
[14,29,59,96,128],
[20,42,63,86,129],
[6,32,58,84,110,130]],

[[21,29,56,84,113],
[22,35,67,98,123],
[23,28,61,79,120],
[24,42,55,91,121],
[25,31,71,93,114],
[5,47,53,80,108],
[16,48,70,81,112],
[19,49,66,78,117],
[18,50,58,92,107],
[4,51,54,94,116],
[10,34,73,82,109],
[6,41,74,95,106],
[1,39,75,86,119],
[11,27,76,88,122],
[2,46,77,96,115],
[9,38,62,99,110],
[12,37,72,100,105],
[20,40,57,101,104],
[17,26,63,102,124],
[3,45,68,103,118],
[8,36,65,89,125],
[13,44,69,83,126],
[14,32,52,90,127],
[15,30,60,97,128],
[0,43,64,87,129],
[7,33,59,85,111,130]],

[[21,30,57,85,114],
[22,36,68,78,124],
[23,29,62,80,121],
[24,43,56,92,122],
[25,32,72,94,115],
[6,47,54,81,109],
[17,48,71,82,113],
[20,49,67,79,118],
[19,50,59,93,108],
[5,51,55,95,117],
[11,35,73,83,110],
[7,42,74,96,107],
[2,40,75,87,120],
[12,28,76,89,123],
[3,26,77,97,116],
[10,39,63,99,111],
[13,38,52,100,106],
[0,41,58,101,105],
[18,27,64,102,104],
[4,46,69,103,119],
[9,37,66,90,125],
[14,45,70,84,126],
[15,33,53,91,127],
[16,31,61,98,128],
[1,44,65,88,129],
[8,34,60,86,112,130]],

[[21,31,58,86,115],
[22,37,69,79,104],
[23,30,63,81,122],
[24,44,57,93,123],
[25,33,52,95,116],
[7,47,55,82,110],
[18,48,72,83,114],
[0,49,68,80,119],
[20,50,60,94,109],
[6,51,56,96,118],
[12,36,73,84,111],
[8,43,74,97,108],
[3,41,75,88,121],
[13,29,76,90,124],
[4,27,77,98,117],
[11,40,64,99,112],
[14,39,53,100,107],
[1,42,59,101,106],
[19,28,65,102,105],
[5,26,70,103,120],
[10,38,67,91,125],
[15,46,71,85,126],
[16,34,54,92,127],
[17,32,62,78,128],
[2,45,66,89,129],
[9,35,61,87,113,130]],

[[21,32,59,87,116],
[22,38,70,80,105],
[23,31,64,82,123],
[24,45,58,94,124],
[25,34,53,96,117],
[8,47,56,83,111],
[19,48,52,84,115],
[1,49,69,81,120],
[0,50,61,95,110],
[7,51,57,97,119],
[13,37,73,85,112],
[9,44,74,98,109],
[4,42,75,89,122],
[14,30,76,91,104],
[5,28,77,78,118],
[12,41,65,99,113],
[15,40,54,100,108],
[2,43,60,101,107],
[20,29,66,102,106],
[6,27,71,103,121],
[11,39,68,92,125],
[16,26,72,86,126],
[17,35,55,93,127],
[18,33,63,79,128],
[3,46,67,90,129],
[10,36,62,88,114,130]],

[[21,33,60,88,117],
[22,39,71,81,106],
[23,32,65,83,124],
[24,46,59,95,104],
[25,35,54,97,118],
[9,47,57,84,112],
[20,48,53,85,116],
[2,49,70,82,121],
[1,50,62,96,111],
[8,51,58,98,120],
[14,38,73,86,113],
[10,45,74,78,110],
[5,43,75,90,123],
[15,31,76,92,105],
[6,29,77,79,119],
[13,42,66,99,114],
[16,41,55,100,109],
[3,44,61,101,108],
[0,30,67,102,107],
[7,28,72,103,122],
[12,40,69,93,125],
[17,27,52,87,126],
[18,36,56,94,127],
[19,34,64,80,128],
[4,26,68,91,129],
[11,37,63,89,115,130]],

[[21,34,61,89,118],
[22,40,72,82,107],
[23,33,66,84,104],
[24,26,60,96,105],
[25,36,55,98,119],
[10,47,58,85,113],
[0,48,54,86,117],
[3,49,71,83,122],
[2,50,63,97,112],
[9,51,59,78,121],
[15,39,73,87,114],
[11,46,74,79,111],
[6,44,75,91,124],
[16,32,76,93,106],
[7,30,77,80,120],
[14,43,67,99,115],
[17,42,56,100,110],
[4,45,62,101,109],
[1,31,68,102,108],
[8,29,52,103,123],
[13,41,70,94,125],
[18,28,53,88,126],
[19,37,57,95,127],
[20,35,65,81,128],
[5,27,69,92,129],
[12,38,64,90,116,130]],

[[21,35,62,90,119],
[22,41,52,83,108],
[23,34,67,85,105],
[24,27,61,97,106],
[25,37,56,78,120],
[11,47,59,86,114],
[1,48,55,87,118],
[4,49,72,84,123],
[3,50,64,98,113],
[10,51,60,79,122],
[16,40,73,88,115],
[12,26,74,80,112],
[7,45,75,92,104],
[17,33,76,94,107],
[8,31,77,81,121],
[15,44,68,99,116],
[18,43,57,100,111],
[5,46,63,101,110],
[2,32,69,102,109],
[9,30,53,103,124],
[14,42,71,95,125],
[19,29,54,89,126],
[20,38,58,96,127],
[0,36,66,82,128],
[6,28,70,93,129],
[13,39,65,91,117,130]],

[[21,36,63,91,120],
[22,42,53,84,109],
[23,35,68,86,106],
[24,28,62,98,107],
[25,38,57,79,121],
[12,47,60,87,115],
[2,48,56,88,119],
[5,49,52,85,124],
[4,50,65,78,114],
[11,51,61,80,123],
[17,41,73,89,116],
[13,27,74,81,113],
[8,46,75,93,105],
[18,34,76,95,108],
[9,32,77,82,122],
[16,45,69,99,117],
[19,44,58,100,112],
[6,26,64,101,111],
[3,33,70,102,110],
[10,31,54,103,104],
[15,43,72,96,125],
[20,30,55,90,126],
[0,39,59,97,127],
[1,37,67,83,128],
[7,29,71,94,129],
[14,40,66,92,118,130]],

[[21,37,64,92,121],
[22,43,54,85,110],
[23,36,69,87,107],
[24,29,63,78,108],
[25,39,58,80,122],
[13,47,61,88,116],
[3,48,57,89,120],
[6,49,53,86,104],
[5,50,66,79,115],
[12,51,62,81,124],
[18,42,73,90,117],
[14,28,74,82,114],
[9,26,75,94,106],
[19,35,76,96,109],
[10,33,77,83,123],
[17,46,70,99,118],
[20,45,59,100,113],
[7,27,65,101,112],
[4,34,71,102,111],
[11,32,55,103,105],
[16,44,52,97,125],
[0,31,56,91,126],
[1,40,60,98,127],
[2,38,68,84,128],
[8,30,72,95,129],
[15,41,67,93,119,130]],

[[21,38,65,93,122],
[22,44,55,86,111],
[23,37,70,88,108],
[24,30,64,79,109],
[25,40,59,81,123],
[14,47,62,89,117],
[4,48,58,90,121],
[7,49,54,87,105],
[6,50,67,80,116],
[13,51,63,82,104],
[19,43,73,91,118],
[15,29,74,83,115],
[10,27,75,95,107],
[20,36,76,97,110],
[11,34,77,84,124],
[18,26,71,99,119],
[0,46,60,100,114],
[8,28,66,101,113],
[5,35,72,102,112],
[12,33,56,103,106],
[17,45,53,98,125],
[1,32,57,92,126],
[2,41,61,78,127],
[3,39,69,85,128],
[9,31,52,96,129],
[16,42,68,94,120,130]],

[[21,39,66,94,123],
[22,45,56,87,112],
[23,38,71,89,109],
[24,31,65,80,110],
[25,41,60,82,124],
[15,47,63,90,118],
[5,48,59,91,122],
[8,49,55,88,106],
[7,50,68,81,117],
[14,51,64,83,105],
[20,44,73,92,119],
[16,30,74,84,116],
[11,28,75,96,108],
[0,37,76,98,111],
[12,35,77,85,104],
[19,27,72,99,120],
[1,26,61,100,115],
[9,29,67,101,114],
[6,36,52,102,113],
[13,34,57,103,107],
[18,46,54,78,125],
[2,33,58,93,126],
[3,42,62,79,127],
[4,40,70,86,128],
[10,32,53,97,129],
[17,43,69,95,121,130]],

[[21,40,67,95,124],
[22,46,57,88,113],
[23,39,72,90,110],
[24,32,66,81,111],
[25,42,61,83,104],
[16,47,64,91,119],
[6,48,60,92,123],
[9,49,56,89,107],
[8,50,69,82,118],
[15,51,65,84,106],
[0,45,73,93,120],
[17,31,74,85,117],
[12,29,75,97,109],
[1,38,76,78,112],
[13,36,77,86,105],
[20,28,52,99,121],
[2,27,62,100,116],
[10,30,68,101,115],
[7,37,53,102,114],
[14,35,58,103,108],
[19,26,55,79,125],
[3,34,59,94,126],
[4,43,63,80,127],
[5,41,71,87,128],
[11,33,54,98,129],
[18,44,70,96,122,130]],

[[21,41,68,96,104],
[22,26,58,89,114],
[23,40,52,91,111],
[24,33,67,82,112],
[25,43,62,84,105],
[17,47,65,92,120],
[7,48,61,93,124],
[10,49,57,90,108],
[9,50,70,83,119],
[16,51,66,85,107],
[1,46,73,94,121],
[18,32,74,86,118],
[13,30,75,98,110],
[2,39,76,79,113],
[14,37,77,87,106],
[0,29,53,99,122],
[3,28,63,100,117],
[11,31,69,101,116],
[8,38,54,102,115],
[15,36,59,103,109],
[20,27,56,80,125],
[4,35,60,95,126],
[5,44,64,81,127],
[6,42,72,88,128],
[12,34,55,78,129],
[19,45,71,97,123,130]],

[[21,42,69,97,105],
[22,27,59,90,115],
[23,41,53,92,112],
[24,34,68,83,113],
[25,44,63,85,106],
[18,47,66,93,121],
[8,48,62,94,104],
[11,49,58,91,109],
[10,50,71,84,120],
[17,51,67,86,108],
[2,26,73,95,122],
[19,33,74,87,119],
[14,31,75,78,111],
[3,40,76,80,114],
[15,38,77,88,107],
[1,30,54,99,123],
[4,29,64,100,118],
[12,32,70,101,117],
[9,39,55,102,116],
[16,37,60,103,110],
[0,28,57,81,125],
[5,36,61,96,126],
[6,45,65,82,127],
[7,43,52,89,128],
[13,35,56,79,129],
[20,46,72,98,124,130]],

[[0,27,55,84,108],
[1,28,56,85,109],
[2,29,57,86,110],
[3,30,58,87,111],
[4,31,59,88,112],
[5,32,60,89,113],
[6,33,61,90,114],
[7,34,62,91,115],
[8,35,63,92,116],
[9,36,64,93,117],
[10,37,65,94,118],
[11,38,66,95,119],
[12,39,67,96,120],
[13,40,68,97,121],
[14,41,69,98,122],
[15,42,70,78,123],
[16,43,71,79,124],
[17,44,72,80,104],
[18,45,52,81,105],
[19,46,53,82,106],
[20,26,54,83,107],
[21,47,73,99,125],
[22,48,74,100,126],
[23,49,75,101,127],
[24,50,76,102,128],
[25,51,77,103,129,130]]

]