[[[0,1,2,3,4,5],
[6,7,8,9,10,11],
[12,13,14,15,16,17],
[18,19,20,21,22,23],
[24,25,26,27,28,29],
[30,31,32,33,34,35],
[36,37,38,39,40,41],
[42,43,44,45,46],
[47,48,49,50,51],
[52,53,54,55,56],
[57,58,59,60,61],
[62,63,64,65,66],
[67,68,69,70,71],
[72,73,74,75,76],
[77,78,79,80,81],
[82,83,84,85,86],
[87,88,89,90,91],
[92,93,94,95,96],
[97,98,99,100,101],
[102,103,104,105,106],
[107,108,109,110,111],
[112,113,114,115,116],
[117,118,119,120,121],
[122,123,124,125,126],
[127,128,129,130,131],
[132,133,134,135,136]],

[[0,7,14,21,28,35],
[6,13,20,27,34,41],
[12,19,26,33,40,46],
[18,25,32,39,45,51],
[24,31,38,44,50,56],
[30,37,43,49,55,61],
[36,42,48,54,60,66],
[47,53,59,65,71],
[52,58,64,70,76],
[57,63,69,75,81],
[62,68,74,80,86],
[67,73,79,85,91],
[72,78,84,90,96],
[77,83,89,95,101],
[82,88,94,100,106],
[87,93,99,105,111],
[92,98,104,110,116],
[97,103,109,115,121],
[102,108,114,120,126],
[107,113,119,125,131],
[112,118,124,130,136],
[5,117,123,129,135],
[4,11,122,128,134],
[3,10,17,127,133],
[2,9,16,23,132],
[1,8,15,22,29]],

[[0,8,13,23,33,45],
[6,14,19,29,39,50],
[12,20,25,35,44,55],
[18,26,31,41,49,60],
[24,32,37,46,54,65],
[30,38,42,51,59,70],
[36,43,47,56,64,75],
[48,52,61,69,80],
[53,57,66,74,85],
[58,62,71,79,90],
[63,67,76,84,95],
[68,72,81,89,100],
[73,77,86,94,105],
[78,82,91,99,110],
[83,87,96,104,115],
[88,92,101,109,120],
[93,97,106,114,125],
[98,102,111,119,130],
[103,107,116,124,135],
[4,108,112,121,129],
[10,113,117,126,134],
[3,16,118,122,131],
[9,22,123,127,136],
[5,15,28,128,132],
[1,11,21,34,133],
[2,7,17,27,40]],

[[0,9,17,19,32,55],
[6,15,23,25,38,60],
[12,21,29,31,43,65],
[18,27,35,37,48,70],
[24,33,41,42,53,75],
[30,39,46,47,58,80],
[36,44,51,52,63,85],
[49,56,57,68,90],
[54,61,62,73,95],
[59,66,67,78,100],
[64,71,72,83,105],
[69,76,77,88,110],
[74,81,82,93,115],
[79,86,87,98,120],
[84,91,92,103,125],
[89,96,97,108,130],
[94,101,102,113,135],
[4,99,106,107,118],
[10,104,111,112,123],
[16,109,116,117,128],
[22,114,121,122,133],
[2,28,119,126,127],
[8,34,124,131,132],
[1,14,40,129,136],
[5,7,20,45,134],
[3,11,13,26,50]],

[[0,10,15,20,31,46],
[6,16,21,26,37,51],
[12,22,27,32,42,56],
[18,28,33,38,47,61],
[24,34,39,43,52,66],
[30,40,44,48,57,71],
[36,45,49,53,62,76],
[50,54,58,67,81],
[55,59,63,72,86],
[60,64,68,77,91],
[65,69,73,82,96],
[70,74,78,87,101],
[75,79,83,92,106],
[80,84,88,97,111],
[85,89,93,102,116],
[90,94,98,107,121],
[95,99,103,112,126],
[100,104,108,117,131],
[105,109,113,122,136],
[5,110,114,118,127],
[11,115,119,123,132],
[1,17,120,124,128],
[7,23,125,129,133],
[2,13,29,130,134],
[3,8,19,35,135],
[4,9,14,25,41]],

[[0,11,16,25,43,54],
[6,17,22,31,48,59],
[12,23,28,37,53,64],
[18,29,34,42,58,69],
[24,35,40,47,63,74],
[30,41,45,52,68,79],
[36,46,50,57,73,84],
[51,55,62,78,89],
[56,60,67,83,94],
[61,65,72,88,99],
[66,70,77,93,104],
[71,75,82,98,109],
[76,80,87,103,114],
[81,85,92,108,119],
[86,90,97,113,124],
[91,95,102,118,129],
[96,100,107,123,134],
[3,101,105,112,128],
[9,106,110,117,133],
[2,15,111,115,122],
[8,21,116,120,127],
[14,27,121,125,132],
[1,20,33,126,130],
[7,26,39,131,135],
[4,13,32,44,136],
[5,10,19,38,49]],

[[0,22,26,44,47,66],
[6,28,32,49,52,71],
[12,34,38,54,57,76],
[18,40,43,59,62,81],
[24,45,48,64,67,86],
[30,50,53,69,72,91],
[36,55,58,74,77,96],
[60,63,79,82,101],
[65,68,84,87,106],
[70,73,89,92,111],
[75,78,94,97,116],
[80,83,99,102,121],
[85,88,104,107,126],
[90,93,109,112,131],
[95,98,114,117,136],
[5,100,103,119,122],
[11,105,108,124,127],
[17,110,113,129,132],
[1,23,115,118,134],
[3,7,29,120,123],
[9,13,35,125,128],
[15,19,41,130,133],
[2,21,25,46,135],
[4,8,27,31,51],
[10,14,33,37,56],
[16,20,39,42,61]],

[[0,27,38,52,65,81],
[6,33,43,57,70,86],
[12,39,48,62,75,91],
[18,44,53,67,80,96],
[24,49,58,72,85,101],
[30,54,63,77,90,106],
[36,59,68,82,95,111],
[64,73,87,100,116],
[69,78,92,105,121],
[74,83,97,110,126],
[79,88,102,115,131],
[84,93,107,120,136],
[5,89,98,112,125],
[11,94,103,117,130],
[17,99,108,122,135],
[4,23,104,113,127],
[10,29,109,118,132],
[1,16,35,114,123],
[7,22,41,119,128],
[13,28,46,124,133],
[2,19,34,51,129],
[8,25,40,56,134],
[3,14,31,45,61],
[9,20,37,50,66],
[15,26,42,55,71],
[21,32,47,60,76]],

[[0,29,37,59,73,80],
[6,35,42,64,78,85],
[12,41,47,69,83,90],
[18,46,52,74,88,95],
[24,51,57,79,93,100],
[30,56,62,84,98,105],
[36,61,67,89,103,110],
[66,72,94,108,115],
[71,77,99,113,120],
[76,82,104,118,125],
[81,87,109,123,130],
[86,92,114,128,135],
[4,91,97,119,133],
[2,10,96,102,124],
[8,16,101,107,129],
[14,22,106,112,134],
[3,20,28,111,117],
[9,26,34,116,122],
[15,32,40,121,127],
[21,38,45,126,132],
[1,27,43,50,131],
[7,33,48,55,136],
[5,13,39,53,60],
[11,19,44,58,65],
[17,25,49,63,70],
[23,31,54,68,75]],

[[0,34,48,56,72,79],
[6,40,53,61,77,84],
[12,45,58,66,82,89],
[18,50,63,71,87,94],
[24,55,68,76,92,99],
[30,60,73,81,97,104],
[36,65,78,86,102,109],
[70,83,91,107,114],
[75,88,96,112,119],
[80,93,101,117,124],
[85,98,106,122,129],
[90,103,111,127,134],
[3,95,108,116,132],
[1,9,100,113,121],
[7,15,105,118,126],
[13,21,110,123,131],
[19,27,115,128,136],
[5,25,33,120,133],
[2,11,31,39,125],
[8,17,37,44,130],
[14,23,42,49,135],
[4,20,29,47,54],
[10,26,35,52,59],
[16,32,41,57,64],
[22,38,46,62,69],
[28,43,51,67,74]],

[[0,39,57,78,95,106],
[6,44,62,83,100,111],
[12,49,67,88,105,116],
[18,54,72,93,110,121],
[24,59,77,98,115,126],
[30,64,82,103,120,131],
[36,69,87,108,125,136],
[5,74,92,113,130],
[11,79,97,118,135],
[4,17,84,102,123],
[10,23,89,107,128],
[16,29,94,112,133],
[2,22,35,99,117],
[8,28,41,104,122],
[14,34,46,109,127],
[20,40,51,114,132],
[1,26,45,56,119],
[7,32,50,61,124],
[13,38,55,66,129],
[19,43,60,71,134],
[3,25,48,65,76],
[9,31,53,70,81],
[15,37,58,75,86],
[21,42,63,80,91],
[27,47,68,85,96],
[33,52,73,90,101]],

[[0,40,42,68,94,126],
[6,45,47,73,99,131],
[12,50,52,78,104,136],
[5,18,55,57,83,109],
[11,24,60,62,88,114],
[17,30,65,67,93,119],
[23,36,70,72,98,124],
[29,75,77,103,129],
[35,80,82,108,134],
[3,41,85,87,113],
[9,46,90,92,118],
[15,51,95,97,123],
[21,56,100,102,128],
[27,61,105,107,133],
[2,33,66,110,112],
[8,39,71,115,117],
[14,44,76,120,122],
[20,49,81,125,127],
[26,54,86,130,132],
[1,32,59,91,135],
[4,7,38,64,96],
[10,13,43,69,101],
[16,19,48,74,106],
[22,25,53,79,111],
[28,31,58,84,116],
[34,37,63,89,121]],

[[0,41,50,62,93,129],
[6,46,55,67,98,134],
[3,12,51,60,72,103],
[9,18,56,65,77,108],
[15,24,61,70,82,113],
[21,30,66,75,87,118],
[27,36,71,80,92,123],
[33,76,85,97,128],
[39,81,90,102,133],
[2,44,86,95,107],
[8,49,91,100,112],
[14,54,96,105,117],
[20,59,101,110,122],
[26,64,106,115,127],
[32,69,111,120,132],
[1,38,74,116,125],
[7,43,79,121,130],
[13,48,84,126,135],
[4,19,53,89,131],
[10,25,58,94,136],
[5,16,31,63,99],
[11,22,37,68,104],
[17,28,42,73,109],
[23,34,47,78,114],
[29,40,52,83,119],
[35,45,57,88,124]],

[[0,51,53,87,110,119],
[6,56,58,92,115,124],
[12,61,63,97,120,129],
[18,66,68,102,125,134],
[3,24,71,73,107,130],
[9,30,76,78,112,135],
[4,15,36,81,83,117],
[10,21,86,88,122],
[16,27,91,93,127],
[22,33,96,98,132],
[1,28,39,101,103],
[7,34,44,106,108],
[13,40,49,111,113],
[19,45,54,116,118],
[25,50,59,121,123],
[31,55,64,126,128],
[37,60,69,131,133],
[2,42,65,74,136],
[5,8,47,70,79],
[11,14,52,75,84],
[17,20,57,80,89],
[23,26,62,85,94],
[29,32,67,90,99],
[35,38,72,95,104],
[41,43,77,100,109],
[46,48,82,105,114]],

[[0,58,97,105,131,134],
[3,6,63,102,110,136],
[5,9,12,68,107,115],
[11,15,18,73,112,120],
[17,21,24,78,117,125],
[23,27,30,83,122,130],
[29,33,36,88,127,135],
[4,35,39,93,132],
[1,10,41,44,98],
[7,16,46,49,103],
[13,22,51,54,108],
[19,28,56,59,113],
[25,34,61,64,118],
[31,40,66,69,123],
[37,45,71,74,128],
[42,50,76,79,133],
[2,47,55,81,84],
[8,52,60,86,89],
[14,57,65,91,94],
[20,62,70,96,99],
[26,67,75,101,104],
[32,72,80,106,109],
[38,77,85,111,114],
[43,82,90,116,119],
[48,87,95,121,124],
[53,92,100,126,129]]

]