[[[0,23,46,69,92],
[1,24,48,72,96,116],
[2,25,50,75,100,121],
[3,26,52,78,104,126],
[4,27,54,81,108,131],
[5,28,56,84,112],
[6,29,58,87,93,118],
[7,30,60,90,97,123],
[8,31,62,70,101,128],
[9,32,64,73,105,133],
[10,33,66,76,109,115],
[11,34,68,79,113,120],
[12,35,47,82,94,125],
[13,36,49,85,98,130],
[14,37,51,88,102],
[15,38,53,91,106,117],
[16,39,55,71,110,122],
[17,40,57,74,114,127],
[18,41,59,77,95,132],
[19,42,61,80,99],
[20,43,63,83,103,119],
[21,44,65,86,107,124],
[22,45,67,89,111,129]],

[[0,24,47,70,93],
[1,25,49,73,97,117],
[2,26,51,76,101,122],
[3,27,53,79,105,127],
[4,28,55,82,109,132],
[5,29,57,85,113],
[6,30,59,88,94,119],
[7,31,61,91,98,124],
[8,32,63,71,102,129],
[9,33,65,74,106],
[10,34,67,77,110,116],
[11,35,46,80,114,121],
[12,36,48,83,95,126],
[13,37,50,86,99,131],
[14,38,52,89,103],
[15,39,54,69,107,118],
[16,40,56,72,111,123],
[17,41,58,75,92,128],
[18,42,60,78,96,133],
[19,43,62,81,100,115],
[20,44,64,84,104,120],
[21,45,66,87,108,125],
[22,23,68,90,112,130]],

[[0,25,48,71,94],
[1,26,50,74,98,118],
[2,27,52,77,102,123],
[3,28,54,80,106,128],
[4,29,56,83,110,133],
[5,30,58,86,114,115],
[6,31,60,89,95,120],
[7,32,62,69,99,125],
[8,33,64,72,103,130],
[9,34,66,75,107],
[10,35,68,78,111,117],
[11,36,47,81,92,122],
[12,37,49,84,96,127],
[13,38,51,87,100,132],
[14,39,53,90,104],
[15,40,55,70,108,119],
[16,41,57,73,112,124],
[17,42,59,76,93,129],
[18,43,61,79,97],
[19,44,63,82,101,116],
[20,45,65,85,105,121],
[21,23,67,88,109,126],
[22,24,46,91,113,131]],

[[0,26,49,72,95],
[1,27,51,75,99,119],
[2,28,53,78,103,124],
[3,29,55,81,107,129],
[4,30,57,84,111],
[5,31,59,87,92,116],
[6,32,61,90,96,121],
[7,33,63,70,100,126],
[8,34,65,73,104,131],
[9,35,67,76,108],
[10,36,46,79,112,118],
[11,37,48,82,93,123],
[12,38,50,85,97,128],
[13,39,52,88,101,133],
[14,40,54,91,105,115],
[15,41,56,71,109,120],
[16,42,58,74,113,125],
[17,43,60,77,94,130],
[18,44,62,80,98],
[19,45,64,83,102,117],
[20,23,66,86,106,122],
[21,24,68,89,110,127],
[22,25,47,69,114,132]],

[[0,27,50,73,96,115],
[1,28,52,76,100,120],
[2,29,54,79,104,125],
[3,30,56,82,108,130],
[4,31,58,85,112],
[5,32,60,88,93,117],
[6,33,62,91,97,122],
[7,34,64,71,101,127],
[8,35,66,74,105,132],
[9,36,68,77,109],
[10,37,47,80,113,119],
[11,38,49,83,94,124],
[12,39,51,86,98,129],
[13,40,53,89,102],
[14,41,55,69,106,116],
[15,42,57,72,110,121],
[16,43,59,75,114,126],
[17,44,61,78,95,131],
[18,45,63,81,99],
[19,23,65,84,103,118],
[20,24,67,87,107,123],
[21,25,46,90,111,128],
[22,26,48,70,92,133]],

[[0,28,51,74,97,116],
[1,29,53,77,101,121],
[2,30,55,80,105,126],
[3,31,57,83,109,131],
[4,32,59,86,113],
[5,33,61,89,94,118],
[6,34,63,69,98,123],
[7,35,65,72,102,128],
[8,36,67,75,106,133],
[9,37,46,78,110,115],
[10,38,48,81,114,120],
[11,39,50,84,95,125],
[12,40,52,87,99,130],
[13,41,54,90,103],
[14,42,56,70,107,117],
[15,43,58,73,111,122],
[16,44,60,76,92,127],
[17,45,62,79,96,132],
[18,23,64,82,100],
[19,24,66,85,104,119],
[20,25,68,88,108,124],
[21,26,47,91,112,129],
[22,27,49,71,93]],

[[0,29,52,75,98,117],
[1,30,54,78,102,122],
[2,31,56,81,106,127],
[3,32,58,84,110,132],
[4,33,60,87,114],
[5,34,62,90,95,119],
[6,35,64,70,99,124],
[7,36,66,73,103,129],
[8,37,68,76,107],
[9,38,47,79,111,116],
[10,39,49,82,92,121],
[11,40,51,85,96,126],
[12,41,53,88,100,131],
[13,42,55,91,104],
[14,43,57,71,108,118],
[15,44,59,74,112,123],
[16,45,61,77,93,128],
[17,23,63,80,97,133],
[18,24,65,83,101,115],
[19,25,67,86,105,120],
[20,26,46,89,109,125],
[21,27,48,69,113,130],
[22,28,50,72,94]],

[[0,30,53,76,99,118],
[1,31,55,79,103,123],
[2,32,57,82,107,128],
[3,33,59,85,111,133],
[4,34,61,88,92,115],
[5,35,63,91,96,120],
[6,36,65,71,100,125],
[7,37,67,74,104,130],
[8,38,46,77,108],
[9,39,48,80,112,117],
[10,40,50,83,93,122],
[11,41,52,86,97,127],
[12,42,54,89,101,132],
[13,43,56,69,105],
[14,44,58,72,109,119],
[15,45,60,75,113,124],
[16,23,62,78,94,129],
[17,24,64,81,98],
[18,25,66,84,102,116],
[19,26,68,87,106,121],
[20,27,47,90,110,126],
[21,28,49,70,114,131],
[22,29,51,73,95]],

[[0,31,54,77,100,119],
[1,32,56,80,104,124],
[2,33,58,83,108,129],
[3,34,60,86,112],
[4,35,62,89,93,116],
[5,36,64,69,97,121],
[6,37,66,72,101,126],
[7,38,68,75,105,131],
[8,39,47,78,109],
[9,40,49,81,113,118],
[10,41,51,84,94,123],
[11,42,53,87,98,128],
[12,43,55,90,102,133],
[13,44,57,70,106,115],
[14,45,59,73,110,120],
[15,23,61,76,114,125],
[16,24,63,79,95,130],
[17,25,65,82,99],
[18,26,67,85,103,117],
[19,27,46,88,107,122],
[20,28,48,91,111,127],
[21,29,50,71,92,132],
[22,30,52,74,96]],

[[0,32,55,78,101,120],
[1,33,57,81,105,125],
[2,34,59,84,109,130],
[3,35,61,87,113],
[4,36,63,90,94,117],
[5,37,65,70,98,122],
[6,38,67,73,102,127],
[7,39,46,76,106,132],
[8,40,48,79,110],
[9,41,50,82,114,119],
[10,42,52,85,95,124],
[11,43,54,88,99,129],
[12,44,56,91,103],
[13,45,58,71,107,116],
[14,23,60,74,111,121],
[15,24,62,77,92,126],
[16,25,64,80,96,131],
[17,26,66,83,100],
[18,27,68,86,104,118],
[19,28,47,89,108,123],
[20,29,49,69,112,128],
[21,30,51,72,93,133],
[22,31,53,75,97,115]],

[[0,33,56,79,102,121],
[1,34,58,82,106,126],
[2,35,60,85,110,131],
[3,36,62,88,114],
[4,37,64,91,95,118],
[5,38,66,71,99,123],
[6,39,68,74,103,128],
[7,40,47,77,107,133],
[8,41,49,80,111,115],
[9,42,51,83,92,120],
[10,43,53,86,96,125],
[11,44,55,89,100,130],
[12,45,57,69,104],
[13,23,59,72,108,117],
[14,24,61,75,112,122],
[15,25,63,78,93,127],
[16,26,65,81,97,132],
[17,27,67,84,101],
[18,28,46,87,105,119],
[19,29,48,90,109,124],
[20,30,50,70,113,129],
[21,31,52,73,94],
[22,32,54,76,98,116]],

[[0,34,57,80,103,122],
[1,35,59,83,107,127],
[2,36,61,86,111,132],
[3,37,63,89,92],
[4,38,65,69,96,119],
[5,39,67,72,100,124],
[6,40,46,75,104,129],
[7,41,48,78,108],
[8,42,50,81,112,116],
[9,43,52,84,93,121],
[10,44,54,87,97,126],
[11,45,56,90,101,131],
[12,23,58,70,105],
[13,24,60,73,109,118],
[14,25,62,76,113,123],
[15,26,64,79,94,128],
[16,27,66,82,98,133],
[17,28,68,85,102,115],
[18,29,47,88,106,120],
[19,30,49,91,110,125],
[20,31,51,71,114,130],
[21,32,53,74,95],
[22,33,55,77,99,117]],

[[0,35,58,81,104,123],
[1,36,60,84,108,128],
[2,37,62,87,112,133],
[3,38,64,90,93,115],
[4,39,66,70,97,120],
[5,40,68,73,101,125],
[6,41,47,76,105,130],
[7,42,49,79,109],
[8,43,51,82,113,117],
[9,44,53,85,94,122],
[10,45,55,88,98,127],
[11,23,57,91,102,132],
[12,24,59,71,106],
[13,25,61,74,110,119],
[14,26,63,77,114,124],
[15,27,65,80,95,129],
[16,28,67,83,99],
[17,29,46,86,103,116],
[18,30,48,89,107,121],
[19,31,50,69,111,126],
[20,32,52,72,92,131],
[21,33,54,75,96],
[22,34,56,78,100,118]],

[[0,36,59,82,105,124],
[1,37,61,85,109,129],
[2,38,63,88,113],
[3,39,65,91,94,116],
[4,40,67,71,98,121],
[5,41,46,74,102,126],
[6,42,48,77,106,131],
[7,43,50,80,110],
[8,44,52,83,114,118],
[9,45,54,86,95,123],
[10,23,56,89,99,128],
[11,24,58,69,103,133],
[12,25,60,72,107,115],
[13,26,62,75,111,120],
[14,27,64,78,92,125],
[15,28,66,81,96,130],
[16,29,68,84,100],
[17,30,47,87,104,117],
[18,31,49,90,108,122],
[19,32,51,70,112,127],
[20,33,53,73,93,132],
[21,34,55,76,97],
[22,35,57,79,101,119]],

[[0,37,60,83,106,125],
[1,38,62,86,110,130],
[2,39,64,89,114],
[3,40,66,69,95,117],
[4,41,68,72,99,122],
[5,42,47,75,103,127],
[6,43,49,78,107,132],
[7,44,51,81,111],
[8,45,53,84,92,119],
[9,23,55,87,96,124],
[10,24,57,90,100,129],
[11,25,59,70,104],
[12,26,61,73,108,116],
[13,27,63,76,112,121],
[14,28,65,79,93,126],
[15,29,67,82,97,131],
[16,30,46,85,101],
[17,31,48,88,105,118],
[18,32,50,91,109,123],
[19,33,52,71,113,128],
[20,34,54,74,94,133],
[21,35,56,77,98,115],
[22,36,58,80,102,120]],

[[0,38,61,84,107,126],
[1,39,63,87,111,131],
[2,40,65,90,92],
[3,41,67,70,96,118],
[4,42,46,73,100,123],
[5,43,48,76,104,128],
[6,44,50,79,108,133],
[7,45,52,82,112,115],
[8,23,54,85,93,120],
[9,24,56,88,97,125],
[10,25,58,91,101,130],
[11,26,60,71,105],
[12,27,62,74,109,117],
[13,28,64,77,113,122],
[14,29,66,80,94,127],
[15,30,68,83,98,132],
[16,31,47,86,102],
[17,32,49,89,106,119],
[18,33,51,69,110,124],
[19,34,53,72,114,129],
[20,35,55,75,95],
[21,36,57,78,99,116],
[22,37,59,81,103,121]],

[[0,39,62,85,108,127],
[1,40,64,88,112,132],
[2,41,66,91,93],
[3,42,68,71,97,119],
[4,43,47,74,101,124],
[5,44,49,77,105,129],
[6,45,51,80,109],
[7,23,53,83,113,116],
[8,24,55,86,94,121],
[9,25,57,89,98,126],
[10,26,59,69,102,131],
[11,27,61,72,106],
[12,28,63,75,110,118],
[13,29,65,78,114,123],
[14,30,67,81,95,128],
[15,31,46,84,99,133],
[16,32,48,87,103,115],
[17,33,50,90,107,120],
[18,34,52,70,111,125],
[19,35,54,73,92,130],
[20,36,56,76,96],
[21,37,58,79,100,117],
[22,38,60,82,104,122]],

[[0,40,63,86,109,128],
[1,41,65,89,113,133],
[2,42,67,69,94,115],
[3,43,46,72,98,120],
[4,44,48,75,102,125],
[5,45,50,78,106,130],
[6,23,52,81,110],
[7,24,54,84,114,117],
[8,25,56,87,95,122],
[9,26,58,90,99,127],
[10,27,60,70,103,132],
[11,28,62,73,107],
[12,29,64,76,111,119],
[13,30,66,79,92,124],
[14,31,68,82,96,129],
[15,32,47,85,100],
[16,33,49,88,104,116],
[17,34,51,91,108,121],
[18,35,53,71,112,126],
[19,36,55,74,93,131],
[20,37,57,77,97],
[21,38,59,80,101,118],
[22,39,61,83,105,123]],

[[0,41,64,87,110,129],
[1,42,66,90,114],
[2,43,68,70,95,116],
[3,44,47,73,99,121],
[4,45,49,76,103,126],
[5,23,51,79,107,131],
[6,24,53,82,111],
[7,25,55,85,92,118],
[8,26,57,88,96,123],
[9,27,59,91,100,128],
[10,28,61,71,104,133],
[11,29,63,74,108,115],
[12,30,65,77,112,120],
[13,31,67,80,93,125],
[14,32,46,83,97,130],
[15,33,48,86,101],
[16,34,50,89,105,117],
[17,35,52,69,109,122],
[18,36,54,72,113,127],
[19,37,56,75,94,132],
[20,38,58,78,98],
[21,39,60,81,102,119],
[22,40,62,84,106,124]],

[[0,42,65,88,111,130],
[1,43,67,91,92],
[2,44,46,71,96,117],
[3,45,48,74,100,122],
[4,23,50,77,104,127],
[5,24,52,80,108,132],
[6,25,54,83,112],
[7,26,56,86,93,119],
[8,27,58,89,97,124],
[9,28,60,69,101,129],
[10,29,62,72,105],
[11,30,64,75,109,116],
[12,31,66,78,113,121],
[13,32,68,81,94,126],
[14,33,47,84,98,131],
[15,34,49,87,102],
[16,35,51,90,106,118],
[17,36,53,70,110,123],
[18,37,55,73,114,128],
[19,38,57,76,95,133],
[20,39,59,79,99,115],
[21,40,61,82,103,120],
[22,41,63,85,107,125]],

[[0,43,66,89,112,131],
[1,44,68,69,93],
[2,45,47,72,97,118],
[3,23,49,75,101,123],
[4,24,51,78,105,128],
[5,25,53,81,109,133],
[6,26,55,84,113,115],
[7,27,57,87,94,120],
[8,28,59,90,98,125],
[9,29,61,70,102,130],
[10,30,63,73,106],
[11,31,65,76,110,117],
[12,32,67,79,114,122],
[13,33,46,82,95,127],
[14,34,48,85,99,132],
[15,35,50,88,103],
[16,36,52,91,107,119],
[17,37,54,71,111,124],
[18,38,56,74,92,129],
[19,39,58,77,96],
[20,40,60,80,100,116],
[21,41,62,83,104,121],
[22,42,64,86,108,126]],

[[0,44,67,90,113,132],
[1,45,46,70,94],
[2,23,48,73,98,119],
[3,24,50,76,102,124],
[4,25,52,79,106,129],
[5,26,54,82,110],
[6,27,56,85,114,116],
[7,28,58,88,95,121],
[8,29,60,91,99,126],
[9,30,62,71,103,131],
[10,31,64,74,107],
[11,32,66,77,111,118],
[12,33,68,80,92,123],
[13,34,47,83,96,128],
[14,35,49,86,100,133],
[15,36,51,89,104,115],
[16,37,53,69,108,120],
[17,38,55,72,112,125],
[18,39,57,75,93,130],
[19,40,59,78,97],
[20,41,61,81,101,117],
[21,42,63,84,105,122],
[22,43,65,87,109,127]],

[[0,45,68,91,114,133],
[1,23,47,71,95,115],
[2,24,49,74,99,120],
[3,25,51,77,103,125],
[4,26,53,80,107,130],
[5,27,55,83,111],
[6,28,57,86,92,117],
[7,29,59,89,96,122],
[8,30,61,69,100,127],
[9,31,63,72,104,132],
[10,32,65,75,108],
[11,33,67,78,112,119],
[12,34,46,81,93,124],
[13,35,48,84,97,129],
[14,36,50,87,101],
[15,37,52,90,105,116],
[16,38,54,70,109,121],
[17,39,56,73,113,126],
[18,40,58,76,94,131],
[19,41,60,79,98],
[20,42,62,82,102,118],
[21,43,64,85,106,123],
[22,44,66,88,110,128]]

]
