[[[0,1,2,3,4,5],
[6,7,8,9,10,11],
[12,13,14,15,16,17],
[18,19,20,21,22,23],
[24,25,26,27,28,29],
[30,31,32,33,34,35],
[36,37,38,39,40,41],
[42,43,44,45,46,47],
[48,49,50,51,52,53],
[54,55,56,57,58,59],
[60,61,62,63,64],
[65,66,67,68,69],
[70,71,72,73,74],
[75,76,77,78,79],
[80,81,82,83,84],
[85,86,87,88,89],
[90,91,92,93,94],
[95,96,97,98,99],
[100,101,102,103,104],
[105,106,107,108,109],
[110,111,112,113,114],
[115,116,117,118,119],
[120,121,122,123,124],
[125,126,127,128,129],
[130,131,132,133,134],
[135,136,137,138,139]],

[[0,7,14,21,28,35],
[6,13,20,27,34,41],
[12,19,26,33,40,47],
[18,25,32,39,46,53],
[24,31,38,45,52,59],
[30,37,44,51,58,64],
[36,43,50,57,63,69],
[42,49,56,62,68,74],
[48,55,61,67,73,79],
[54,60,66,72,78,84],
[65,71,77,83,89],
[70,76,82,88,94],
[75,81,87,93,99],
[80,86,92,98,104],
[85,91,97,103,109],
[90,96,102,108,114],
[95,101,107,113,119],
[100,106,112,118,124],
[105,111,117,123,129],
[110,116,122,128,134],
[115,121,127,133,139],
[5,120,126,132,138],
[4,11,125,131,137],
[3,10,17,130,136],
[2,9,16,23,135],
[1,8,15,22,29]],

[[0,8,13,23,33,46],
[6,14,19,29,39,52],
[12,20,25,35,45,58],
[18,26,31,41,51,63],
[24,32,37,47,57,68],
[30,38,43,53,62,73],
[36,44,49,59,67,78],
[42,50,55,64,72,83],
[48,56,60,69,77,88],
[54,61,65,74,82,93],
[66,70,79,87,98],
[71,75,84,92,103],
[76,80,89,97,108],
[81,85,94,102,113],
[86,90,99,107,118],
[91,95,104,112,123],
[96,100,109,117,128],
[101,105,114,122,133],
[106,110,119,127,138],
[4,111,115,124,132],
[10,116,120,129,137],
[3,16,121,125,134],
[9,22,126,130,139],
[5,15,28,131,135],
[1,11,21,34,136],
[2,7,17,27,40]],

[[0,9,17,19,32,58],
[6,15,23,25,38,63],
[12,21,29,31,44,68],
[18,27,35,37,50,73],
[24,33,41,43,56,78],
[30,39,47,49,61,83],
[36,45,53,55,66,88],
[42,51,59,60,71,93],
[48,57,64,65,76,98],
[54,62,69,70,81,103],
[67,74,75,86,108],
[72,79,80,91,113],
[77,84,85,96,118],
[82,89,90,101,123],
[87,94,95,106,128],
[92,99,100,111,133],
[97,104,105,116,138],
[4,102,109,110,121],
[10,107,114,115,126],
[16,112,119,120,131],
[22,117,124,125,136],
[2,28,122,129,130],
[8,34,127,134,135],
[1,14,40,132,139],
[5,7,20,46,137],
[3,11,13,26,52]],

[[0,10,15,20,31,47],
[6,16,21,26,37,53],
[12,22,27,32,43,59],
[18,28,33,38,49,64],
[24,34,39,44,55,69],
[30,40,45,50,60,74],
[36,46,51,56,65,79],
[42,52,57,61,70,84],
[48,58,62,66,75,89],
[54,63,67,71,80,94],
[68,72,76,85,99],
[73,77,81,90,104],
[78,82,86,95,109],
[83,87,91,100,114],
[88,92,96,105,119],
[93,97,101,110,124],
[98,102,106,115,129],
[103,107,111,120,134],
[108,112,116,125,139],
[5,113,117,121,130],
[11,118,122,126,135],
[1,17,123,127,131],
[7,23,128,132,136],
[2,13,29,133,137],
[3,8,19,35,138],
[4,9,14,25,41]],

[[0,11,16,25,44,57],
[6,17,22,31,50,62],
[12,23,28,37,56,67],
[18,29,34,43,61,72],
[24,35,40,49,66,77],
[30,41,46,55,71,82],
[36,47,52,60,76,87],
[42,53,58,65,81,92],
[48,59,63,70,86,97],
[54,64,68,75,91,102],
[69,73,80,96,107],
[74,78,85,101,112],
[79,83,90,106,117],
[84,88,95,111,122],
[89,93,100,116,127],
[94,98,105,121,132],
[99,103,110,126,137],
[3,104,108,115,131],
[9,109,113,120,136],
[2,15,114,118,125],
[8,21,119,123,130],
[14,27,124,128,135],
[1,20,33,129,133],
[7,26,39,134,138],
[4,13,32,45,139],
[5,10,19,38,51]],

[[0,22,26,45,49,69],
[6,28,32,51,55,74],
[12,34,38,57,60,79],
[18,40,44,62,65,84],
[24,46,50,67,70,89],
[30,52,56,72,75,94],
[36,58,61,77,80,99],
[42,63,66,82,85,104],
[48,68,71,87,90,109],
[54,73,76,92,95,114],
[78,81,97,100,119],
[83,86,102,105,124],
[88,91,107,110,129],
[93,96,112,115,134],
[98,101,117,120,139],
[5,103,106,122,125],
[11,108,111,127,130],
[17,113,116,132,135],
[1,23,118,121,137],
[3,7,29,123,126],
[9,13,35,128,131],
[15,19,41,133,136],
[2,21,25,47,138],
[4,8,27,31,53],
[10,14,33,37,59],
[16,20,39,43,64]],

[[0,27,38,55,68,84],
[6,33,44,60,73,89],
[12,39,50,65,78,94],
[18,45,56,70,83,99],
[24,51,61,75,88,104],
[30,57,66,80,93,109],
[36,62,71,85,98,114],
[42,67,76,90,103,119],
[48,72,81,95,108,124],
[54,77,86,100,113,129],
[82,91,105,118,134],
[87,96,110,123,139],
[5,92,101,115,128],
[11,97,106,120,133],
[17,102,111,125,138],
[4,23,107,116,130],
[10,29,112,121,135],
[1,16,35,117,126],
[7,22,41,122,131],
[13,28,47,127,136],
[2,19,34,53,132],
[8,25,40,59,137],
[3,14,31,46,64],
[9,20,37,52,69],
[15,26,43,58,74],
[21,32,49,63,79]],

[[0,29,37,62,76,83],
[6,35,43,67,81,88],
[12,41,49,72,86,93],
[18,47,55,77,91,98],
[24,53,60,82,96,103],
[30,59,65,87,101,108],
[36,64,70,92,106,113],
[42,69,75,97,111,118],
[48,74,80,102,116,123],
[54,79,85,107,121,128],
[84,90,112,126,133],
[89,95,117,131,138],
[4,94,100,122,136],
[2,10,99,105,127],
[8,16,104,110,132],
[14,22,109,115,137],
[3,20,28,114,120],
[9,26,34,119,125],
[15,32,40,124,130],
[21,38,46,129,135],
[1,27,44,52,134],
[7,33,50,58,139],
[5,13,39,56,63],
[11,19,45,61,68],
[17,25,51,66,73],
[23,31,57,71,78]],

[[0,34,50,59,75,82],
[6,40,56,64,80,87],
[12,46,61,69,85,92],
[18,52,66,74,90,97],
[24,58,71,79,95,102],
[30,63,76,84,100,107],
[36,68,81,89,105,112],
[42,73,86,94,110,117],
[48,78,91,99,115,122],
[54,83,96,104,120,127],
[88,101,109,125,132],
[93,106,114,130,137],
[3,98,111,119,135],
[1,9,103,116,124],
[7,15,108,121,129],
[13,21,113,126,134],
[19,27,118,131,139],
[5,25,33,123,136],
[2,11,31,39,128],
[8,17,37,45,133],
[14,23,43,51,138],
[4,20,29,49,57],
[10,26,35,55,62],
[16,32,41,60,67],
[22,38,47,65,72],
[28,44,53,70,77]],

[[0,39,60,81,98,109],
[6,45,65,86,103,114],
[12,51,70,91,108,119],
[18,57,75,96,113,124],
[24,62,80,101,118,129],
[30,67,85,106,123,134],
[36,72,90,111,128,139],
[5,42,77,95,116,133],
[11,48,82,100,121,138],
[4,17,54,87,105,126],
[10,23,92,110,131],
[16,29,97,115,136],
[2,22,35,102,120],
[8,28,41,107,125],
[14,34,47,112,130],
[20,40,53,117,135],
[1,26,46,59,122],
[7,32,52,64,127],
[13,38,58,69,132],
[19,44,63,74,137],
[3,25,50,68,79],
[9,31,56,73,84],
[15,37,61,78,89],
[21,43,66,83,94],
[27,49,71,88,99],
[33,55,76,93,104]],

[[0,40,43,71,97,129],
[6,46,49,76,102,134],
[12,52,55,81,107,139],
[5,18,58,60,86,112],
[11,24,63,65,91,117],
[17,30,68,70,96,122],
[23,36,73,75,101,127],
[29,42,78,80,106,132],
[35,48,83,85,111,137],
[3,41,54,88,90,116],
[9,47,93,95,121],
[15,53,98,100,126],
[21,59,103,105,131],
[27,64,108,110,136],
[2,33,69,113,115],
[8,39,74,118,120],
[14,45,79,123,125],
[20,51,84,128,130],
[26,57,89,133,135],
[1,32,62,94,138],
[4,7,38,67,99],
[10,13,44,72,104],
[16,19,50,77,109],
[22,25,56,82,114],
[28,31,61,87,119],
[34,37,66,92,124]],

[[0,41,52,65,96,132],
[6,47,58,70,101,137],
[3,12,53,63,75,106],
[9,18,59,68,80,111],
[15,24,64,73,85,116],
[21,30,69,78,90,121],
[27,36,74,83,95,126],
[33,42,79,88,100,131],
[39,48,84,93,105,136],
[2,45,54,89,98,110],
[8,51,94,103,115],
[14,57,99,108,120],
[20,62,104,113,125],
[26,67,109,118,130],
[32,72,114,123,135],
[1,38,77,119,128],
[7,44,82,124,133],
[13,50,87,129,138],
[4,19,56,92,134],
[10,25,61,97,139],
[5,16,31,66,102],
[11,22,37,71,107],
[17,28,43,76,112],
[23,34,49,81,117],
[29,40,55,86,122],
[35,46,60,91,127]],

[[0,53,56,90,113,122],
[6,59,61,95,118,127],
[12,64,66,100,123,132],
[18,69,71,105,128,137],
[3,24,74,76,110,133],
[9,30,79,81,115,138],
[4,15,36,84,86,120],
[10,21,42,89,91,125],
[16,27,48,94,96,130],
[22,33,54,99,101,135],
[1,28,39,104,106],
[7,34,45,109,111],
[13,40,51,114,116],
[19,46,57,119,121],
[25,52,62,124,126],
[31,58,67,129,131],
[37,63,72,134,136],
[2,43,68,77,139],
[5,8,49,73,82],
[11,14,55,78,87],
[17,20,60,83,92],
[23,26,65,88,97],
[29,32,70,93,102],
[35,38,75,98,107],
[41,44,80,103,112],
[47,50,85,108,117]],

[[0,61,100,108,134,137],
[3,6,66,105,113,139],
[5,9,12,71,110,118],
[11,15,18,76,115,123],
[17,21,24,81,120,128],
[23,27,30,86,125,133],
[29,33,36,91,130,138],
[4,35,39,42,96,135],
[1,10,41,45,48,101],
[7,16,47,51,54,106],
[13,22,53,57,111],
[19,28,59,62,116],
[25,34,64,67,121],
[31,40,69,72,126],
[37,46,74,77,131],
[43,52,79,82,136],
[2,49,58,84,87],
[8,55,63,89,92],
[14,60,68,94,97],
[20,65,73,99,102],
[26,70,78,104,107],
[32,75,83,109,112],
[38,80,88,114,117],
[44,85,93,119,122],
[50,90,98,124,127],
[56,95,103,129,132]]

]