[[[0,1,2,3,4,5],
[6,7,8,9,10,11],
[12,13,14,15,16],
[17,18,19,20,21],
[22,23,24,25,26],
[27,28,29,30,31],
[32,33,34,35,36],
[37,38,39,40,41],
[42,43,44,45,46],
[47,48,49,50,51],
[52,53,54,55,56],
[57,58,59,60,61],
[62,63,64,65,66],
[67,68,69,70,71],
[72,73,74,75,76],
[77,78,79,80,81],
[82,83,84,85,86],
[87,88,89,90,91],
[92,93,94,95,96],
[97,98,99,100,101],
[102,103,104,105,106],
[107,108,109,110,111],
[112,113,114,115,116],
[117,118,119,120,121],
[122,123,124,125,126],
[127,128,129,130,131]],

[[0,7,13,19,25,31],
[6,12,18,24,30,36],
[17,23,29,35,41],
[22,28,34,40,46],
[27,33,39,45,51],
[32,38,44,50,56],
[37,43,49,55,61],
[42,48,54,60,66],
[47,53,59,65,71],
[52,58,64,70,76],
[57,63,69,75,81],
[62,68,74,80,86],
[67,73,79,85,91],
[72,78,84,90,96],
[77,83,89,95,101],
[82,88,94,100,106],
[87,93,99,105,111],
[92,98,104,110,116],
[97,103,109,115,121],
[102,108,114,120,126],
[107,113,119,125,131],
[5,112,118,124,130],
[4,11,117,123,129],
[3,10,16,122,128],
[2,9,15,21,127],
[1,8,14,20,26]],

[[0,8,12,21,29,40],
[6,13,17,26,34,45],
[18,22,31,39,50],
[23,27,36,44,55],
[28,32,41,49,60],
[33,37,46,54,65],
[38,42,51,59,70],
[43,47,56,64,75],
[48,52,61,69,80],
[53,57,66,74,85],
[58,62,71,79,90],
[63,67,76,84,95],
[68,72,81,89,100],
[73,77,86,94,105],
[78,82,91,99,110],
[83,87,96,104,115],
[88,92,101,109,120],
[93,97,106,114,125],
[98,102,111,119,130],
[4,103,107,116,124],
[10,108,112,121,129],
[3,15,113,117,126],
[9,20,118,122,131],
[5,14,25,123,127],
[1,11,19,30,128],
[2,7,16,24,35]],

[[0,9,16,17,28,50],
[6,14,21,22,33,55],
[19,26,27,38,60],
[24,31,32,43,65],
[29,36,37,48,70],
[34,41,42,53,75],
[39,46,47,58,80],
[44,51,52,63,85],
[49,56,57,68,90],
[54,61,62,73,95],
[59,66,67,78,100],
[64,71,72,83,105],
[69,76,77,88,110],
[74,81,82,93,115],
[79,86,87,98,120],
[84,91,92,103,125],
[89,96,97,108,130],
[4,94,101,102,113],
[10,99,106,107,118],
[15,104,111,112,123],
[20,109,116,117,128],
[2,25,114,121,122],
[8,30,119,126,127],
[1,13,35,124,131],
[5,7,18,40,129],
[3,11,12,23,45]],

[[0,10,14,18,27,41],
[6,15,19,23,32,46],
[20,24,28,37,51],
[25,29,33,42,56],
[30,34,38,47,61],
[35,39,43,52,66],
[40,44,48,57,71],
[45,49,53,62,76],
[50,54,58,67,81],
[55,59,63,72,86],
[60,64,68,77,91],
[65,69,73,82,96],
[70,74,78,87,101],
[75,79,83,92,106],
[80,84,88,97,111],
[85,89,93,102,116],
[90,94,98,107,121],
[95,99,103,112,126],
[100,104,108,117,131],
[5,105,109,113,122],
[11,110,114,118,127],
[1,16,115,119,123],
[7,21,120,124,128],
[2,12,26,125,129],
[3,8,17,31,130],
[4,9,13,22,36]],

[[0,11,15,22,38,49],
[6,16,20,27,43,54],
[21,25,32,48,59],
[26,30,37,53,64],
[31,35,42,58,69],
[36,40,47,63,74],
[41,45,52,68,79],
[46,50,57,73,84],
[51,55,62,78,89],
[56,60,67,83,94],
[61,65,72,88,99],
[66,70,77,93,104],
[71,75,82,98,109],
[76,80,87,103,114],
[81,85,92,108,119],
[86,90,97,113,124],
[91,95,102,118,129],
[3,96,100,107,123],
[9,101,105,112,128],
[2,14,106,110,117],
[8,19,111,115,122],
[13,24,116,120,127],
[1,18,29,121,125],
[7,23,34,126,130],
[4,12,28,39,131],
[5,10,17,33,44]],

[[0,20,23,39,42,61],
[6,25,28,44,47,66],
[30,33,49,52,71],
[35,38,54,57,76],
[40,43,59,62,81],
[45,48,64,67,86],
[50,53,69,72,91],
[55,58,74,77,96],
[60,63,79,82,101],
[65,68,84,87,106],
[70,73,89,92,111],
[75,78,94,97,116],
[80,83,99,102,121],
[85,88,104,107,126],
[90,93,109,112,131],
[5,95,98,114,117],
[11,100,103,119,122],
[16,105,108,124,127],
[1,21,110,113,129],
[3,7,26,115,118],
[9,12,31,120,123],
[14,17,36,125,128],
[2,19,22,41,130],
[4,8,24,27,46],
[10,13,29,32,51],
[15,18,34,37,56]],

[[0,24,33,47,60,76],
[6,29,38,52,65,81],
[34,43,57,70,86],
[39,48,62,75,91],
[44,53,67,80,96],
[49,58,72,85,101],
[54,63,77,90,106],
[59,68,82,95,111],
[64,73,87,100,116],
[69,78,92,105,121],
[74,83,97,110,126],
[79,88,102,115,131],
[5,84,93,107,120],
[11,89,98,112,125],
[16,94,103,117,130],
[4,21,99,108,122],
[10,26,104,113,127],
[1,15,31,109,118],
[7,20,36,114,123],
[12,25,41,119,128],
[2,17,30,46,124],
[8,22,35,51,129],
[3,13,27,40,56],
[9,18,32,45,61],
[14,23,37,50,66],
[19,28,42,55,71]],

[[0,26,32,54,68,75],
[6,31,37,59,73,80],
[36,42,64,78,85],
[41,47,69,83,90],
[46,52,74,88,95],
[51,57,79,93,100],
[56,62,84,98,105],
[61,67,89,103,110],
[66,72,94,108,115],
[71,77,99,113,120],
[76,82,104,118,125],
[81,87,109,123,130],
[4,86,92,114,128],
[2,10,91,97,119],
[8,15,96,102,124],
[13,20,101,107,129],
[3,18,25,106,112],
[9,23,30,111,117],
[14,28,35,116,122],
[19,33,40,121,127],
[1,24,38,45,126],
[7,29,43,50,131],
[5,12,34,48,55],
[11,17,39,53,60],
[16,22,44,58,65],
[21,27,49,63,70]],

[[0,30,43,51,67,74],
[6,35,48,56,72,79],
[40,53,61,77,84],
[45,58,66,82,89],
[50,63,71,87,94],
[55,68,76,92,99],
[60,73,81,97,104],
[65,78,86,102,109],
[70,83,91,107,114],
[75,88,96,112,119],
[80,93,101,117,124],
[85,98,106,122,129],
[3,90,103,111,127],
[1,9,95,108,116],
[7,14,100,113,121],
[12,19,105,118,126],
[17,24,110,123,131],
[5,22,29,115,128],
[2,11,27,34,120],
[8,16,32,39,125],
[13,21,37,44,130],
[4,18,26,42,49],
[10,23,31,47,54],
[15,28,36,52,59],
[20,33,41,57,64],
[25,38,46,62,69]],

[[0,34,52,73,90,101],
[6,39,57,78,95,106],
[44,62,83,100,111],
[49,67,88,105,116],
[54,72,93,110,121],
[59,77,98,115,126],
[64,82,103,120,131],
[5,69,87,108,125],
[11,74,92,113,130],
[4,16,79,97,118],
[10,21,84,102,123],
[15,26,89,107,128],
[2,20,31,94,112],
[8,25,36,99,117],
[13,30,41,104,122],
[18,35,46,109,127],
[1,23,40,51,114],
[7,28,45,56,119],
[12,33,50,61,124],
[17,38,55,66,129],
[3,22,43,60,71],
[9,27,48,65,76],
[14,32,53,70,81],
[19,37,58,75,86],
[24,42,63,80,91],
[29,47,68,85,96]],

[[0,35,37,63,89,121],
[6,40,42,68,94,126],
[45,47,73,99,131],
[5,50,52,78,104],
[11,55,57,83,109],
[16,60,62,88,114],
[21,65,67,93,119],
[26,70,72,98,124],
[31,75,77,103,129],
[3,36,80,82,108],
[9,41,85,87,113],
[14,46,90,92,118],
[19,51,95,97,123],
[24,56,100,102,128],
[2,29,61,105,107],
[8,34,66,110,112],
[13,39,71,115,117],
[18,44,76,120,122],
[23,49,81,125,127],
[1,28,54,86,130],
[4,7,33,59,91],
[10,12,38,64,96],
[15,17,43,69,101],
[20,22,48,74,106],
[25,27,53,79,111],
[30,32,58,84,116]],

[[0,36,45,57,88,124],
[6,41,50,62,93,129],
[3,46,55,67,98],
[9,51,60,72,103],
[14,56,65,77,108],
[19,61,70,82,113],
[24,66,75,87,118],
[29,71,80,92,123],
[34,76,85,97,128],
[2,39,81,90,102],
[8,44,86,95,107],
[13,49,91,100,112],
[18,54,96,105,117],
[23,59,101,110,122],
[28,64,106,115,127],
[1,33,69,111,120],
[7,38,74,116,125],
[12,43,79,121,130],
[4,17,48,84,126],
[10,22,53,89,131],
[5,15,27,58,94],
[11,20,32,63,99],
[16,25,37,68,104],
[21,30,42,73,109],
[26,35,47,78,114],
[31,40,52,83,119]],

[[0,46,48,82,105,114],
[6,51,53,87,110,119],
[56,58,92,115,124],
[61,63,97,120,129],
[3,66,68,102,125],
[9,71,73,107,130],
[4,14,76,78,112],
[10,19,81,83,117],
[15,24,86,88,122],
[20,29,91,93,127],
[1,25,34,96,98],
[7,30,39,101,103],
[12,35,44,106,108],
[17,40,49,111,113],
[22,45,54,116,118],
[27,50,59,121,123],
[32,55,64,126,128],
[2,37,60,69,131],
[5,8,42,65,74],
[11,13,47,70,79],
[16,18,52,75,84],
[21,23,57,80,89],
[26,28,62,85,94],
[31,33,67,90,99],
[36,38,72,95,104],
[41,43,77,100,109]],

[[0,53,92,100,126,129],
[3,6,58,97,105,131],
[5,9,63,102,110],
[11,14,68,107,115],
[16,19,73,112,120],
[21,24,78,117,125],
[26,29,83,122,130],
[4,31,34,88,127],
[1,10,36,39,93],
[7,15,41,44,98],
[12,20,46,49,103],
[17,25,51,54,108],
[22,30,56,59,113],
[27,35,61,64,118],
[32,40,66,69,123],
[37,45,71,74,128],
[2,42,50,76,79],
[8,47,55,81,84],
[13,52,60,86,89],
[18,57,65,91,94],
[23,62,70,96,99],
[28,67,75,101,104],
[33,72,80,106,109],
[38,77,85,111,114],
[43,82,90,116,119],
[48,87,95,121,124]]

]