[[[0,1,2,3,4,5],
[6,7,8,9,10,11],
[12,13,14,15,16,17],
[18,19,20,21,22,23],
[24,25,26,27,28,29],
[30,31,32,33,34,35],
[36,37,38,39,40,41],
[42,43,44,45,46,47],
[48,49,50,51,52,53],
[54,55,56,57,58],
[59,60,61,62,63],
[64,65,66,67,68],
[69,70,71,72,73],
[74,75,76,77,78],
[79,80,81,82,83],
[84,85,86,87,88],
[89,90,91,92,93],
[94,95,96,97,98],
[99,100,101,102,103],
[104,105,106,107,108],
[109,110,111,112,113],
[114,115,116,117,118],
[119,120,121,122,123],
[124,125,126,127,128],
[129,130,131,132,133],
[134,135,136,137,138]],

[[0,7,14,21,28,35],
[6,13,20,27,34,41],
[12,19,26,33,40,47],
[18,25,32,39,46,53],
[24,31,38,45,52,58],
[30,37,44,51,57,63],
[36,43,50,56,62,68],
[42,49,55,61,67,73],
[48,54,60,66,72,78],
[59,65,71,77,83],
[64,70,76,82,88],
[69,75,81,87,93],
[74,80,86,92,98],
[79,85,91,97,103],
[84,90,96,102,108],
[89,95,101,107,113],
[94,100,106,112,118],
[99,105,111,117,123],
[104,110,116,122,128],
[109,115,121,127,133],
[114,120,126,132,138],
[5,119,125,131,137],
[4,11,124,130,136],
[3,10,17,129,135],
[2,9,16,23,134],
[1,8,15,22,29]],

[[0,8,13,23,33,46],
[6,14,19,29,39,52],
[12,20,25,35,45,57],
[18,26,31,41,51,62],
[24,32,37,47,56,67],
[30,38,43,53,61,72],
[36,44,49,58,66,77],
[42,50,54,63,71,82],
[48,55,59,68,76,87],
[60,64,73,81,92],
[65,69,78,86,97],
[70,74,83,91,102],
[75,79,88,96,107],
[80,84,93,101,112],
[85,89,98,106,117],
[90,94,103,111,122],
[95,99,108,116,127],
[100,104,113,121,132],
[105,109,118,126,137],
[4,110,114,123,131],
[10,115,119,128,136],
[3,16,120,124,133],
[9,22,125,129,138],
[5,15,28,130,134],
[1,11,21,34,135],
[2,7,17,27,40]],

[[0,9,17,19,32,57],
[6,15,23,25,38,62],
[12,21,29,31,44,67],
[18,27,35,37,50,72],
[24,33,41,43,55,77],
[30,39,47,49,60,82],
[36,45,53,54,65,87],
[42,51,58,59,70,92],
[48,56,63,64,75,97],
[61,68,69,80,102],
[66,73,74,85,107],
[71,78,79,90,112],
[76,83,84,95,117],
[81,88,89,100,122],
[86,93,94,105,127],
[91,98,99,110,132],
[96,103,104,115,137],
[4,101,108,109,120],
[10,106,113,114,125],
[16,111,118,119,130],
[22,116,123,124,135],
[2,28,121,128,129],
[8,34,126,133,134],
[1,14,40,131,138],
[5,7,20,46,136],
[3,11,13,26,52]],

[[0,10,15,20,31,47],
[6,16,21,26,37,53],
[12,22,27,32,43,58],
[18,28,33,38,49,63],
[24,34,39,44,54,68],
[30,40,45,50,59,73],
[36,46,51,55,64,78],
[42,52,56,60,69,83],
[48,57,61,65,74,88],
[62,66,70,79,93],
[67,71,75,84,98],
[72,76,80,89,103],
[77,81,85,94,108],
[82,86,90,99,113],
[87,91,95,104,118],
[92,96,100,109,123],
[97,101,105,114,128],
[102,106,110,119,133],
[107,111,115,124,138],
[5,112,116,120,129],
[11,117,121,125,134],
[1,17,122,126,130],
[7,23,127,131,135],
[2,13,29,132,136],
[3,8,19,35,137],
[4,9,14,25,41]],

[[0,11,16,25,44,56],
[6,17,22,31,50,61],
[12,23,28,37,55,66],
[18,29,34,43,60,71],
[24,35,40,49,65,76],
[30,41,46,54,70,81],
[36,47,52,59,75,86],
[42,53,57,64,80,91],
[48,58,62,69,85,96],
[63,67,74,90,101],
[68,72,79,95,106],
[73,77,84,100,111],
[78,82,89,105,116],
[83,87,94,110,121],
[88,92,99,115,126],
[93,97,104,120,131],
[98,102,109,125,136],
[3,103,107,114,130],
[9,108,112,119,135],
[2,15,113,117,124],
[8,21,118,122,129],
[14,27,123,127,134],
[1,20,33,128,132],
[7,26,39,133,137],
[4,13,32,45,138],
[5,10,19,38,51]],

[[0,22,26,45,49,68],
[6,28,32,51,54,73],
[12,34,38,56,59,78],
[18,40,44,61,64,83],
[24,46,50,66,69,88],
[30,52,55,71,74,93],
[36,57,60,76,79,98],
[42,62,65,81,84,103],
[48,67,70,86,89,108],
[72,75,91,94,113],
[77,80,96,99,118],
[82,85,101,104,123],
[87,90,106,109,128],
[92,95,111,114,133],
[97,100,116,119,138],
[5,102,105,121,124],
[11,107,110,126,129],
[17,112,115,131,134],
[1,23,117,120,136],
[3,7,29,122,125],
[9,13,35,127,130],
[15,19,41,132,135],
[2,21,25,47,137],
[4,8,27,31,53],
[10,14,33,37,58],
[16,20,39,43,63]],

[[0,27,38,54,67,83],
[6,33,44,59,72,88],
[12,39,50,64,77,93],
[18,45,55,69,82,98],
[24,51,60,74,87,103],
[30,56,65,79,92,108],
[36,61,70,84,97,113],
[42,66,75,89,102,118],
[48,71,80,94,107,123],
[76,85,99,112,128],
[81,90,104,117,133],
[86,95,109,122,138],
[5,91,100,114,127],
[11,96,105,119,132],
[17,101,110,124,137],
[4,23,106,115,129],
[10,29,111,120,134],
[1,16,35,116,125],
[7,22,41,121,130],
[13,28,47,126,135],
[2,19,34,53,131],
[8,25,40,58,136],
[3,14,31,46,63],
[9,20,37,52,68],
[15,26,43,57,73],
[21,32,49,62,78]],

[[0,29,37,61,75,82],
[6,35,43,66,80,87],
[12,41,49,71,85,92],
[18,47,54,76,90,97],
[24,53,59,81,95,102],
[30,58,64,86,100,107],
[36,63,69,91,105,112],
[42,68,74,96,110,117],
[48,73,79,101,115,122],
[78,84,106,120,127],
[83,89,111,125,132],
[88,94,116,130,137],
[4,93,99,121,135],
[2,10,98,104,126],
[8,16,103,109,131],
[14,22,108,114,136],
[3,20,28,113,119],
[9,26,34,118,124],
[15,32,40,123,129],
[21,38,46,128,134],
[1,27,44,52,133],
[7,33,50,57,138],
[5,13,39,55,62],
[11,19,45,60,67],
[17,25,51,65,72],
[23,31,56,70,77]],

[[0,34,50,58,74,81],
[6,40,55,63,79,86],
[12,46,60,68,84,91],
[18,52,65,73,89,96],
[24,57,70,78,94,101],
[30,62,75,83,99,106],
[36,67,80,88,104,111],
[42,72,85,93,109,116],
[48,77,90,98,114,121],
[82,95,103,119,126],
[87,100,108,124,131],
[92,105,113,129,136],
[3,97,110,118,134],
[1,9,102,115,123],
[7,15,107,120,128],
[13,21,112,125,133],
[19,27,117,130,138],
[5,25,33,122,135],
[2,11,31,39,127],
[8,17,37,45,132],
[14,23,43,51,137],
[4,20,29,49,56],
[10,26,35,54,61],
[16,32,41,59,66],
[22,38,47,64,71],
[28,44,53,69,76]],

[[0,39,59,80,97,108],
[6,45,64,85,102,113],
[12,51,69,90,107,118],
[18,56,74,95,112,123],
[24,61,79,100,117,128],
[30,66,84,105,122,133],
[36,71,89,110,127,138],
[5,42,76,94,115,132],
[11,48,81,99,120,137],
[4,17,86,104,125],
[10,23,91,109,130],
[16,29,96,114,135],
[2,22,35,101,119],
[8,28,41,106,124],
[14,34,47,111,129],
[20,40,53,116,134],
[1,26,46,58,121],
[7,32,52,63,126],
[13,38,57,68,131],
[19,44,62,73,136],
[3,25,50,67,78],
[9,31,55,72,83],
[15,37,60,77,88],
[21,43,65,82,93],
[27,49,70,87,98],
[33,54,75,92,103]],

[[0,40,43,70,96,128],
[6,46,49,75,101,133],
[12,52,54,80,106,138],
[5,18,57,59,85,111],
[11,24,62,64,90,116],
[17,30,67,69,95,121],
[23,36,72,74,100,126],
[29,42,77,79,105,131],
[35,48,82,84,110,136],
[3,41,87,89,115],
[9,47,92,94,120],
[15,53,97,99,125],
[21,58,102,104,130],
[27,63,107,109,135],
[2,33,68,112,114],
[8,39,73,117,119],
[14,45,78,122,124],
[20,51,83,127,129],
[26,56,88,132,134],
[1,32,61,93,137],
[4,7,38,66,98],
[10,13,44,71,103],
[16,19,50,76,108],
[22,25,55,81,113],
[28,31,60,86,118],
[34,37,65,91,123]],

[[0,41,52,64,95,131],
[6,47,57,69,100,136],
[3,12,53,62,74,105],
[9,18,58,67,79,110],
[15,24,63,72,84,115],
[21,30,68,77,89,120],
[27,36,73,82,94,125],
[33,42,78,87,99,130],
[39,48,83,92,104,135],
[2,45,88,97,109],
[8,51,93,102,114],
[14,56,98,107,119],
[20,61,103,112,124],
[26,66,108,117,129],
[32,71,113,122,134],
[1,38,76,118,127],
[7,44,81,123,132],
[13,50,86,128,137],
[4,19,55,91,133],
[10,25,60,96,138],
[5,16,31,65,101],
[11,22,37,70,106],
[17,28,43,75,111],
[23,34,49,80,116],
[29,40,54,85,121],
[35,46,59,90,126]],

[[0,53,55,89,112,121],
[6,58,60,94,117,126],
[12,63,65,99,122,131],
[18,68,70,104,127,136],
[3,24,73,75,109,132],
[9,30,78,80,114,137],
[4,15,36,83,85,119],
[10,21,42,88,90,124],
[16,27,48,93,95,129],
[22,33,98,100,134],
[1,28,39,103,105],
[7,34,45,108,110],
[13,40,51,113,115],
[19,46,56,118,120],
[25,52,61,123,125],
[31,57,66,128,130],
[37,62,71,133,135],
[2,43,67,76,138],
[5,8,49,72,81],
[11,14,54,77,86],
[17,20,59,82,91],
[23,26,64,87,96],
[29,32,69,92,101],
[35,38,74,97,106],
[41,44,79,102,111],
[47,50,84,107,116]],

[[0,60,99,107,133,136],
[3,6,65,104,112,138],
[5,9,12,70,109,117],
[11,15,18,75,114,122],
[17,21,24,80,119,127],
[23,27,30,85,124,132],
[29,33,36,90,129,137],
[4,35,39,42,95,134],
[1,10,41,45,48,100],
[7,16,47,51,105],
[13,22,53,56,110],
[19,28,58,61,115],
[25,34,63,66,120],
[31,40,68,71,125],
[37,46,73,76,130],
[43,52,78,81,135],
[2,49,57,83,86],
[8,54,62,88,91],
[14,59,67,93,96],
[20,64,72,98,101],
[26,69,77,103,106],
[32,74,82,108,111],
[38,79,87,113,116],
[44,84,92,118,121],
[50,89,97,123,126],
[55,94,102,128,131]]

]