[[[0,1,2,3,4,5],
[6,7,8,9,10,11],
[12,13,14,15,16,17],
[18,19,20,21,22,23],
[24,25,26,27,28,29],
[30,31,32,33,34,35],
[36,37,38,39,40],
[41,42,43,44,45],
[46,47,48,49,50],
[51,52,53,54,55],
[56,57,58,59,60],
[61,62,63,64,65],
[66,67,68,69,70],
[71,72,73,74,75],
[76,77,78,79,80],
[81,82,83,84,85],
[86,87,88,89,90],
[91,92,93,94,95],
[96,97,98,99,100],
[101,102,103,104,105],
[106,107,108,109,110],
[111,112,113,114,115],
[116,117,118,119,120],
[121,122,123,124,125],
[126,127,128,129,130],
[131,132,133,134,135]],

[[0,7,14,21,28,35],
[6,13,20,27,34,40],
[12,19,26,33,39,45],
[18,25,32,38,44,50],
[24,31,37,43,49,55],
[30,36,42,48,54,60],
[41,47,53,59,65],
[46,52,58,64,70],
[51,57,63,69,75],
[56,62,68,74,80],
[61,67,73,79,85],
[66,72,78,84,90],
[71,77,83,89,95],
[76,82,88,94,100],
[81,87,93,99,105],
[86,92,98,104,110],
[91,97,103,109,115],
[96,102,108,114,120],
[101,107,113,119,125],
[106,112,118,124,130],
[111,117,123,129,135],
[5,116,122,128,134],
[4,11,121,127,133],
[3,10,17,126,132],
[2,9,16,23,131],
[1,8,15,22,29]],

[[0,8,13,23,33,44],
[6,14,19,29,38,49],
[12,20,25,35,43,54],
[18,26,31,40,48,59],
[24,32,36,45,53,64],
[30,37,41,50,58,69],
[42,46,55,63,74],
[47,51,60,68,79],
[52,56,65,73,84],
[57,61,70,78,89],
[62,66,75,83,94],
[67,71,80,88,99],
[72,76,85,93,104],
[77,81,90,98,109],
[82,86,95,103,114],
[87,91,100,108,119],
[92,96,105,113,124],
[97,101,110,118,129],
[102,106,115,123,134],
[4,107,111,120,128],
[10,112,116,125,133],
[3,16,117,121,130],
[9,22,122,126,135],
[5,15,28,127,131],
[1,11,21,34,132],
[2,7,17,27,39]],

[[0,9,17,19,32,54],
[6,15,23,25,37,59],
[12,21,29,31,42,64],
[18,27,35,36,47,69],
[24,33,40,41,52,74],
[30,38,45,46,57,79],
[43,50,51,62,84],
[48,55,56,67,89],
[53,60,61,72,94],
[58,65,66,77,99],
[63,70,71,82,104],
[68,75,76,87,109],
[73,80,81,92,114],
[78,85,86,97,119],
[83,90,91,102,124],
[88,95,96,107,129],
[93,100,101,112,134],
[4,98,105,106,117],
[10,103,110,111,122],
[16,108,115,116,127],
[22,113,120,121,132],
[2,28,118,125,126],
[8,34,123,130,131],
[1,14,39,128,135],
[5,7,20,44,133],
[3,11,13,26,49]],

[[0,10,15,20,31,45],
[6,16,21,26,36,50],
[12,22,27,32,41,55],
[18,28,33,37,46,60],
[24,34,38,42,51,65],
[30,39,43,47,56,70],
[44,48,52,61,75],
[49,53,57,66,80],
[54,58,62,71,85],
[59,63,67,76,90],
[64,68,72,81,95],
[69,73,77,86,100],
[74,78,82,91,105],
[79,83,87,96,110],
[84,88,92,101,115],
[89,93,97,106,120],
[94,98,102,111,125],
[99,103,107,116,130],
[104,108,112,121,135],
[5,109,113,117,126],
[11,114,118,122,131],
[1,17,119,123,127],
[7,23,124,128,132],
[2,13,29,129,133],
[3,8,19,35,134],
[4,9,14,25,40]],

[[0,11,16,25,42,53],
[6,17,22,31,47,58],
[12,23,28,36,52,63],
[18,29,34,41,57,68],
[24,35,39,46,62,73],
[30,40,44,51,67,78],
[45,49,56,72,83],
[50,54,61,77,88],
[55,59,66,82,93],
[60,64,71,87,98],
[65,69,76,92,103],
[70,74,81,97,108],
[75,79,86,102,113],
[80,84,91,107,118],
[85,89,96,112,123],
[90,94,101,117,128],
[95,99,106,122,133],
[3,100,104,111,127],
[9,105,109,116,132],
[2,15,110,114,121],
[8,21,115,119,126],
[14,27,120,124,131],
[1,20,33,125,129],
[7,26,38,130,134],
[4,13,32,43,135],
[5,10,19,37,48]],

[[0,22,26,43,46,65],
[6,28,32,48,51,70],
[12,34,37,53,56,75],
[18,39,42,58,61,80],
[24,44,47,63,66,85],
[30,49,52,68,71,90],
[54,57,73,76,95],
[59,62,78,81,100],
[64,67,83,86,105],
[69,72,88,91,110],
[74,77,93,96,115],
[79,82,98,101,120],
[84,87,103,106,125],
[89,92,108,111,130],
[94,97,113,116,135],
[5,99,102,118,121],
[11,104,107,123,126],
[17,109,112,128,131],
[1,23,114,117,133],
[3,7,29,119,122],
[9,13,35,124,127],
[15,19,40,129,132],
[2,21,25,45,134],
[4,8,27,31,50],
[10,14,33,36,55],
[16,20,38,41,60]],

[[0,27,37,51,64,80],
[6,33,42,56,69,85],
[12,38,47,61,74,90],
[18,43,52,66,79,95],
[24,48,57,71,84,100],
[30,53,62,76,89,105],
[58,67,81,94,110],
[63,72,86,99,115],
[68,77,91,104,120],
[73,82,96,109,125],
[78,87,101,114,130],
[83,92,106,119,135],
[5,88,97,111,124],
[11,93,102,116,129],
[17,98,107,121,134],
[4,23,103,112,126],
[10,29,108,117,131],
[1,16,35,113,122],
[7,22,40,118,127],
[13,28,45,123,132],
[2,19,34,50,128],
[8,25,39,55,133],
[3,14,31,44,60],
[9,20,36,49,65],
[15,26,41,54,70],
[21,32,46,59,75]],

[[0,29,36,58,72,79],
[6,35,41,63,77,84],
[12,40,46,68,82,89],
[18,45,51,73,87,94],
[24,50,56,78,92,99],
[30,55,61,83,97,104],
[60,66,88,102,109],
[65,71,93,107,114],
[70,76,98,112,119],
[75,81,103,117,124],
[80,86,108,122,129],
[85,91,113,127,134],
[4,90,96,118,132],
[2,10,95,101,123],
[8,16,100,106,128],
[14,22,105,111,133],
[3,20,28,110,116],
[9,26,34,115,121],
[15,32,39,120,126],
[21,37,44,125,131],
[1,27,42,49,130],
[7,33,47,54,135],
[5,13,38,52,59],
[11,19,43,57,64],
[17,25,48,62,69],
[23,31,53,67,74]],

[[0,34,47,55,71,78],
[6,39,52,60,76,83],
[12,44,57,65,81,88],
[18,49,62,70,86,93],
[24,54,67,75,91,98],
[30,59,72,80,96,103],
[64,77,85,101,108],
[69,82,90,106,113],
[74,87,95,111,118],
[79,92,100,116,123],
[84,97,105,121,128],
[89,102,110,126,133],
[3,94,107,115,131],
[1,9,99,112,120],
[7,15,104,117,125],
[13,21,109,122,130],
[19,27,114,127,135],
[5,25,33,119,132],
[2,11,31,38,124],
[8,17,36,43,129],
[14,23,41,48,134],
[4,20,29,46,53],
[10,26,35,51,58],
[16,32,40,56,63],
[22,37,45,61,68],
[28,42,50,66,73]],

[[0,38,56,77,94,105],
[6,43,61,82,99,110],
[12,48,66,87,104,115],
[18,53,71,92,109,120],
[24,58,76,97,114,125],
[30,63,81,102,119,130],
[68,86,107,124,135],
[5,73,91,112,129],
[11,78,96,117,134],
[4,17,83,101,122],
[10,23,88,106,127],
[16,29,93,111,132],
[2,22,35,98,116],
[8,28,40,103,121],
[14,34,45,108,126],
[20,39,50,113,131],
[1,26,44,55,118],
[7,32,49,60,123],
[13,37,54,65,128],
[19,42,59,70,133],
[3,25,47,64,75],
[9,31,52,69,80],
[15,36,57,74,85],
[21,41,62,79,90],
[27,46,67,84,95],
[33,51,72,89,100]],

[[0,39,41,67,93,125],
[6,44,46,72,98,130],
[12,49,51,77,103,135],
[5,18,54,56,82,108],
[11,24,59,61,87,113],
[17,30,64,66,92,118],
[23,69,71,97,123],
[29,74,76,102,128],
[35,79,81,107,133],
[3,40,84,86,112],
[9,45,89,91,117],
[15,50,94,96,122],
[21,55,99,101,127],
[27,60,104,106,132],
[2,33,65,109,111],
[8,38,70,114,116],
[14,43,75,119,121],
[20,48,80,124,126],
[26,53,85,129,131],
[1,32,58,90,134],
[4,7,37,63,95],
[10,13,42,68,100],
[16,19,47,73,105],
[22,25,52,78,110],
[28,31,57,83,115],
[34,36,62,88,120]],

[[0,40,49,61,92,128],
[6,45,54,66,97,133],
[3,12,50,59,71,102],
[9,18,55,64,76,107],
[15,24,60,69,81,112],
[21,30,65,74,86,117],
[27,70,79,91,122],
[33,75,84,96,127],
[38,80,89,101,132],
[2,43,85,94,106],
[8,48,90,99,111],
[14,53,95,104,116],
[20,58,100,109,121],
[26,63,105,114,126],
[32,68,110,119,131],
[1,37,73,115,124],
[7,42,78,120,129],
[13,47,83,125,134],
[4,19,52,88,130],
[10,25,57,93,135],
[5,16,31,62,98],
[11,22,36,67,103],
[17,28,41,72,108],
[23,34,46,77,113],
[29,39,51,82,118],
[35,44,56,87,123]],

[[0,50,52,86,109,118],
[6,55,57,91,114,123],
[12,60,62,96,119,128],
[18,65,67,101,124,133],
[3,24,70,72,106,129],
[9,30,75,77,111,134],
[4,15,80,82,116],
[10,21,85,87,121],
[16,27,90,92,126],
[22,33,95,97,131],
[1,28,38,100,102],
[7,34,43,105,107],
[13,39,48,110,112],
[19,44,53,115,117],
[25,49,58,120,122],
[31,54,63,125,127],
[36,59,68,130,132],
[2,41,64,73,135],
[5,8,46,69,78],
[11,14,51,74,83],
[17,20,56,79,88],
[23,26,61,84,93],
[29,32,66,89,98],
[35,37,71,94,103],
[40,42,76,99,108],
[45,47,81,104,113]],

[[0,57,96,104,130,133],
[3,6,62,101,109,135],
[5,9,12,67,106,114],
[11,15,18,72,111,119],
[17,21,24,77,116,124],
[23,27,30,82,121,129],
[29,33,87,126,134],
[4,35,38,92,131],
[1,10,40,43,97],
[7,16,45,48,102],
[13,22,50,53,107],
[19,28,55,58,112],
[25,34,60,63,117],
[31,39,65,68,122],
[36,44,70,73,127],
[41,49,75,78,132],
[2,46,54,80,83],
[8,51,59,85,88],
[14,56,64,90,93],
[20,61,69,95,98],
[26,66,74,100,103],
[32,71,79,105,108],
[37,76,84,110,113],
[42,81,89,115,118],
[47,86,94,120,123],
[52,91,99,125,128]]

]