[[[0,1,2,3,4,5],
[6,7,8,9,10,11],
[12,13,14,15,16,17],
[18,19,20,21,22,23],
[24,25,26,27,28,29],
[30,31,32,33,34,35],
[36,37,38,39,40,41],
[42,43,44,45,46,47],
[48,49,50,51,52],
[53,54,55,56,57],
[58,59,60,61,62],
[63,64,65,66,67],
[68,69,70,71,72],
[73,74,75,76,77],
[78,79,80,81,82],
[83,84,85,86,87],
[88,89,90,91,92],
[93,94,95,96,97],
[98,99,100,101,102],
[103,104,105,106,107],
[108,109,110,111,112],
[113,114,115,116,117],
[118,119,120,121,122],
[123,124,125,126,127],
[128,129,130,131,132],
[133,134,135,136,137]],

[[0,7,14,21,28,35],
[6,13,20,27,34,41],
[12,19,26,33,40,47],
[18,25,32,39,46,52],
[24,31,38,45,51,57],
[30,37,44,50,56,62],
[36,43,49,55,61,67],
[42,48,54,60,66,72],
[53,59,65,71,77],
[58,64,70,76,82],
[63,69,75,81,87],
[68,74,80,86,92],
[73,79,85,91,97],
[78,84,90,96,102],
[83,89,95,101,107],
[88,94,100,106,112],
[93,99,105,111,117],
[98,104,110,116,122],
[103,109,115,121,127],
[108,114,120,126,132],
[113,119,125,131,137],
[5,118,124,130,136],
[4,11,123,129,135],
[3,10,17,128,134],
[2,9,16,23,133],
[1,8,15,22,29]],

[[0,8,13,23,33,46],
[6,14,19,29,39,51],
[12,20,25,35,45,56],
[18,26,31,41,50,61],
[24,32,37,47,55,66],
[30,38,43,52,60,71],
[36,44,48,57,65,76],
[42,49,53,62,70,81],
[54,58,67,75,86],
[59,63,72,80,91],
[64,68,77,85,96],
[69,73,82,90,101],
[74,78,87,95,106],
[79,83,92,100,111],
[84,88,97,105,116],
[89,93,102,110,121],
[94,98,107,115,126],
[99,103,112,120,131],
[104,108,117,125,136],
[4,109,113,122,130],
[10,114,118,127,135],
[3,16,119,123,132],
[9,22,124,128,137],
[5,15,28,129,133],
[1,11,21,34,134],
[2,7,17,27,40]],

[[0,9,17,19,32,56],
[6,15,23,25,38,61],
[12,21,29,31,44,66],
[18,27,35,37,49,71],
[24,33,41,43,54,76],
[30,39,47,48,59,81],
[36,45,52,53,64,86],
[42,50,57,58,69,91],
[55,62,63,74,96],
[60,67,68,79,101],
[65,72,73,84,106],
[70,77,78,89,111],
[75,82,83,94,116],
[80,87,88,99,121],
[85,92,93,104,126],
[90,97,98,109,131],
[95,102,103,114,136],
[4,100,107,108,119],
[10,105,112,113,124],
[16,110,117,118,129],
[22,115,122,123,134],
[2,28,120,127,128],
[8,34,125,132,133],
[1,14,40,130,137],
[5,7,20,46,135],
[3,11,13,26,51]],

[[0,10,15,20,31,47],
[6,16,21,26,37,52],
[12,22,27,32,43,57],
[18,28,33,38,48,62],
[24,34,39,44,53,67],
[30,40,45,49,58,72],
[36,46,50,54,63,77],
[42,51,55,59,68,82],
[56,60,64,73,87],
[61,65,69,78,92],
[66,70,74,83,97],
[71,75,79,88,102],
[76,80,84,93,107],
[81,85,89,98,112],
[86,90,94,103,117],
[91,95,99,108,122],
[96,100,104,113,127],
[101,105,109,118,132],
[106,110,114,123,137],
[5,111,115,119,128],
[11,116,120,124,133],
[1,17,121,125,129],
[7,23,126,130,134],
[2,13,29,131,135],
[3,8,19,35,136],
[4,9,14,25,41]],

[[0,11,16,25,44,55],
[6,17,22,31,49,60],
[12,23,28,37,54,65],
[18,29,34,43,59,70],
[24,35,40,48,64,75],
[30,41,46,53,69,80],
[36,47,51,58,74,85],
[42,52,56,63,79,90],
[57,61,68,84,95],
[62,66,73,89,100],
[67,71,78,94,105],
[72,76,83,99,110],
[77,81,88,104,115],
[82,86,93,109,120],
[87,91,98,114,125],
[92,96,103,119,130],
[97,101,108,124,135],
[3,102,106,113,129],
[9,107,111,118,134],
[2,15,112,116,123],
[8,21,117,121,128],
[14,27,122,126,133],
[1,20,33,127,131],
[7,26,39,132,136],
[4,13,32,45,137],
[5,10,19,38,50]],

[[0,22,26,45,48,67],
[6,28,32,50,53,72],
[12,34,38,55,58,77],
[18,40,44,60,63,82],
[24,46,49,65,68,87],
[30,51,54,70,73,92],
[36,56,59,75,78,97],
[42,61,64,80,83,102],
[66,69,85,88,107],
[71,74,90,93,112],
[76,79,95,98,117],
[81,84,100,103,122],
[86,89,105,108,127],
[91,94,110,113,132],
[96,99,115,118,137],
[5,101,104,120,123],
[11,106,109,125,128],
[17,111,114,130,133],
[1,23,116,119,135],
[3,7,29,121,124],
[9,13,35,126,129],
[15,19,41,131,134],
[2,21,25,47,136],
[4,8,27,31,52],
[10,14,33,37,57],
[16,20,39,43,62]],

[[0,27,38,53,66,82],
[6,33,44,58,71,87],
[12,39,49,63,76,92],
[18,45,54,68,81,97],
[24,50,59,73,86,102],
[30,55,64,78,91,107],
[36,60,69,83,96,112],
[42,65,74,88,101,117],
[70,79,93,106,122],
[75,84,98,111,127],
[80,89,103,116,132],
[85,94,108,121,137],
[5,90,99,113,126],
[11,95,104,118,131],
[17,100,109,123,136],
[4,23,105,114,128],
[10,29,110,119,133],
[1,16,35,115,124],
[7,22,41,120,129],
[13,28,47,125,134],
[2,19,34,52,130],
[8,25,40,57,135],
[3,14,31,46,62],
[9,20,37,51,67],
[15,26,43,56,72],
[21,32,48,61,77]],

[[0,29,37,60,74,81],
[6,35,43,65,79,86],
[12,41,48,70,84,91],
[18,47,53,75,89,96],
[24,52,58,80,94,101],
[30,57,63,85,99,106],
[36,62,68,90,104,111],
[42,67,73,95,109,116],
[72,78,100,114,121],
[77,83,105,119,126],
[82,88,110,124,131],
[87,93,115,129,136],
[4,92,98,120,134],
[2,10,97,103,125],
[8,16,102,108,130],
[14,22,107,113,135],
[3,20,28,112,118],
[9,26,34,117,123],
[15,32,40,122,128],
[21,38,46,127,133],
[1,27,44,51,132],
[7,33,49,56,137],
[5,13,39,54,61],
[11,19,45,59,66],
[17,25,50,64,71],
[23,31,55,69,76]],

[[0,34,49,57,73,80],
[6,40,54,62,78,85],
[12,46,59,67,83,90],
[18,51,64,72,88,95],
[24,56,69,77,93,100],
[30,61,74,82,98,105],
[36,66,79,87,103,110],
[42,71,84,92,108,115],
[76,89,97,113,120],
[81,94,102,118,125],
[86,99,107,123,130],
[91,104,112,128,135],
[3,96,109,117,133],
[1,9,101,114,122],
[7,15,106,119,127],
[13,21,111,124,132],
[19,27,116,129,137],
[5,25,33,121,134],
[2,11,31,39,126],
[8,17,37,45,131],
[14,23,43,50,136],
[4,20,29,48,55],
[10,26,35,53,60],
[16,32,41,58,65],
[22,38,47,63,70],
[28,44,52,68,75]],

[[0,39,58,79,96,107],
[6,45,63,84,101,112],
[12,50,68,89,106,117],
[18,55,73,94,111,122],
[24,60,78,99,116,127],
[30,65,83,104,121,132],
[36,70,88,109,126,137],
[5,42,75,93,114,131],
[11,80,98,119,136],
[4,17,85,103,124],
[10,23,90,108,129],
[16,29,95,113,134],
[2,22,35,100,118],
[8,28,41,105,123],
[14,34,47,110,128],
[20,40,52,115,133],
[1,26,46,57,120],
[7,32,51,62,125],
[13,38,56,67,130],
[19,44,61,72,135],
[3,25,49,66,77],
[9,31,54,71,82],
[15,37,59,76,87],
[21,43,64,81,92],
[27,48,69,86,97],
[33,53,74,91,102]],

[[0,40,43,69,95,127],
[6,46,48,74,100,132],
[12,51,53,79,105,137],
[5,18,56,58,84,110],
[11,24,61,63,89,115],
[17,30,66,68,94,120],
[23,36,71,73,99,125],
[29,42,76,78,104,130],
[35,81,83,109,135],
[3,41,86,88,114],
[9,47,91,93,119],
[15,52,96,98,124],
[21,57,101,103,129],
[27,62,106,108,134],
[2,33,67,111,113],
[8,39,72,116,118],
[14,45,77,121,123],
[20,50,82,126,128],
[26,55,87,131,133],
[1,32,60,92,136],
[4,7,38,65,97],
[10,13,44,70,102],
[16,19,49,75,107],
[22,25,54,80,112],
[28,31,59,85,117],
[34,37,64,90,122]],

[[0,41,51,63,94,130],
[6,47,56,68,99,135],
[3,12,52,61,73,104],
[9,18,57,66,78,109],
[15,24,62,71,83,114],
[21,30,67,76,88,119],
[27,36,72,81,93,124],
[33,42,77,86,98,129],
[39,82,91,103,134],
[2,45,87,96,108],
[8,50,92,101,113],
[14,55,97,106,118],
[20,60,102,111,123],
[26,65,107,116,128],
[32,70,112,121,133],
[1,38,75,117,126],
[7,44,80,122,131],
[13,49,85,127,136],
[4,19,54,90,132],
[10,25,59,95,137],
[5,16,31,64,100],
[11,22,37,69,105],
[17,28,43,74,110],
[23,34,48,79,115],
[29,40,53,84,120],
[35,46,58,89,125]],

[[0,52,54,88,111,120],
[6,57,59,93,116,125],
[12,62,64,98,121,130],
[18,67,69,103,126,135],
[3,24,72,74,108,131],
[9,30,77,79,113,136],
[4,15,36,82,84,118],
[10,21,42,87,89,123],
[16,27,92,94,128],
[22,33,97,99,133],
[1,28,39,102,104],
[7,34,45,107,109],
[13,40,50,112,114],
[19,46,55,117,119],
[25,51,60,122,124],
[31,56,65,127,129],
[37,61,70,132,134],
[2,43,66,75,137],
[5,8,48,71,80],
[11,14,53,76,85],
[17,20,58,81,90],
[23,26,63,86,95],
[29,32,68,91,100],
[35,38,73,96,105],
[41,44,78,101,110],
[47,49,83,106,115]],

[[0,59,98,106,132,135],
[3,6,64,103,111,137],
[5,9,12,69,108,116],
[11,15,18,74,113,121],
[17,21,24,79,118,126],
[23,27,30,84,123,131],
[29,33,36,89,128,136],
[4,35,39,42,94,133],
[1,10,41,45,99],
[7,16,47,50,104],
[13,22,52,55,109],
[19,28,57,60,114],
[25,34,62,65,119],
[31,40,67,70,124],
[37,46,72,75,129],
[43,51,77,80,134],
[2,48,56,82,85],
[8,53,61,87,90],
[14,58,66,92,95],
[20,63,71,97,100],
[26,68,76,102,105],
[32,73,81,107,110],
[38,78,86,112,115],
[44,83,91,117,120],
[49,88,96,122,125],
[54,93,101,127,130]]

]
