[[[0,1,2,3,4,5],
[6,7,8,9,10,11],
[12,13,14,15,16,17],
[18,19,20,21,22,23],
[24,25,26,27,28,29],
[30,31,32,33,34,35],
[36,37,38,39,40,41],
[42,43,44,45,46,47],
[48,49,50,51,52,53],
[54,55,56,57,58,59],
[60,61,62,63,64,65],
[66,67,68,69,70],
[71,72,73,74,75],
[76,77,78,79,80],
[81,82,83,84,85],
[86,87,88,89,90],
[91,92,93,94,95],
[96,97,98,99,100],
[101,102,103,104,105],
[106,107,108,109,110],
[111,112,113,114,115],
[116,117,118,119,120]],

[[0,7,14,21,28,35],
[6,13,20,27,34,41],
[12,19,26,33,40,47],
[18,25,32,39,46,53],
[24,31,38,45,52,59],
[30,37,44,51,58,65],
[36,43,50,57,64,70],
[42,49,56,63,69,75],
[48,55,62,68,74,80],
[54,61,67,73,79,85],
[60,66,72,78,84,90],
[71,77,83,89,95],
[76,82,88,94,100],
[81,87,93,99,105],
[86,92,98,104,110],
[91,97,103,109,115],
[96,102,108,114,120],
[5,101,107,113,119],
[4,11,106,112,118],
[3,10,17,111,117],
[2,9,16,23,116],
[1,8,15,22,29]],

[[0,8,13,23,33,46],
[6,14,19,29,39,52],
[12,20,25,35,45,58],
[18,26,31,41,51,64],
[24,32,37,47,57,69],
[30,38,43,53,63,74],
[36,44,49,59,68,79],
[42,50,55,65,73,84],
[48,56,61,70,78,89],
[54,62,66,75,83,94],
[60,67,71,80,88,99],
[72,76,85,93,104],
[77,81,90,98,109],
[82,86,95,103,114],
[87,91,100,108,119],
[4,92,96,105,113],
[10,97,101,110,118],
[3,16,102,106,115],
[9,22,107,111,120],
[5,15,28,112,116],
[1,11,21,34,117],
[2,7,17,27,40]],

[[0,9,17,19,32,58],
[6,15,23,25,38,64],
[12,21,29,31,44,69],
[18,27,35,37,50,74],
[24,33,41,43,56,79],
[30,39,47,49,62,84],
[36,45,53,55,67,89],
[42,51,59,61,72,94],
[48,57,65,66,77,99],
[54,63,70,71,82,104],
[60,68,75,76,87,109],
[73,80,81,92,114],
[78,85,86,97,119],
[4,83,90,91,102],
[10,88,95,96,107],
[16,93,100,101,112],
[22,98,105,106,117],
[2,28,103,110,111],
[8,34,108,115,116],
[1,14,40,113,120],
[5,7,20,46,118],
[3,11,13,26,52]],

[[0,10,15,20,31,47],
[6,16,21,26,37,53],
[12,22,27,32,43,59],
[18,28,33,38,49,65],
[24,34,39,44,55,70],
[30,40,45,50,61,75],
[36,46,51,56,66,80],
[42,52,57,62,71,85],
[48,58,63,67,76,90],
[54,64,68,72,81,95],
[60,69,73,77,86,100],
[74,78,82,91,105],
[79,83,87,96,110],
[84,88,92,101,115],
[89,93,97,106,120],
[5,94,98,102,111],
[11,99,103,107,116],
[1,17,104,108,112],
[7,23,109,113,117],
[2,13,29,114,118],
[3,8,19,35,119],
[4,9,14,25,41]],

[[0,11,16,25,44,57],
[6,17,22,31,50,63],
[12,23,28,37,56,68],
[18,29,34,43,62,73],
[24,35,40,49,67,78],
[30,41,46,55,72,83],
[36,47,52,61,77,88],
[42,53,58,66,82,93],
[48,59,64,71,87,98],
[54,65,69,76,92,103],
[60,70,74,81,97,108],
[75,79,86,102,113],
[80,84,91,107,118],
[3,85,89,96,112],
[9,90,94,101,117],
[2,15,95,99,106],
[8,21,100,104,111],
[14,27,105,109,116],
[1,20,33,110,114],
[7,26,39,115,119],
[4,13,32,45,120],
[5,10,19,38,51]],

[[0,22,26,45,49,70],
[6,28,32,51,55,75],
[12,34,38,57,61,80],
[18,40,44,63,66,85],
[24,46,50,68,71,90],
[30,52,56,73,76,95],
[36,58,62,78,81,100],
[42,64,67,83,86,105],
[48,69,72,88,91,110],
[54,74,77,93,96,115],
[60,79,82,98,101,120],
[5,84,87,103,106],
[11,89,92,108,111],
[17,94,97,113,116],
[1,23,99,102,118],
[3,7,29,104,107],
[9,13,35,109,112],
[15,19,41,114,117],
[2,21,25,47,119],
[4,8,27,31,53],
[10,14,33,37,59],
[16,20,39,43,65]],

[[0,27,38,55,69,85],
[6,33,44,61,74,90],
[12,39,50,66,79,95],
[18,45,56,71,84,100],
[24,51,62,76,89,105],
[30,57,67,81,94,110],
[36,63,72,86,99,115],
[42,68,77,91,104,120],
[5,48,73,82,96,109],
[11,54,78,87,101,114],
[17,60,83,92,106,119],
[4,23,88,97,111],
[10,29,93,102,116],
[1,16,35,98,107],
[7,22,41,103,112],
[13,28,47,108,117],
[2,19,34,53,113],
[8,25,40,59,118],
[3,14,31,46,65],
[9,20,37,52,70],
[15,26,43,58,75],
[21,32,49,64,80]],

[[0,29,37,63,77,84],
[6,35,43,68,82,89],
[12,41,49,73,87,94],
[18,47,55,78,92,99],
[24,53,61,83,97,104],
[30,59,66,88,102,109],
[36,65,71,93,107,114],
[42,70,76,98,112,119],
[4,48,75,81,103,117],
[2,10,54,80,86,108],
[8,16,60,85,91,113],
[14,22,90,96,118],
[3,20,28,95,101],
[9,26,34,100,106],
[15,32,40,105,111],
[21,38,46,110,116],
[1,27,44,52,115],
[7,33,50,58,120],
[5,13,39,56,64],
[11,19,45,62,69],
[17,25,51,67,74],
[23,31,57,72,79]],

[[0,34,50,59,76,83],
[6,40,56,65,81,88],
[12,46,62,70,86,93],
[18,52,67,75,91,98],
[24,58,72,80,96,103],
[30,64,77,85,101,108],
[36,69,82,90,106,113],
[42,74,87,95,111,118],
[3,48,79,92,100,116],
[1,9,54,84,97,105],
[7,15,60,89,102,110],
[13,21,94,107,115],
[19,27,99,112,120],
[5,25,33,104,117],
[2,11,31,39,109],
[8,17,37,45,114],
[14,23,43,51,119],
[4,20,29,49,57],
[10,26,35,55,63],
[16,32,41,61,68],
[22,38,47,66,73],
[28,44,53,71,78]],

[[0,39,75,82,99,111],
[6,45,80,87,104,116],
[1,12,51,85,92,109],
[7,18,57,90,97,114],
[13,24,63,95,102,119],
[4,19,30,68,100,107],
[10,25,36,73,105,112],
[16,31,42,78,110,117],
[2,22,37,48,83,115],
[8,28,43,54,88,120],
[5,14,34,49,60,93],
[11,20,40,55,98],
[17,26,46,61,103],
[23,32,52,66,108],
[29,38,58,71,113],
[35,44,64,76,118],
[3,41,50,69,81],
[9,47,56,74,86],
[15,53,62,79,91],
[21,59,67,84,96],
[27,65,72,89,101],
[33,70,77,94,106]],

[[0,40,53,68,96,117],
[2,6,46,59,73,101],
[8,12,52,65,78,106],
[14,18,58,70,83,111],
[20,24,64,75,88,116],
[1,26,30,69,80,93],
[7,32,36,74,85,98],
[13,38,42,79,90,103],
[19,44,48,84,95,108],
[25,50,54,89,100,113],
[31,56,60,94,105,118],
[3,37,62,99,110],
[9,43,67,104,115],
[15,49,72,109,120],
[5,21,55,77,114],
[11,27,61,82,119],
[4,17,33,66,87],
[10,23,39,71,92],
[16,29,45,76,97],
[22,35,51,81,102],
[28,41,57,86,107],
[34,47,63,91,112]],

[[0,41,62,88,104,106],
[6,47,67,93,109,111],
[12,53,72,98,114,116],
[1,18,59,77,103,119],
[4,7,24,65,82,108],
[10,13,30,70,87,113],
[16,19,36,75,92,118],
[3,22,25,42,80,97],
[9,28,31,48,85,102],
[15,34,37,54,90,107],
[21,40,43,60,95,112],
[27,46,49,100,117],
[2,33,52,55,105],
[8,39,58,61,110],
[14,45,64,66,115],
[20,51,69,71,120],
[5,26,57,74,76],
[11,32,63,79,81],
[17,38,68,84,86],
[23,44,73,89,91],
[29,50,78,94,96],
[35,56,83,99,101]],

[[0,43,52,72,100,118],
[3,6,49,58,77,105],
[9,12,55,64,82,110],
[15,18,61,69,87,115],
[21,24,66,74,92,120],
[5,27,30,71,79,97],
[11,33,36,76,84,102],
[17,39,42,81,89,107],
[23,45,48,86,94,112],
[29,51,54,91,99,117],
[2,35,57,60,96,104],
[8,41,63,101,109],
[14,47,68,106,114],
[20,53,73,111,119],
[4,26,59,78,116],
[1,10,32,65,83],
[7,16,38,70,88],
[13,22,44,75,93],
[19,28,50,80,98],
[25,34,56,85,103],
[31,40,62,90,108],
[37,46,67,95,113]]

]
