[[[0, 25, 49, 72, 97, 120],
[1, 4, 37, 43, 106, 114],
[11, 19, 26, 29, 60, 65],
[36, 50, 52, 84, 90],
[59, 66, 73, 76, 107, 113],
[12, 18, 83, 91, 98, 101],
[2, 3, 31, 48, 117],
[8, 22, 27, 28, 54, 71],
[33, 46, 51, 78, 96],
[56, 69, 74, 75, 103, 119],
[6, 24, 80, 94, 99, 100],
[7, 23, 58, 85, 89],
[32, 47, 82, 87, 108, 112],
[13, 17, 55, 70, 110],
[10, 15, 38, 42, 79, 95],
[35, 40, 61, 64, 104, 118],
[14, 16, 53, 67, 81, 93],
[39, 41, 77, 92, 105, 116],
[9, 21, 62, 63, 102, 115],
[5, 20, 34, 45, 86, 88],
[30, 44, 57, 68, 109, 111]],

[[1, 26, 50, 73, 98, 120],
[0, 2, 38, 107, 110],
[12, 15, 25, 27, 61, 66],
[37, 40, 49, 51, 85, 91],
[60, 72, 74, 108, 114],
[13, 19, 84, 87, 97, 99],
[3, 4, 32, 44, 105, 118],
[9, 23, 28, 29, 55, 67],
[34, 47, 52, 79, 92],
[57, 70, 75, 76, 104, 115],
[7, 20, 81, 95, 100, 101],
[8, 24, 59, 63, 86, 90],
[33, 48, 83, 88, 109, 113],
[14, 18, 56, 71, 106, 111],
[11, 16, 39, 43, 80, 96],
[36, 41, 62, 65, 119],
[10, 17, 54, 68, 77, 94],
[35, 42, 78, 93, 102, 117],
[5, 22, 58, 64, 103, 116],
[6, 21, 30, 46, 82, 89],
[31, 45, 53, 69, 112]],

[[2, 27, 51, 74, 99, 120],
[1, 3, 39, 40, 108, 111],
[13, 16, 26, 28, 62],
[38, 41, 50, 86, 87],
[61, 63, 73, 75, 109, 110],
[14, 15, 85, 88, 98, 100],
[0, 4, 33, 45, 102, 119],
[5, 24, 25, 29, 56, 68],
[30, 48, 49, 52, 80, 93],
[53, 71, 72, 76, 116],
[8, 21, 77, 96, 97, 101],
[9, 20, 60, 64, 82, 91],
[34, 44, 84, 89, 114],
[10, 19, 57, 67, 107, 112],
[12, 17, 35, 81, 92],
[37, 42, 58, 66, 105, 115],
[11, 18, 55, 69, 78, 95],
[36, 43, 79, 94, 103, 118],
[6, 23, 59, 65, 104, 117],
[7, 22, 31, 47, 83, 90],
[32, 46, 54, 70, 106, 113]],

[[3, 28, 75, 100, 120],
[2, 4, 35, 41, 109, 112],
[14, 17, 27, 29, 58, 63],
[39, 42, 51, 52, 82, 88],
[62, 64, 74, 76, 111],
[10, 16, 86, 89, 99, 101],
[0, 1, 34, 46, 103, 115],
[6, 20, 25, 26, 57, 69],
[31, 44, 49, 50, 81, 94],
[54, 67, 72, 73, 105, 117],
[9, 22, 78, 92, 97, 98],
[5, 21, 61, 65, 83, 87],
[30, 45, 85, 90, 106, 110],
[11, 15, 53, 68, 108, 113],
[13, 18, 36, 40, 77, 93],
[38, 43, 59, 102, 116],
[12, 19, 56, 70, 79, 96],
[37, 80, 95, 104, 119],
[7, 24, 60, 66, 118],
[8, 23, 32, 48, 84, 91],
[33, 47, 55, 71, 107, 114]],

[[4, 29, 52, 76, 101, 120],
[0, 3, 36, 42, 113],
[10, 18, 25, 28, 59, 64],
[35, 43, 49, 83, 89],
[58, 65, 72, 75, 106, 112],
[11, 17, 82, 90, 97, 100],
[1, 2, 30, 47, 104, 116],
[7, 21, 26, 27, 53, 70],
[32, 45, 50, 51, 77, 95],
[55, 68, 73, 74, 102, 118],
[5, 23, 79, 93, 98, 99],
[6, 22, 62, 66, 84, 88],
[31, 46, 86, 91, 107, 111],
[12, 16, 54, 69, 109, 114],
[14, 19, 37, 41, 78, 94],
[39, 60, 63, 103, 117],
[13, 15, 57, 71, 80, 92],
[38, 40, 81, 96, 115],
[8, 20, 61, 105, 119],
[9, 24, 33, 44, 85, 87],
[34, 48, 56, 67, 108, 110]],

[[5, 30, 53, 77, 102, 120],
[6, 9, 42, 47, 111, 119],
[16, 24, 31, 34, 64, 70],
[41, 48, 54, 57, 89, 95],
[63, 71, 78, 81, 112, 118],
[17, 23, 88, 96, 103, 105],
[7, 8, 29, 36, 99, 108],
[2, 13, 32, 33, 52, 59],
[27, 38, 55, 56, 76, 83],
[51, 61, 79, 80, 101, 106],
[4, 11, 74, 85, 104],
[3, 12, 67, 90, 94],
[28, 37, 87, 92, 113, 117],
[18, 22, 60, 110, 115],
[15, 20, 43, 46, 75, 84],
[40, 44, 65, 69, 100, 107],
[19, 21, 49, 58, 73, 86],
[45, 72, 82, 98, 109],
[1, 14, 66, 68, 97],
[0, 10, 26, 39, 91, 93],
[25, 35, 50, 62, 114, 116]],

[[6, 31, 54, 78, 103, 120],
[5, 7, 43, 48, 112, 115],
[17, 20, 30, 32, 65, 71],
[42, 44, 53, 55, 90, 96],
[64, 67, 77, 79, 113, 119],
[18, 24, 89, 92, 102, 104],
[8, 9, 25, 37, 100, 109],
[3, 14, 33, 34, 49, 60],
[28, 39, 56, 57, 72, 84],
[62, 80, 81, 97, 107],
[0, 12, 75, 86, 105],
[4, 13, 63, 68, 91, 95],
[29, 38, 88, 93, 114, 118],
[19, 23, 52, 61, 111, 116],
[16, 21, 47, 76, 85],
[41, 45, 66, 70, 101, 108],
[15, 22, 50, 59, 74, 82],
[40, 46, 73, 83, 99],
[2, 10, 69, 98, 106],
[1, 11, 27, 35, 87, 94],
[26, 36, 51, 58, 110, 117]],

[[7, 32, 55, 79, 104, 120],
[6, 8, 44, 113, 116],
[18, 21, 31, 33, 66, 67],
[43, 45, 54, 56, 91, 92],
[65, 68, 78, 80, 114, 115],
[19, 20, 90, 93, 103],
[5, 9, 26, 38, 101],
[4, 10, 30, 34, 50, 61],
[29, 35, 53, 57, 73, 85],
[52, 58, 77, 81, 98, 108],
[1, 13, 76, 82, 102, 105],
[0, 14, 64, 69, 87, 96],
[25, 39, 89, 94, 110, 119],
[15, 24, 49, 62, 112, 117],
[17, 22, 40, 48, 72, 86],
[42, 46, 71, 97, 109],
[16, 23, 51, 60, 75, 83],
[41, 47, 74, 84, 100, 106],
[3, 11, 63, 70, 99, 107],
[2, 12, 28, 36, 88, 95],
[27, 37, 59, 111, 118]],

[[8, 33, 56, 80, 120],
[7, 9, 40, 45, 114, 117],
[19, 22, 32, 34, 68],
[46, 55, 57, 87, 93],
[66, 69, 79, 81, 110, 116],
[15, 21, 91, 94, 104, 105],
[5, 6, 27, 39, 97, 106],
[0, 11, 30, 31, 51, 62],
[25, 36, 53, 54, 74, 86],
[49, 59, 77, 78, 99, 109],
[2, 14, 72, 83, 102, 103],
[1, 10, 65, 70, 88, 92],
[26, 35, 90, 95, 111, 115],
[16, 20, 50, 58, 113, 118],
[18, 23, 41, 44, 73, 82],
[43, 47, 63, 67, 98],
[17, 24, 61, 76, 84],
[42, 48, 75, 85, 101, 107],
[4, 12, 64, 71, 100, 108],
[3, 13, 29, 37, 89, 96],
[28, 38, 52, 60, 112, 119]],

[[9, 34, 57, 81, 105, 120],
[5, 8, 41, 46, 110, 118],
[15, 23, 30, 33, 63, 69],
[40, 47, 53, 56, 88, 94],
[70, 77, 80, 111, 117],
[16, 22, 87, 95, 102],
[6, 7, 28, 35, 98, 107],
[1, 12, 31, 32, 58],
[26, 37, 54, 55, 75, 82],
[50, 60, 78, 79, 100],
[3, 10, 73, 84, 103, 104],
[2, 11, 66, 71, 89, 93],
[27, 36, 91, 96, 112, 116],
[17, 21, 51, 59, 114, 119],
[19, 24, 42, 45, 74, 83],
[48, 64, 68, 99, 106],
[18, 20, 52, 62, 72, 85],
[43, 44, 76, 86, 97, 108],
[0, 13, 65, 67, 101, 109],
[4, 14, 25, 38, 90, 92],
[29, 39, 49, 61, 113, 115]],

[[10, 35, 58, 82, 120],
[11, 14, 28, 46, 101, 116],
[4, 21, 36, 39, 69],
[29, 45, 59, 62, 75, 94],
[52, 68, 83, 86, 100, 117],
[3, 22, 76, 93, 106, 109],
[12, 13, 34, 41, 104, 113],
[7, 18, 37, 38, 57, 63],
[32, 43, 60, 61, 81, 88],
[55, 65, 84, 85, 105, 111],
[9, 16, 79, 90, 107, 108],
[8, 17, 49, 67, 74, 95],
[33, 42, 72, 92, 99, 118],
[2, 23, 56, 64, 97, 115],
[0, 20, 27, 47, 80, 89],
[25, 44, 51, 70, 112],
[1, 24, 53, 78, 91],
[26, 48, 77, 87, 103, 114],
[6, 19, 50, 71, 102, 110],
[5, 15, 31, 73, 96],
[30, 40, 54, 66, 98, 119]],

[[11, 36, 59, 83, 106, 120],
[10, 12, 29, 47, 97, 117],
[0, 22, 35, 37, 52, 70],
[25, 46, 58, 60, 76, 95],
[49, 69, 82, 84, 101, 118],
[4, 23, 72, 94, 107],
[13, 14, 30, 42, 114],
[8, 19, 38, 39, 53, 64],
[33, 61, 62, 77, 89],
[56, 66, 85, 86, 102, 112],
[5, 17, 80, 91, 108, 109],
[9, 18, 50, 68, 75, 96],
[34, 43, 73, 93, 100, 119],
[3, 24, 57, 65, 98, 116],
[1, 21, 28, 48, 81, 90],
[26, 45, 71, 105, 113],
[2, 20, 54, 63, 79, 87],
[27, 44, 78, 88, 104, 110],
[7, 15, 51, 67, 103, 111],
[6, 16, 32, 40, 74, 92],
[31, 41, 55, 99, 115]],

[[12, 37, 60, 84, 107, 120],
[11, 13, 25, 48, 98, 118],
[1, 23, 36, 38, 49, 71],
[26, 47, 59, 61, 72, 96],
[50, 70, 83, 85, 97, 119],
[0, 24, 73, 95, 106, 108],
[10, 14, 31, 43, 105, 110],
[9, 15, 35, 39, 54, 65],
[34, 40, 58, 62, 78, 90],
[57, 82, 86, 103, 113],
[6, 18, 81, 87, 109],
[5, 19, 51, 69, 76, 92],
[30, 74, 94, 101, 115],
[4, 20, 53, 66, 99, 117],
[2, 22, 29, 44, 77, 91],
[27, 46, 52, 67, 102, 114],
[3, 21, 55, 64, 80, 88],
[28, 45, 79, 89, 111],
[8, 16, 68, 104, 112],
[7, 17, 33, 41, 75, 93],
[32, 42, 56, 63, 100, 116]],

[[13, 38, 61, 85, 108, 120],
[12, 14, 26, 44, 99, 119],
[2, 24, 37, 39, 50, 67],
[27, 48, 60, 62, 73, 92],
[51, 71, 84, 86, 98, 115],
[1, 20, 74, 96, 107, 109],
[10, 11, 32, 102, 111],
[5, 16, 35, 36, 55, 66],
[30, 41, 58, 59, 79, 91],
[53, 63, 82, 83, 104, 114],
[7, 19, 77, 88, 106],
[6, 15, 70, 72, 93],
[31, 40, 75, 95, 97, 116],
[0, 21, 54, 100, 118],
[3, 23, 25, 45, 78, 87],
[28, 47, 49, 68, 103, 110],
[4, 22, 56, 65, 81, 89],
[29, 46, 80, 90, 105, 112],
[9, 17, 52, 69, 113],
[8, 18, 34, 42, 76, 94],
[33, 43, 57, 64, 101, 117]],

[[14, 39, 62, 86, 109, 120],
[10, 13, 27, 45, 100, 115],
[3, 20, 35, 38, 51, 68],
[28, 44, 58, 61, 74, 93],
[67, 82, 85, 99, 116],
[2, 21, 75, 92, 108],
[11, 12, 33, 40, 103, 112],
[6, 17, 36, 37, 56],
[31, 42, 59, 60, 80, 87],
[54, 64, 83, 84, 110],
[8, 15, 78, 89, 106, 107],
[7, 16, 52, 71, 73, 94],
[32, 41, 76, 96, 98, 117],
[1, 22, 55, 63, 101, 119],
[4, 24, 26, 46, 79, 88],
[29, 48, 50, 69, 104, 111],
[0, 23, 57, 66, 77, 90],
[25, 47, 81, 91, 102, 113],
[5, 18, 49, 70, 105, 114],
[9, 19, 30, 43, 72, 95],
[34, 53, 65, 97, 118]],

[[15, 40, 87, 110, 120],
[16, 19, 27, 33, 98, 105],
[1, 9, 41, 51, 56],
[26, 34, 63, 66, 74, 80],
[50, 57, 88, 91, 99],
[2, 8, 73, 81, 111, 114],
[17, 18, 39, 45, 107, 118],
[12, 23, 42, 43, 62, 68],
[37, 47, 64, 65, 86, 93],
[60, 70, 89, 90, 109, 116],
[14, 21, 84, 95, 112, 113],
[13, 22, 49, 53, 75, 79],
[38, 46, 72, 77, 100, 104],
[3, 7, 61, 69, 97, 102],
[0, 5, 28, 32, 85, 94],
[25, 30, 55, 108, 117],
[4, 6, 58, 67, 83, 96],
[29, 31, 82, 92, 106, 119],
[11, 24, 52, 54, 115],
[10, 20, 36, 48, 76, 78],
[35, 44, 59, 71, 101, 103]],

[[16, 41, 63, 88, 111, 120],
[15, 17, 28, 34, 99, 102],
[2, 5, 40, 42, 57],
[27, 30, 64, 75, 81],
[51, 53, 87, 89, 100, 105],
[3, 9, 74, 77, 110, 112],
[18, 19, 35, 46, 108, 119],
[13, 24, 43, 58, 69],
[38, 48, 65, 66, 82, 94],
[61, 71, 90, 91, 117],
[10, 22, 85, 96, 113, 114],
[14, 23, 50, 54, 76, 80],
[39, 47, 73, 78, 101],
[4, 8, 62, 70, 98, 103],
[1, 6, 29, 33, 86, 95],
[26, 31, 52, 56, 109, 118],
[0, 7, 59, 68, 84, 92],
[25, 32, 83, 93, 107, 115],
[12, 20, 49, 55, 106, 116],
[11, 21, 37, 44, 72, 79],
[36, 45, 60, 67, 97, 104]],

[[17, 42, 64, 89, 112, 120],
[16, 18, 29, 30, 100, 103],
[3, 6, 41, 43, 52, 53],
[28, 31, 63, 65, 76, 77],
[54, 88, 90, 101, 102],
[4, 5, 75, 78, 111, 113],
[15, 19, 36, 47, 109, 115],
[14, 20, 40, 59, 70],
[39, 44, 66, 83, 95],
[62, 67, 87, 91, 106, 118],
[11, 23, 86, 92, 110, 114],
[10, 24, 51, 55, 72, 81],
[35, 48, 74, 79, 97, 105],
[0, 9, 58, 71, 99, 104],
[2, 7, 25, 34, 82, 96],
[27, 32, 49, 57, 119],
[1, 8, 60, 69, 85, 93],
[26, 33, 84, 94, 108, 116],
[13, 21, 50, 56, 107, 117],
[12, 22, 38, 45, 73, 80],
[37, 46, 61, 68, 98]],

[[18, 43, 65, 90, 113, 120],
[17, 19, 25, 31, 101, 104],
[4, 7, 42, 49, 54],
[29, 32, 64, 66, 72, 78],
[52, 55, 89, 91, 97, 103],
[0, 6, 76, 79, 112, 114],
[15, 16, 37, 48, 116],
[10, 21, 40, 41, 60, 71],
[35, 45, 63, 84, 96],
[58, 68, 87, 88, 107, 119],
[12, 24, 82, 93, 110, 111],
[11, 20, 56, 73, 77],
[36, 44, 75, 80, 98, 102],
[1, 5, 59, 67, 100],
[3, 8, 26, 30, 83, 92],
[28, 33, 50, 53, 106, 115],
[2, 9, 61, 70, 86, 94],
[27, 34, 85, 95, 109, 117],
[14, 22, 51, 57, 108, 118],
[13, 23, 39, 46, 74, 81],
[38, 47, 62, 69, 99, 105]],

[[19, 66, 91, 114, 120],
[15, 18, 26, 32, 97],
[0, 8, 40, 43, 50, 55],
[25, 33, 65, 73, 79],
[49, 56, 87, 90, 98, 104],
[1, 7, 72, 80, 110, 113],
[16, 17, 38, 44, 106, 117],
[11, 22, 41, 42, 61, 67],
[36, 46, 63, 64, 85, 92],
[59, 69, 88, 89, 108, 115],
[13, 20, 83, 94, 111, 112],
[12, 21, 52, 57, 74, 78],
[37, 45, 76, 81, 99, 103],
[2, 6, 60, 68, 101, 105],
[4, 9, 27, 31, 84, 93],
[29, 34, 51, 54, 107, 116],
[3, 5, 62, 71, 82, 95],
[28, 30, 86, 96, 118],
[10, 23, 53, 109, 119],
[14, 24, 35, 47, 75, 77],
[39, 48, 58, 70, 100, 102]],

[[20, 44, 67, 92, 115, 120],
[21, 24, 32, 38, 103, 109],
[6, 14, 45, 48, 55, 61],
[31, 39, 68, 71, 79, 85],
[54, 62, 93, 96, 104, 108],
[7, 13, 78, 86, 116, 119],
[22, 23, 26, 100, 112],
[3, 17, 46, 47, 50, 66],
[28, 42, 69, 70, 73, 91],
[64, 94, 95, 98, 114],
[1, 19, 75, 89, 117, 118],
[2, 18, 53, 58, 80, 84],
[27, 43, 77, 82, 107],
[8, 12, 51, 65, 102],
[5, 10, 33, 37, 74, 90],
[30, 35, 56, 60, 99, 113],
[9, 11, 49, 76, 88],
[34, 36, 72, 87, 101, 111],
[4, 16, 57, 59, 97, 110],
[0, 15, 29, 41, 81, 83],
[25, 40, 52, 63, 105, 106]],

[[21, 45, 68, 93, 116, 120],
[20, 22, 33, 39, 104],
[7, 10, 44, 46, 56, 62],
[32, 35, 67, 69, 80, 86],
[55, 58, 92, 94, 109],
[8, 14, 79, 82, 115, 117],
[23, 24, 27, 40, 101, 113],
[4, 18, 47, 48, 51],
[29, 43, 70, 71, 74, 87],
[52, 65, 95, 96, 99, 110],
[2, 15, 76, 90, 118, 119],
[3, 19, 54, 59, 81, 85],
[28, 78, 83, 105, 108],
[9, 13, 66, 103, 106],
[6, 11, 34, 38, 75, 91],
[31, 36, 57, 61, 100, 114],
[5, 12, 50, 63, 72, 89],
[30, 37, 73, 88, 97, 112],
[0, 17, 53, 60, 98, 111],
[1, 16, 25, 42, 77, 84],
[26, 41, 49, 64, 102, 107]],

[[22, 46, 69, 94, 117, 120],
[21, 23, 34, 35, 106],
[8, 11, 45, 47, 57, 58],
[33, 36, 68, 70, 81, 82],
[56, 59, 93, 95, 105],
[9, 10, 80, 83, 116, 118],
[20, 24, 28, 41, 97, 114],
[0, 19, 44, 48, 63],
[25, 67, 71, 75, 88],
[49, 66, 92, 96, 100, 111],
[3, 16, 72, 91, 115, 119],
[4, 15, 55, 60, 77, 86],
[29, 40, 79, 84, 102, 109],
[5, 14, 52, 104, 107],
[7, 12, 30, 39, 76, 87],
[32, 37, 53, 62, 101, 110],
[6, 13, 51, 64, 73, 90],
[31, 38, 74, 89, 98, 113],
[1, 18, 54, 61, 99, 112],
[2, 17, 26, 43, 78, 85],
[27, 42, 50, 65, 103, 108]],

[[23, 47, 70, 95, 118, 120],
[22, 24, 30, 36, 105, 107],
[9, 12, 46, 48, 53, 59],
[34, 37, 69, 71, 77, 83],
[57, 60, 94, 96, 102, 106],
[5, 11, 81, 84, 117, 119],
[20, 21, 29, 42, 98, 110],
[1, 15, 44, 45, 52, 64],
[26, 40, 67, 68, 76, 89],
[50, 92, 93, 101, 112],
[4, 17, 73, 87, 115, 116],
[0, 16, 56, 61, 78, 82],
[25, 41, 80, 85, 103],
[6, 10, 49, 63, 108],
[8, 13, 31, 35, 72, 88],
[33, 38, 54, 58, 97, 111],
[7, 14, 65, 74, 91],
[32, 39, 75, 90, 99, 114],
[2, 19, 55, 62, 100, 113],
[3, 18, 27, 79, 86],
[28, 43, 51, 66, 104, 109]]]