[[[0, 25, 50, 73, 98, 121],
[1, 4, 37, 43, 107, 115],
[11, 19, 26, 29, 61, 66],
[36, 44, 51, 53, 85, 91],
[60, 67, 74, 77, 108, 114],
[12, 18, 84, 92, 99, 102],
[2, 3, 31, 49, 118],
[8, 22, 27, 28, 55, 72],
[33, 47, 52, 79, 97],
[57, 70, 75, 76, 104, 120],
[6, 24, 81, 95, 100, 101],
[7, 23, 59, 86, 90],
[32, 48, 83, 88, 109, 113],
[13, 17, 56, 71, 111],
[10, 15, 38, 42, 80, 96],
[35, 40, 62, 65, 105, 119],
[14, 16, 54, 68, 82, 94],
[39, 41, 78, 93, 106, 117],
[9, 21, 63, 64, 103, 116],
[5, 20, 34, 46, 87, 89],
[30, 45, 58, 69, 110, 112]],

[[1, 26, 51, 74, 99, 121],
[0, 2, 38, 44, 108, 111],
[12, 15, 25, 27, 62, 67],
[37, 40, 50, 52, 86, 92],
[61, 73, 75, 109, 115],
[13, 19, 85, 88, 98, 100],
[3, 4, 32, 45, 106, 119],
[9, 23, 28, 29, 56, 68],
[34, 48, 53, 80, 93],
[58, 71, 76, 77, 105, 116],
[7, 20, 82, 96, 101, 102],
[8, 24, 60, 64, 87, 91],
[33, 49, 84, 89, 110, 114],
[14, 18, 57, 72, 107, 112],
[11, 16, 39, 43, 81, 97],
[36, 41, 63, 66, 120],
[10, 17, 55, 69, 78, 95],
[35, 42, 79, 94, 103, 118],
[5, 22, 59, 65, 104, 117],
[6, 21, 30, 47, 83, 90],
[31, 46, 54, 70, 113]],

[[2, 27, 52, 75, 100, 121],
[1, 3, 39, 40, 109, 112],
[13, 16, 26, 28, 63],
[38, 41, 51, 87, 88],
[62, 64, 74, 76, 110, 111],
[14, 15, 86, 89, 99, 101],
[0, 4, 33, 46, 103, 120],
[5, 24, 25, 29, 57, 69],
[30, 49, 50, 53, 81, 94],
[54, 72, 73, 77, 117],
[8, 21, 78, 97, 98, 102],
[9, 20, 61, 65, 83, 92],
[34, 45, 85, 90, 115],
[10, 19, 58, 68, 108, 113],
[12, 17, 35, 44, 82, 93],
[37, 42, 59, 67, 106, 116],
[11, 18, 56, 70, 79, 96],
[36, 43, 80, 95, 104, 119],
[6, 23, 60, 66, 105, 118],
[7, 22, 31, 48, 84, 91],
[32, 47, 55, 71, 107, 114]],

[[3, 28, 76, 101, 121],
[2, 4, 35, 41, 110, 113],
[14, 17, 27, 29, 59, 64],
[39, 42, 52, 53, 83, 89],
[63, 65, 75, 77, 112],
[10, 16, 87, 90, 100, 102],
[0, 1, 34, 47, 104, 116],
[6, 20, 25, 26, 58, 70],
[31, 45, 50, 51, 82, 95],
[55, 68, 73, 74, 106, 118],
[9, 22, 79, 93, 98, 99],
[5, 21, 62, 66, 84, 88],
[30, 46, 86, 91, 107, 111],
[11, 15, 54, 69, 109, 114],
[13, 18, 36, 40, 78, 94],
[38, 43, 60, 103, 117],
[12, 19, 57, 71, 80, 97],
[37, 44, 81, 96, 105, 120],
[7, 24, 61, 67, 119],
[8, 23, 32, 49, 85, 92],
[33, 48, 56, 72, 108, 115]],

[[4, 29, 53, 77, 102, 121],
[0, 3, 36, 42, 114],
[10, 18, 25, 28, 60, 65],
[35, 43, 50, 84, 90],
[59, 66, 73, 76, 107, 113],
[11, 17, 83, 91, 98, 101],
[1, 2, 30, 48, 105, 117],
[7, 21, 26, 27, 54, 71],
[32, 46, 51, 52, 78, 96],
[56, 69, 74, 75, 103, 119],
[5, 23, 80, 94, 99, 100],
[6, 22, 63, 67, 85, 89],
[31, 47, 87, 92, 108, 112],
[12, 16, 55, 70, 110, 115],
[14, 19, 37, 41, 79, 95],
[39, 44, 61, 64, 104, 118],
[13, 15, 58, 72, 81, 93],
[38, 40, 82, 97, 116],
[8, 20, 62, 106, 120],
[9, 24, 33, 45, 86, 88],
[34, 49, 57, 68, 109, 111]],

[[5, 30, 54, 78, 103, 121],
[6, 9, 42, 48, 112, 120],
[16, 24, 31, 34, 65, 71],
[41, 49, 55, 58, 90, 96],
[64, 72, 79, 82, 113, 119],
[17, 23, 89, 97, 104, 106],
[7, 8, 29, 36, 100, 109],
[2, 13, 32, 33, 53, 60],
[27, 38, 56, 57, 77, 84],
[52, 62, 80, 81, 102, 107],
[4, 11, 75, 86, 105],
[3, 12, 68, 91, 95],
[28, 37, 88, 93, 114, 118],
[18, 22, 61, 111, 116],
[15, 20, 43, 47, 76, 85],
[40, 45, 66, 70, 101, 108],
[19, 21, 50, 59, 74, 87],
[44, 46, 73, 83, 99, 110],
[1, 14, 67, 69, 98],
[0, 10, 26, 39, 92, 94],
[25, 35, 51, 63, 115, 117]],

[[6, 31, 55, 79, 104, 121],
[5, 7, 43, 49, 113, 116],
[17, 20, 30, 32, 66, 72],
[42, 45, 54, 56, 91, 97],
[65, 68, 78, 80, 114, 120],
[18, 24, 90, 93, 103, 105],
[8, 9, 25, 37, 101, 110],
[3, 14, 33, 34, 50, 61],
[28, 39, 57, 58, 73, 85],
[63, 81, 82, 98, 108],
[0, 12, 76, 87, 106],
[4, 13, 64, 69, 92, 96],
[29, 38, 89, 94, 115, 119],
[19, 23, 53, 62, 112, 117],
[16, 21, 44, 48, 77, 86],
[41, 46, 67, 71, 102, 109],
[15, 22, 51, 60, 75, 83],
[40, 47, 74, 84, 100],
[2, 10, 70, 99, 107],
[1, 11, 27, 35, 88, 95],
[26, 36, 52, 59, 111, 118]],

[[7, 32, 56, 80, 105, 121],
[6, 8, 44, 45, 114, 117],
[18, 21, 31, 33, 67, 68],
[43, 46, 55, 57, 92, 93],
[66, 69, 79, 81, 115, 116],
[19, 20, 91, 94, 104],
[5, 9, 26, 38, 102],
[4, 10, 30, 34, 51, 62],
[29, 35, 54, 58, 74, 86],
[53, 59, 78, 82, 99, 109],
[1, 13, 77, 83, 103, 106],
[0, 14, 65, 70, 88, 97],
[25, 39, 90, 95, 111, 120],
[15, 24, 50, 63, 113, 118],
[17, 22, 40, 49, 73, 87],
[42, 47, 72, 98, 110],
[16, 23, 52, 61, 76, 84],
[41, 48, 75, 85, 101, 107],
[3, 11, 64, 71, 100, 108],
[2, 12, 28, 36, 89, 96],
[27, 37, 60, 112, 119]],

[[8, 33, 57, 81, 121],
[7, 9, 40, 46, 115, 118],
[19, 22, 32, 34, 69],
[44, 47, 56, 58, 88, 94],
[67, 70, 80, 82, 111, 117],
[15, 21, 92, 95, 105, 106],
[5, 6, 27, 39, 98, 107],
[0, 11, 30, 31, 52, 63],
[25, 36, 54, 55, 75, 87],
[50, 60, 78, 79, 100, 110],
[2, 14, 73, 84, 103, 104],
[1, 10, 66, 71, 89, 93],
[26, 35, 91, 96, 112, 116],
[16, 20, 51, 59, 114, 119],
[18, 23, 41, 45, 74, 83],
[43, 48, 64, 68, 99],
[17, 24, 62, 77, 85],
[42, 49, 76, 86, 102, 108],
[4, 12, 65, 72, 101, 109],
[3, 13, 29, 37, 90, 97],
[28, 38, 53, 61, 113, 120]],

[[9, 34, 58, 82, 106, 121],
[5, 8, 41, 47, 111, 119],
[15, 23, 30, 33, 64, 70],
[40, 48, 54, 57, 89, 95],
[71, 78, 81, 112, 118],
[16, 22, 88, 96, 103],
[6, 7, 28, 35, 99, 108],
[1, 12, 31, 32, 59],
[26, 37, 55, 56, 76, 83],
[51, 61, 79, 80, 101],
[3, 10, 74, 85, 104, 105],
[2, 11, 67, 72, 90, 94],
[27, 36, 92, 97, 113, 117],
[17, 21, 52, 60, 115, 120],
[19, 24, 42, 46, 75, 84],
[44, 49, 65, 69, 100, 107],
[18, 20, 53, 63, 73, 86],
[43, 45, 77, 87, 98, 109],
[0, 13, 66, 68, 102, 110],
[4, 14, 25, 38, 91, 93],
[29, 39, 50, 62, 114, 116]],

[[10, 35, 59, 83, 121],
[11, 14, 28, 47, 102, 117],
[4, 21, 36, 39, 70],
[29, 46, 60, 63, 76, 95],
[53, 69, 84, 87, 101, 118],
[3, 22, 77, 94, 107, 110],
[12, 13, 34, 41, 105, 114],
[7, 18, 37, 38, 58, 64],
[32, 43, 61, 62, 82, 89],
[56, 66, 85, 86, 106, 112],
[9, 16, 80, 91, 108, 109],
[8, 17, 50, 68, 75, 96],
[33, 42, 73, 93, 100, 119],
[2, 23, 57, 65, 98, 116],
[0, 20, 27, 48, 81, 90],
[25, 45, 52, 71, 113],
[1, 24, 54, 79, 92],
[26, 49, 78, 88, 104, 115],
[6, 19, 51, 72, 103, 111],
[5, 15, 31, 44, 74, 97],
[30, 40, 55, 67, 99, 120]],

[[11, 36, 60, 84, 107, 121],
[10, 12, 29, 48, 98, 118],
[0, 22, 35, 37, 53, 71],
[25, 47, 59, 61, 77, 96],
[50, 70, 83, 85, 102, 119],
[4, 23, 73, 95, 108],
[13, 14, 30, 42, 115],
[8, 19, 38, 39, 54, 65],
[33, 44, 62, 63, 78, 90],
[57, 67, 86, 87, 103, 113],
[5, 17, 81, 92, 109, 110],
[9, 18, 51, 69, 76, 97],
[34, 43, 74, 94, 101, 120],
[3, 24, 58, 66, 99, 117],
[1, 21, 28, 49, 82, 91],
[26, 46, 72, 106, 114],
[2, 20, 55, 64, 80, 88],
[27, 45, 79, 89, 105, 111],
[7, 15, 52, 68, 104, 112],
[6, 16, 32, 40, 75, 93],
[31, 41, 56, 100, 116]],

[[12, 37, 61, 85, 108, 121],
[11, 13, 25, 49, 99, 119],
[1, 23, 36, 38, 50, 72],
[26, 48, 60, 62, 73, 97],
[51, 71, 84, 86, 98, 120],
[0, 24, 74, 96, 107, 109],
[10, 14, 31, 43, 106, 111],
[9, 15, 35, 39, 55, 66],
[34, 40, 59, 63, 79, 91],
[58, 83, 87, 104, 114],
[6, 18, 82, 88, 110],
[5, 19, 52, 70, 77, 93],
[30, 44, 75, 95, 102, 116],
[4, 20, 54, 67, 100, 118],
[2, 22, 29, 45, 78, 92],
[27, 47, 53, 68, 103, 115],
[3, 21, 56, 65, 81, 89],
[28, 46, 80, 90, 112],
[8, 16, 69, 105, 113],
[7, 17, 33, 41, 76, 94],
[32, 42, 57, 64, 101, 117]],

[[13, 38, 62, 86, 109, 121],
[12, 14, 26, 45, 100, 120],
[2, 24, 37, 39, 51, 68],
[27, 49, 61, 63, 74, 93],
[52, 72, 85, 87, 99, 116],
[1, 20, 75, 97, 108, 110],
[10, 11, 32, 44, 103, 112],
[5, 16, 35, 36, 56, 67],
[30, 41, 59, 60, 80, 92],
[54, 64, 83, 84, 105, 115],
[7, 19, 78, 89, 107],
[6, 15, 71, 73, 94],
[31, 40, 76, 96, 98, 117],
[0, 21, 55, 101, 119],
[3, 23, 25, 46, 79, 88],
[28, 48, 50, 69, 104, 111],
[4, 22, 57, 66, 82, 90],
[29, 47, 81, 91, 106, 113],
[9, 17, 53, 70, 114],
[8, 18, 34, 42, 77, 95],
[33, 43, 58, 65, 102, 118]],

[[14, 39, 63, 87, 110, 121],
[10, 13, 27, 46, 101, 116],
[3, 20, 35, 38, 52, 69],
[28, 45, 59, 62, 75, 94],
[68, 83, 86, 100, 117],
[2, 21, 76, 93, 109],
[11, 12, 33, 40, 104, 113],
[6, 17, 36, 37, 57],
[31, 42, 60, 61, 81, 88],
[55, 65, 84, 85, 111],
[8, 15, 79, 90, 107, 108],
[7, 16, 53, 72, 74, 95],
[32, 41, 77, 97, 99, 118],
[1, 22, 56, 64, 102, 120],
[4, 24, 26, 47, 80, 89],
[29, 49, 51, 70, 105, 112],
[0, 23, 58, 67, 78, 91],
[25, 48, 82, 92, 103, 114],
[5, 18, 50, 71, 106, 115],
[9, 19, 30, 43, 73, 96],
[34, 44, 54, 66, 98, 119]],

[[15, 40, 88, 111, 121],
[16, 19, 27, 33, 99, 106],
[1, 9, 41, 44, 52, 57],
[26, 34, 64, 67, 75, 81],
[51, 58, 89, 92, 100],
[2, 8, 74, 82, 112, 115],
[17, 18, 39, 46, 108, 119],
[12, 23, 42, 43, 63, 69],
[37, 48, 65, 66, 87, 94],
[61, 71, 90, 91, 110, 117],
[14, 21, 85, 96, 113, 114],
[13, 22, 50, 54, 76, 80],
[38, 47, 73, 78, 101, 105],
[3, 7, 62, 70, 98, 103],
[0, 5, 28, 32, 86, 95],
[25, 30, 56, 109, 118],
[4, 6, 59, 68, 84, 97],
[29, 31, 83, 93, 107, 120],
[11, 24, 53, 55, 116],
[10, 20, 36, 49, 77, 79],
[35, 45, 60, 72, 102, 104]],

[[16, 41, 64, 89, 112, 121],
[15, 17, 28, 34, 100, 103],
[2, 5, 40, 42, 58],
[27, 30, 65, 76, 82],
[52, 54, 88, 90, 101, 106],
[3, 9, 75, 78, 111, 113],
[18, 19, 35, 47, 109, 120],
[13, 24, 43, 44, 59, 70],
[38, 49, 66, 67, 83, 95],
[62, 72, 91, 92, 118],
[10, 22, 86, 97, 114, 115],
[14, 23, 51, 55, 77, 81],
[39, 48, 74, 79, 102],
[4, 8, 63, 71, 99, 104],
[1, 6, 29, 33, 87, 96],
[26, 31, 53, 57, 110, 119],
[0, 7, 60, 69, 85, 93],
[25, 32, 84, 94, 108, 116],
[12, 20, 50, 56, 107, 117],
[11, 21, 37, 45, 73, 80],
[36, 46, 61, 68, 98, 105]],

[[17, 42, 65, 90, 113, 121],
[16, 18, 29, 30, 101, 104],
[3, 6, 41, 43, 53, 54],
[28, 31, 64, 66, 77, 78],
[55, 89, 91, 102, 103],
[4, 5, 76, 79, 112, 114],
[15, 19, 36, 48, 110, 116],
[14, 20, 40, 44, 60, 71],
[39, 45, 67, 84, 96],
[63, 68, 88, 92, 107, 119],
[11, 23, 87, 93, 111, 115],
[10, 24, 52, 56, 73, 82],
[35, 49, 75, 80, 98, 106],
[0, 9, 59, 72, 100, 105],
[2, 7, 25, 34, 83, 97],
[27, 32, 50, 58, 120],
[1, 8, 61, 70, 86, 94],
[26, 33, 85, 95, 109, 117],
[13, 21, 51, 57, 108, 118],
[12, 22, 38, 46, 74, 81],
[37, 47, 62, 69, 99]],

[[18, 43, 66, 91, 114, 121],
[17, 19, 25, 31, 102, 105],
[4, 7, 42, 44, 50, 55],
[29, 32, 65, 67, 73, 79],
[53, 56, 90, 92, 98, 104],
[0, 6, 77, 80, 113, 115],
[15, 16, 37, 49, 117],
[10, 21, 40, 41, 61, 72],
[35, 46, 64, 85, 97],
[59, 69, 88, 89, 108, 120],
[12, 24, 83, 94, 111, 112],
[11, 20, 57, 74, 78],
[36, 45, 76, 81, 99, 103],
[1, 5, 60, 68, 101],
[3, 8, 26, 30, 84, 93],
[28, 33, 51, 54, 107, 116],
[2, 9, 62, 71, 87, 95],
[27, 34, 86, 96, 110, 118],
[14, 22, 52, 58, 109, 119],
[13, 23, 39, 47, 75, 82],
[38, 48, 63, 70, 100, 106]],

[[19, 44, 67, 92, 115, 121],
[15, 18, 26, 32, 98],
[0, 8, 40, 43, 51, 56],
[25, 33, 66, 74, 80],
[50, 57, 88, 91, 99, 105],
[1, 7, 73, 81, 111, 114],
[16, 17, 38, 45, 107, 118],
[11, 22, 41, 42, 62, 68],
[36, 47, 64, 65, 86, 93],
[60, 70, 89, 90, 109, 116],
[13, 20, 84, 95, 112, 113],
[12, 21, 53, 58, 75, 79],
[37, 46, 77, 82, 100, 104],
[2, 6, 61, 69, 102, 106],
[4, 9, 27, 31, 85, 94],
[29, 34, 52, 55, 108, 117],
[3, 5, 63, 72, 83, 96],
[28, 30, 87, 97, 119],
[10, 23, 54, 110, 120],
[14, 24, 35, 48, 76, 78],
[39, 49, 59, 71, 101, 103]],

[[20, 45, 68, 93, 116, 121],
[21, 24, 32, 38, 104, 110],
[6, 14, 46, 49, 56, 62],
[31, 39, 69, 72, 80, 86],
[55, 63, 94, 97, 105, 109],
[7, 13, 79, 87, 117, 120],
[22, 23, 26, 44, 101, 113],
[3, 17, 47, 48, 51, 67],
[28, 42, 70, 71, 74, 92],
[65, 95, 96, 99, 115],
[1, 19, 76, 90, 118, 119],
[2, 18, 54, 59, 81, 85],
[27, 43, 78, 83, 108],
[8, 12, 52, 66, 103],
[5, 10, 33, 37, 75, 91],
[30, 35, 57, 61, 100, 114],
[9, 11, 50, 77, 89],
[34, 36, 73, 88, 102, 112],
[4, 16, 58, 60, 98, 111],
[0, 15, 29, 41, 82, 84],
[25, 40, 53, 64, 106, 107]],

[[21, 46, 69, 94, 117, 121],
[20, 22, 33, 39, 105],
[7, 10, 45, 47, 57, 63],
[32, 35, 68, 70, 81, 87],
[56, 59, 93, 95, 110],
[8, 14, 80, 83, 116, 118],
[23, 24, 27, 40, 102, 114],
[4, 18, 48, 49, 52],
[29, 43, 71, 72, 75, 88],
[53, 66, 96, 97, 100, 111],
[2, 15, 77, 91, 119, 120],
[3, 19, 55, 60, 82, 86],
[28, 44, 79, 84, 106, 109],
[9, 13, 67, 104, 107],
[6, 11, 34, 38, 76, 92],
[31, 36, 58, 62, 101, 115],
[5, 12, 51, 64, 73, 90],
[30, 37, 74, 89, 98, 113],
[0, 17, 54, 61, 99, 112],
[1, 16, 25, 42, 78, 85],
[26, 41, 50, 65, 103, 108]],

[[22, 47, 70, 95, 118, 121],
[21, 23, 34, 35, 107],
[8, 11, 46, 48, 58, 59],
[33, 36, 69, 71, 82, 83],
[57, 60, 94, 96, 106],
[9, 10, 81, 84, 117, 119],
[20, 24, 28, 41, 98, 115],
[0, 19, 45, 49, 64],
[25, 44, 68, 72, 76, 89],
[50, 67, 93, 97, 101, 112],
[3, 16, 73, 92, 116, 120],
[4, 15, 56, 61, 78, 87],
[29, 40, 80, 85, 103, 110],
[5, 14, 53, 105, 108],
[7, 12, 30, 39, 77, 88],
[32, 37, 54, 63, 102, 111],
[6, 13, 52, 65, 74, 91],
[31, 38, 75, 90, 99, 114],
[1, 18, 55, 62, 100, 113],
[2, 17, 26, 43, 79, 86],
[27, 42, 51, 66, 104, 109]],

[[23, 48, 71, 96, 119, 121],
[22, 24, 30, 36, 106, 108],
[9, 12, 47, 49, 54, 60],
[34, 37, 70, 72, 78, 84],
[58, 61, 95, 97, 103, 107],
[5, 11, 82, 85, 118, 120],
[20, 21, 29, 42, 99, 111],
[1, 15, 45, 46, 53, 65],
[26, 40, 68, 69, 77, 90],
[51, 93, 94, 102, 113],
[4, 17, 74, 88, 116, 117],
[0, 16, 57, 62, 79, 83],
[25, 41, 81, 86, 104],
[6, 10, 50, 64, 109],
[8, 13, 31, 35, 73, 89],
[33, 38, 55, 59, 98, 112],
[7, 14, 66, 75, 92],
[32, 39, 76, 91, 100, 115],
[2, 19, 56, 63, 101, 114],
[3, 18, 27, 44, 80, 87],
[28, 43, 52, 67, 105, 110]]]