[[[0,1,2,3,4,5],
[6,7,8,9,10,11],
[12,13,14,15,16,17],
[18,19,20,21,22,23],
[24,25,26,27,28,29],
[30,31,32,33,34,35],
[36,37,38,39,40,41],
[42,43,44,45,46,47],
[48,49,50,51,52,53],
[54,55,56,57,58,59],
[60,61,62,63,64,65],
[66,67,68,69,70,71],
[72,73,74,75,76,77],
[78,79,80,81,82],
[83,84,85,86,87],
[88,89,90,91,92],
[93,94,95,96,97],
[98,99,100,101,102],
[103,104,105,106,107],
[108,109,110,111,112],
[113,114,115,116,117],
[118,119,120,121,122]],

[[0,7,14,21,28,35],
[6,13,20,27,34,41],
[12,19,26,33,40,47],
[18,25,32,39,46,53],
[24,31,38,45,52,59],
[30,37,44,51,58,65],
[36,43,50,57,64,71],
[42,49,56,63,70,77],
[48,55,62,69,76,82],
[54,61,68,75,81,87],
[60,67,74,80,86,92],
[66,73,79,85,91,97],
[72,78,84,90,96,102],
[83,89,95,101,107],
[88,94,100,106,112],
[93,99,105,111,117],
[98,104,110,116,122],
[5,103,109,115,121],
[4,11,108,114,120],
[3,10,17,113,119],
[2,9,16,23,118],
[1,8,15,22,29]],

[[0,8,13,23,33,46],
[6,14,19,29,39,52],
[12,20,25,35,45,58],
[18,26,31,41,51,64],
[24,32,37,47,57,70],
[30,38,43,53,63,76],
[36,44,49,59,69,81],
[42,50,55,65,75,86],
[48,56,61,71,80,91],
[54,62,67,77,85,96],
[60,68,73,82,90,101],
[66,74,78,87,95,106],
[72,79,83,92,100,111],
[84,88,97,105,116],
[89,93,102,110,121],
[4,94,98,107,115],
[10,99,103,112,120],
[3,16,104,108,117],
[9,22,109,113,122],
[5,15,28,114,118],
[1,11,21,34,119],
[2,7,17,27,40]],

[[0,9,17,19,32,58],
[6,15,23,25,38,64],
[12,21,29,31,44,70],
[18,27,35,37,50,76],
[24,33,41,43,56,81],
[30,39,47,49,62,86],
[36,45,53,55,68,91],
[42,51,59,61,74,96],
[48,57,65,67,79,101],
[54,63,71,73,84,106],
[60,69,77,78,89,111],
[66,75,82,83,94,116],
[72,80,87,88,99,121],
[4,85,92,93,104],
[10,90,97,98,109],
[16,95,102,103,114],
[22,100,107,108,119],
[2,28,105,112,113],
[8,34,110,117,118],
[1,14,40,115,122],
[5,7,20,46,120],
[3,11,13,26,52]],

[[0,10,15,20,31,47],
[6,16,21,26,37,53],
[12,22,27,32,43,59],
[18,28,33,38,49,65],
[24,34,39,44,55,71],
[30,40,45,50,61,77],
[36,46,51,56,67,82],
[42,52,57,62,73,87],
[48,58,63,68,78,92],
[54,64,69,74,83,97],
[60,70,75,79,88,102],
[66,76,80,84,93,107],
[72,81,85,89,98,112],
[86,90,94,103,117],
[91,95,99,108,122],
[5,96,100,104,113],
[11,101,105,109,118],
[1,17,106,110,114],
[7,23,111,115,119],
[2,13,29,116,120],
[3,8,19,35,121],
[4,9,14,25,41]],

[[0,11,16,25,44,57],
[6,17,22,31,50,63],
[12,23,28,37,56,69],
[18,29,34,43,62,75],
[24,35,40,49,68,80],
[30,41,46,55,74,85],
[36,47,52,61,79,90],
[42,53,58,67,84,95],
[48,59,64,73,89,100],
[54,65,70,78,94,105],
[60,71,76,83,99,110],
[66,77,81,88,104,115],
[72,82,86,93,109,120],
[3,87,91,98,114],
[9,92,96,103,119],
[2,15,97,101,108],
[8,21,102,106,113],
[14,27,107,111,118],
[1,20,33,112,116],
[7,26,39,117,121],
[4,13,32,45,122],
[5,10,19,38,51]],

[[0,22,26,45,49,71],
[6,28,32,51,55,77],
[12,34,38,57,61,82],
[18,40,44,63,67,87],
[24,46,50,69,73,92],
[30,52,56,75,78,97],
[36,58,62,80,83,102],
[42,64,68,85,88,107],
[48,70,74,90,93,112],
[54,76,79,95,98,117],
[60,81,84,100,103,122],
[5,66,86,89,105,108],
[11,72,91,94,110,113],
[17,96,99,115,118],
[1,23,101,104,120],
[3,7,29,106,109],
[9,13,35,111,114],
[15,19,41,116,119],
[2,21,25,47,121],
[4,8,27,31,53],
[10,14,33,37,59],
[16,20,39,43,65]],

[[0,27,38,55,70,87],
[6,33,44,61,76,92],
[12,39,50,67,81,97],
[18,45,56,73,86,102],
[24,51,62,78,91,107],
[30,57,68,83,96,112],
[36,63,74,88,101,117],
[42,69,79,93,106,122],
[5,48,75,84,98,111],
[11,54,80,89,103,116],
[17,60,85,94,108,121],
[4,23,66,90,99,113],
[10,29,72,95,104,118],
[1,16,35,100,109],
[7,22,41,105,114],
[13,28,47,110,119],
[2,19,34,53,115],
[8,25,40,59,120],
[3,14,31,46,65],
[9,20,37,52,71],
[15,26,43,58,77],
[21,32,49,64,82]],

[[0,29,37,63,79,86],
[6,35,43,69,84,91],
[12,41,49,75,89,96],
[18,47,55,80,94,101],
[24,53,61,85,99,106],
[30,59,67,90,104,111],
[36,65,73,95,109,116],
[42,71,78,100,114,121],
[4,48,77,83,105,119],
[2,10,54,82,88,110],
[8,16,60,87,93,115],
[14,22,66,92,98,120],
[3,20,28,72,97,103],
[9,26,34,102,108],
[15,32,40,107,113],
[21,38,46,112,118],
[1,27,44,52,117],
[7,33,50,58,122],
[5,13,39,56,64],
[11,19,45,62,70],
[17,25,51,68,76],
[23,31,57,74,81]],

[[0,34,50,59,78,85],
[6,40,56,65,83,90],
[12,46,62,71,88,95],
[18,52,68,77,93,100],
[24,58,74,82,98,105],
[30,64,79,87,103,110],
[36,70,84,92,108,115],
[42,76,89,97,113,120],
[3,48,81,94,102,118],
[1,9,54,86,99,107],
[7,15,60,91,104,112],
[13,21,66,96,109,117],
[19,27,72,101,114,122],
[5,25,33,106,119],
[2,11,31,39,111],
[8,17,37,45,116],
[14,23,43,51,121],
[4,20,29,49,57],
[10,26,35,55,63],
[16,32,41,61,69],
[22,38,47,67,75],
[28,44,53,73,80]],

[[0,39,77,84,101,113],
[6,45,82,89,106,118],
[1,12,51,87,94,111],
[7,18,57,92,99,116],
[13,24,63,97,104,121],
[4,19,30,69,102,109],
[10,25,36,75,107,114],
[16,31,42,80,112,119],
[2,22,37,48,85,117],
[8,28,43,54,90,122],
[5,14,34,49,60,95],
[11,20,40,55,66,100],
[17,26,46,61,72,105],
[23,32,52,67,110],
[29,38,58,73,115],
[35,44,64,78,120],
[3,41,50,70,83],
[9,47,56,76,88],
[15,53,62,81,93],
[21,59,68,86,98],
[27,65,74,91,103],
[33,71,79,96,108]],

[[0,40,53,69,98,119],
[2,6,46,59,75,103],
[8,12,52,65,80,108],
[14,18,58,71,85,113],
[20,24,64,77,90,118],
[1,26,30,70,82,95],
[7,32,36,76,87,100],
[13,38,42,81,92,105],
[19,44,48,86,97,110],
[25,50,54,91,102,115],
[31,56,60,96,107,120],
[3,37,62,66,101,112],
[9,43,68,72,106,117],
[15,49,74,111,122],
[5,21,55,79,116],
[11,27,61,84,121],
[4,17,33,67,89],
[10,23,39,73,94],
[16,29,45,78,99],
[22,35,51,83,104],
[28,41,57,88,109],
[34,47,63,93,114]],

[[0,41,62,90,106,108],
[6,47,68,95,111,113],
[12,53,74,100,116,118],
[1,18,59,79,105,121],
[4,7,24,65,84,110],
[10,13,30,71,89,115],
[16,19,36,77,94,120],
[3,22,25,42,82,99],
[9,28,31,48,87,104],
[15,34,37,54,92,109],
[21,40,43,60,97,114],
[27,46,49,66,102,119],
[2,33,52,55,72,107],
[8,39,58,61,112],
[14,45,64,67,117],
[20,51,70,73,122],
[5,26,57,76,78],
[11,32,63,81,83],
[17,38,69,86,88],
[23,44,75,91,93],
[29,50,80,96,98],
[35,56,85,101,103]],

[[0,43,52,74,102,120],
[3,6,49,58,79,107],
[9,12,55,64,84,112],
[15,18,61,70,89,117],
[21,24,67,76,94,122],
[5,27,30,73,81,99],
[11,33,36,78,86,104],
[17,39,42,83,91,109],
[23,45,48,88,96,114],
[29,51,54,93,101,119],
[2,35,57,60,98,106],
[8,41,63,66,103,111],
[14,47,69,72,108,116],
[20,53,75,113,121],
[4,26,59,80,118],
[1,10,32,65,85],
[7,16,38,71,90],
[13,22,44,77,95],
[19,28,50,82,100],
[25,34,56,87,105],
[31,40,62,92,110],
[37,46,68,97,115]]

]
