[[[0,61,122],
[1,48,116],
[2,35,110],
[4,9,98],
[8,18,74],
[16,36,87],
[11,32,113],
[3,22,104],
[6,44,86],
[12,27,111],
[24,54,100],
[47,60,84],
[33,59,107],
[5,57,92],
[10,53,62],
[20,45,63],
[29,40,65],
[19,58,69],
[38,55,77],
[15,49,93],
[30,37,64],
[13,14,105],
[26,28,88],
[52,56,115],
[43,51,108],
[25,41,94],
[21,50,66],
[39,42,71],
[17,23,81],
[34,46,101],
[7,31,80],
[67,78,99],
[73,76,95],
[68,85,91],
[75,109,121],
[89,96,120],
[70,117,118],
[79,112,114],
[97,102,106],
[72,82,90],
[83,103,119]],

[[1,62,122],
[2,49,117],
[3,36,111],
[5,10,99],
[9,19,75],
[17,37,88],
[12,33,114],
[4,23,105],
[7,45,87],
[13,28,112],
[25,55,101],
[0,48,85],
[34,60,108],
[6,58,93],
[11,54,63],
[21,46,64],
[30,41,66],
[20,59,70],
[39,56,78],
[16,50,94],
[31,38,65],
[14,15,106],
[27,29,89],
[53,57,116],
[44,52,109],
[26,42,95],
[22,51,67],
[40,43,72],
[18,24,82],
[35,47,102],
[8,32,81],
[68,79,100],
[74,77,96],
[69,86,92],
[61,76,110],
[90,97,121],
[71,118,119],
[80,113,115],
[98,103,107],
[73,83,91],
[84,104,120]],

[[2,63,122],
[3,50,118],
[4,37,112],
[6,11,100],
[10,20,76],
[18,38,89],
[13,34,115],
[5,24,106],
[8,46,88],
[14,29,113],
[26,56,102],
[1,49,86],
[0,35,109],
[7,59,94],
[12,55,64],
[22,47,65],
[31,42,67],
[21,60,71],
[40,57,79],
[17,51,95],
[32,39,66],
[15,16,107],
[28,30,90],
[54,58,117],
[45,53,110],
[27,43,96],
[23,52,68],
[41,44,73],
[19,25,83],
[36,48,103],
[9,33,82],
[69,80,101],
[75,78,97],
[70,87,93],
[62,77,111],
[61,91,98],
[72,119,120],
[81,114,116],
[99,104,108],
[74,84,92],
[85,105,121]],

[[4,65,122],
[5,52,120],
[6,39,114],
[8,13,102],
[12,22,78],
[20,40,91],
[15,36,117],
[7,26,108],
[10,48,90],
[16,31,115],
[28,58,104],
[3,51,88],
[2,37,111],
[0,9,96],
[14,57,66],
[24,49,67],
[33,44,69],
[1,23,73],
[42,59,81],
[19,53,97],
[34,41,68],
[17,18,109],
[30,32,92],
[56,60,119],
[47,55,112],
[29,45,98],
[25,54,70],
[43,46,75],
[21,27,85],
[38,50,105],
[11,35,84],
[71,82,103],
[77,80,99],
[72,89,95],
[64,79,113],
[63,93,100],
[61,74,121],
[83,116,118],
[101,106,110],
[76,86,94],
[62,87,107]],

[[8,69,122],
[9,56,63],
[10,43,118],
[12,17,106],
[16,26,82],
[24,44,95],
[19,40,121],
[11,30,112],
[14,52,94],
[20,35,119],
[1,32,108],
[7,55,92],
[6,41,115],
[4,13,100],
[0,18,70],
[28,53,71],
[37,48,73],
[5,27,77],
[2,46,85],
[23,57,101],
[38,45,72],
[21,22,113],
[34,36,96],
[3,60,62],
[51,59,116],
[33,49,102],
[29,58,74],
[47,50,79],
[25,31,89],
[42,54,109],
[15,39,88],
[75,86,107],
[81,84,103],
[76,93,99],
[68,83,117],
[67,97,104],
[64,65,78],
[61,87,120],
[105,110,114],
[80,90,98],
[66,91,111]],

[[16,77,122],
[3,17,71],
[18,51,65],
[20,25,114],
[24,34,90],
[32,52,103],
[27,48,68],
[19,38,120],
[22,60,102],
[28,43,66],
[9,40,116],
[2,15,100],
[14,49,62],
[12,21,108],
[8,26,78],
[0,36,79],
[45,56,81],
[13,35,85],
[10,54,93],
[4,31,109],
[46,53,80],
[29,30,121],
[42,44,104],
[7,11,70],
[6,59,63],
[41,57,110],
[5,37,82],
[55,58,87],
[33,39,97],
[1,50,117],
[23,47,96],
[83,94,115],
[89,92,111],
[84,101,107],
[64,76,91],
[75,105,112],
[72,73,86],
[67,69,95],
[61,113,118],
[88,98,106],
[74,99,119]],

[[32,93,122],
[19,33,87],
[6,34,81],
[36,41,69],
[40,50,106],
[7,48,119],
[3,43,84],
[35,54,75],
[15,38,118],
[44,59,82],
[25,56,71],
[18,31,116],
[4,30,78],
[28,37,63],
[24,42,94],
[16,52,95],
[0,11,97],
[29,51,101],
[9,26,109],
[20,47,64],
[1,8,96],
[45,46,76],
[58,60,120],
[23,27,86],
[14,22,79],
[12,57,65],
[21,53,98],
[10,13,103],
[49,55,113],
[5,17,72],
[2,39,112],
[70,99,110],
[66,105,108],
[62,100,117],
[80,92,107],
[67,91,121],
[88,89,102],
[83,85,111],
[68,73,77],
[61,104,114],
[74,90,115]],

[[3,64,122],
[4,51,119],
[5,38,113],
[7,12,101],
[11,21,77],
[19,39,90],
[14,35,116],
[6,25,107],
[9,47,89],
[15,30,114],
[27,57,103],
[2,50,87],
[1,36,110],
[8,60,95],
[13,56,65],
[23,48,66],
[32,43,68],
[0,22,72],
[41,58,80],
[18,52,96],
[33,40,67],
[16,17,108],
[29,31,91],
[55,59,118],
[46,54,111],
[28,44,97],
[24,53,69],
[42,45,74],
[20,26,84],
[37,49,104],
[10,34,83],
[70,81,102],
[76,79,98],
[71,88,94],
[63,78,112],
[62,92,99],
[73,120,121],
[82,115,117],
[100,105,109],
[75,85,93],
[61,86,106]],

[[6,67,122],
[7,54,61],
[8,41,116],
[10,15,104],
[14,24,80],
[22,42,93],
[17,38,119],
[9,28,110],
[12,50,92],
[18,33,117],
[30,60,106],
[5,53,90],
[4,39,113],
[2,11,98],
[16,59,68],
[26,51,69],
[35,46,71],
[3,25,75],
[0,44,83],
[21,55,99],
[36,43,70],
[19,20,111],
[32,34,94],
[1,58,121],
[49,57,114],
[31,47,100],
[27,56,72],
[45,48,77],
[23,29,87],
[40,52,107],
[13,37,86],
[73,84,105],
[79,82,101],
[74,91,97],
[66,81,115],
[65,95,102],
[62,63,76],
[85,118,120],
[103,108,112],
[78,88,96],
[64,89,109]],

[[12,73,122],
[13,60,67],
[14,47,61],
[16,21,110],
[20,30,86],
[28,48,99],
[23,44,64],
[15,34,116],
[18,56,98],
[24,39,62],
[5,36,112],
[11,59,96],
[10,45,119],
[8,17,104],
[4,22,74],
[32,57,75],
[41,52,77],
[9,31,81],
[6,50,89],
[0,27,105],
[42,49,76],
[25,26,117],
[38,40,100],
[3,7,66],
[2,55,120],
[37,53,106],
[1,33,78],
[51,54,83],
[29,35,93],
[46,58,113],
[19,43,92],
[79,90,111],
[85,88,107],
[80,97,103],
[72,87,121],
[71,101,108],
[68,69,82],
[63,65,91],
[109,114,118],
[84,94,102],
[70,95,115]],

[[24,85,122],
[11,25,79],
[26,59,73],
[28,33,61],
[32,42,98],
[40,60,111],
[35,56,76],
[27,46,67],
[7,30,110],
[36,51,74],
[17,48,63],
[10,23,108],
[22,57,70],
[20,29,116],
[16,34,86],
[8,44,87],
[3,53,89],
[21,43,93],
[1,18,101],
[12,39,117],
[0,54,88],
[37,38,68],
[50,52,112],
[15,19,78],
[6,14,71],
[4,49,118],
[13,45,90],
[2,5,95],
[41,47,105],
[9,58,64],
[31,55,104],
[62,91,102],
[97,100,119],
[92,109,115],
[72,84,99],
[83,113,120],
[80,81,94],
[75,77,103],
[65,69,121],
[96,106,114],
[66,82,107]],

[[48,109,122],
[35,49,103],
[22,50,97],
[52,57,85],
[5,56,61],
[3,23,74],
[19,59,100],
[9,51,91],
[31,54,73],
[14,60,98],
[11,41,87],
[34,47,71],
[20,46,94],
[44,53,79],
[40,58,110],
[7,32,111],
[16,27,113],
[6,45,117],
[25,42,64],
[2,36,80],
[17,24,112],
[0,1,92],
[13,15,75],
[39,43,102],
[30,38,95],
[12,28,81],
[8,37,114],
[26,29,119],
[4,10,68],
[21,33,88],
[18,55,67],
[65,86,115],
[63,82,121],
[72,78,116],
[62,96,108],
[76,83,107],
[104,105,118],
[66,99,101],
[84,89,93],
[69,77,120],
[70,90,106]],

[[35,96,122],
[22,36,90],
[9,37,84],
[39,44,72],
[43,53,109],
[10,51,61],
[6,46,87],
[38,57,78],
[18,41,121],
[1,47,85],
[28,59,74],
[21,34,119],
[7,33,81],
[31,40,66],
[27,45,97],
[19,55,98],
[3,14,100],
[32,54,104],
[12,29,112],
[23,50,67],
[4,11,99],
[48,49,79],
[0,2,62],
[26,30,89],
[17,25,82],
[15,60,68],
[24,56,101],
[13,16,106],
[52,58,116],
[8,20,75],
[5,42,115],
[73,102,113],
[69,108,111],
[65,103,120],
[83,95,110],
[63,70,94],
[91,92,105],
[86,88,114],
[71,76,80],
[64,107,117],
[77,93,118]],

[[9,70,122],
[10,57,64],
[11,44,119],
[13,18,107],
[17,27,83],
[25,45,96],
[20,41,61],
[12,31,113],
[15,53,95],
[21,36,120],
[2,33,109],
[8,56,93],
[7,42,116],
[5,14,101],
[1,19,71],
[29,54,72],
[38,49,74],
[6,28,78],
[3,47,86],
[24,58,102],
[39,46,73],
[22,23,114],
[35,37,97],
[0,4,63],
[52,60,117],
[34,50,103],
[30,59,75],
[48,51,80],
[26,32,90],
[43,55,110],
[16,40,89],
[76,87,108],
[82,85,104],
[77,94,100],
[69,84,118],
[68,98,105],
[65,66,79],
[62,88,121],
[106,111,115],
[81,91,99],
[67,92,112]],

[[18,79,122],
[5,19,73],
[20,53,67],
[22,27,116],
[26,36,92],
[34,54,105],
[29,50,70],
[21,40,61],
[1,24,104],
[30,45,68],
[11,42,118],
[4,17,102],
[16,51,64],
[14,23,110],
[10,28,80],
[2,38,81],
[47,58,83],
[15,37,87],
[12,56,95],
[6,33,111],
[48,55,82],
[31,32,62],
[44,46,106],
[9,13,72],
[0,8,65],
[43,59,112],
[7,39,84],
[57,60,89],
[35,41,99],
[3,52,119],
[25,49,98],
[85,96,117],
[91,94,113],
[86,103,109],
[66,78,93],
[77,107,114],
[74,75,88],
[69,71,97],
[63,115,120],
[90,100,108],
[76,101,121]],

[[36,97,122],
[23,37,91],
[10,38,85],
[40,45,73],
[44,54,110],
[11,52,62],
[7,47,88],
[39,58,79],
[19,42,61],
[2,48,86],
[29,60,75],
[22,35,120],
[8,34,82],
[32,41,67],
[28,46,98],
[20,56,99],
[4,15,101],
[33,55,105],
[13,30,113],
[24,51,68],
[5,12,100],
[49,50,80],
[1,3,63],
[27,31,90],
[18,26,83],
[0,16,69],
[25,57,102],
[14,17,107],
[53,59,117],
[9,21,76],
[6,43,116],
[74,103,114],
[70,109,112],
[66,104,121],
[84,96,111],
[64,71,95],
[92,93,106],
[87,89,115],
[72,77,81],
[65,108,118],
[78,94,119]],

[[11,72,122],
[12,59,66],
[13,46,121],
[15,20,109],
[19,29,85],
[27,47,98],
[22,43,63],
[14,33,115],
[17,55,97],
[23,38,61],
[4,35,111],
[10,58,95],
[9,44,118],
[7,16,103],
[3,21,73],
[31,56,74],
[40,51,76],
[8,30,80],
[5,49,88],
[26,60,104],
[41,48,75],
[24,25,116],
[37,39,99],
[2,6,65],
[1,54,119],
[36,52,105],
[0,32,77],
[50,53,82],
[28,34,92],
[45,57,112],
[18,42,91],
[78,89,110],
[84,87,106],
[79,96,102],
[71,86,120],
[70,100,107],
[67,68,81],
[62,64,90],
[108,113,117],
[83,93,101],
[69,94,114]],

[[22,83,122],
[9,23,77],
[24,57,71],
[26,31,120],
[30,40,96],
[38,58,109],
[33,54,74],
[25,44,65],
[5,28,108],
[34,49,72],
[15,46,61],
[8,21,106],
[20,55,68],
[18,27,114],
[14,32,84],
[6,42,85],
[1,51,87],
[19,41,91],
[16,60,99],
[10,37,115],
[52,59,86],
[35,36,66],
[48,50,110],
[13,17,76],
[4,12,69],
[2,47,116],
[11,43,88],
[0,3,93],
[39,45,103],
[7,56,62],
[29,53,102],
[89,100,121],
[95,98,117],
[90,107,113],
[70,82,97],
[81,111,118],
[78,79,92],
[73,75,101],
[63,67,119],
[94,104,112],
[64,80,105]],

[[44,105,122],
[31,45,99],
[18,46,93],
[48,53,81],
[1,52,118],
[19,60,70],
[15,55,96],
[5,47,87],
[27,50,69],
[10,56,94],
[7,37,83],
[30,43,67],
[16,42,90],
[40,49,75],
[36,54,106],
[3,28,107],
[12,23,109],
[2,41,113],
[21,38,121],
[32,59,76],
[13,20,108],
[57,58,88],
[9,11,71],
[35,39,98],
[26,34,91],
[8,24,77],
[4,33,110],
[22,25,115],
[0,6,64],
[17,29,84],
[14,51,63],
[61,82,111],
[78,117,120],
[68,74,112],
[92,104,119],
[72,79,103],
[100,101,114],
[62,95,97],
[80,85,89],
[65,73,116],
[66,86,102]],

[[27,88,122],
[14,28,82],
[1,29,76],
[31,36,64],
[35,45,101],
[2,43,114],
[38,59,79],
[30,49,70],
[10,33,113],
[39,54,77],
[20,51,66],
[13,26,111],
[25,60,73],
[23,32,119],
[19,37,89],
[11,47,90],
[6,56,92],
[24,46,96],
[4,21,104],
[15,42,120],
[3,57,91],
[40,41,71],
[53,55,115],
[18,22,81],
[9,17,74],
[7,52,121],
[16,48,93],
[5,8,98],
[44,50,108],
[0,12,67],
[34,58,107],
[65,94,105],
[61,100,103],
[95,112,118],
[75,87,102],
[62,86,116],
[83,84,97],
[78,80,106],
[63,68,72],
[99,109,117],
[69,85,110]],

[[54,115,122],
[41,55,109],
[28,56,103],
[2,58,91],
[1,11,67],
[9,29,80],
[4,25,106],
[15,57,97],
[37,60,79],
[5,20,104],
[17,47,93],
[40,53,77],
[26,52,100],
[50,59,85],
[3,46,116],
[13,38,117],
[22,33,119],
[12,51,62],
[31,48,70],
[8,42,86],
[23,30,118],
[6,7,98],
[19,21,81],
[45,49,108],
[36,44,101],
[18,34,87],
[14,43,120],
[32,35,64],
[10,16,74],
[27,39,94],
[0,24,73],
[71,92,121],
[66,69,88],
[61,78,84],
[68,102,114],
[82,89,113],
[63,110,111],
[72,105,107],
[90,95,99],
[65,75,83],
[76,96,112]],

[[47,108,122],
[34,48,102],
[21,49,96],
[51,56,84],
[4,55,121],
[2,22,73],
[18,58,99],
[8,50,90],
[30,53,72],
[13,59,97],
[10,40,86],
[33,46,70],
[19,45,93],
[43,52,78],
[39,57,109],
[6,31,110],
[15,26,112],
[5,44,116],
[24,41,63],
[1,35,79],
[16,23,111],
[0,60,91],
[12,14,74],
[38,42,101],
[29,37,94],
[11,27,80],
[7,36,113],
[25,28,118],
[3,9,67],
[20,32,87],
[17,54,66],
[64,85,114],
[62,81,120],
[71,77,115],
[61,95,107],
[75,82,106],
[103,104,117],
[65,98,100],
[83,88,92],
[68,76,119],
[69,89,105]],

[[33,94,122],
[20,34,88],
[7,35,82],
[37,42,70],
[41,51,107],
[8,49,120],
[4,44,85],
[36,55,76],
[16,39,119],
[45,60,83],
[26,57,72],
[19,32,117],
[5,31,79],
[29,38,64],
[25,43,95],
[17,53,96],
[1,12,98],
[30,52,102],
[10,27,110],
[21,48,65],
[2,9,97],
[46,47,77],
[0,59,121],
[24,28,87],
[15,23,80],
[13,58,66],
[22,54,99],
[11,14,104],
[50,56,114],
[6,18,73],
[3,40,113],
[71,100,111],
[67,106,109],
[63,101,118],
[81,93,108],
[61,68,92],
[89,90,103],
[84,86,112],
[69,74,78],
[62,105,115],
[75,91,116]],

[[5,66,122],
[6,53,121],
[7,40,115],
[9,14,103],
[13,23,79],
[21,41,92],
[16,37,118],
[8,27,109],
[11,49,91],
[17,32,116],
[29,59,105],
[4,52,89],
[3,38,112],
[1,10,97],
[15,58,67],
[25,50,68],
[34,45,70],
[2,24,74],
[43,60,82],
[20,54,98],
[35,42,69],
[18,19,110],
[31,33,93],
[0,57,120],
[48,56,113],
[30,46,99],
[26,55,71],
[44,47,76],
[22,28,86],
[39,51,106],
[12,36,85],
[72,83,104],
[78,81,100],
[73,90,96],
[65,80,114],
[64,94,101],
[61,62,75],
[84,117,119],
[102,107,111],
[77,87,95],
[63,88,108]],

[[10,71,122],
[11,58,65],
[12,45,120],
[14,19,108],
[18,28,84],
[26,46,97],
[21,42,62],
[13,32,114],
[16,54,96],
[22,37,121],
[3,34,110],
[9,57,94],
[8,43,117],
[6,15,102],
[2,20,72],
[30,55,73],
[39,50,75],
[7,29,79],
[4,48,87],
[25,59,103],
[40,47,74],
[23,24,115],
[36,38,98],
[1,5,64],
[0,53,118],
[35,51,104],
[31,60,76],
[49,52,81],
[27,33,91],
[44,56,111],
[17,41,90],
[77,88,109],
[83,86,105],
[78,95,101],
[70,85,119],
[69,99,106],
[66,67,80],
[61,63,89],
[107,112,116],
[82,92,100],
[68,93,113]],

[[20,81,122],
[7,21,75],
[22,55,69],
[24,29,118],
[28,38,94],
[36,56,107],
[31,52,72],
[23,42,63],
[3,26,106],
[32,47,70],
[13,44,120],
[6,19,104],
[18,53,66],
[16,25,112],
[12,30,82],
[4,40,83],
[49,60,85],
[17,39,89],
[14,58,97],
[8,35,113],
[50,57,84],
[33,34,64],
[46,48,108],
[11,15,74],
[2,10,67],
[0,45,114],
[9,41,86],
[1,59,91],
[37,43,101],
[5,54,121],
[27,51,100],
[87,98,119],
[93,96,115],
[88,105,111],
[68,80,95],
[79,109,116],
[76,77,90],
[71,73,99],
[61,65,117],
[92,102,110],
[62,78,103]],

[[40,101,122],
[27,41,95],
[14,42,89],
[44,49,77],
[48,58,114],
[15,56,66],
[11,51,92],
[1,43,83],
[23,46,65],
[6,52,90],
[3,33,79],
[26,39,63],
[12,38,86],
[36,45,71],
[32,50,102],
[24,60,103],
[8,19,105],
[37,59,109],
[17,34,117],
[28,55,72],
[9,16,104],
[53,54,84],
[5,7,67],
[31,35,94],
[22,30,87],
[4,20,73],
[0,29,106],
[18,21,111],
[2,57,121],
[13,25,80],
[10,47,120],
[78,107,118],
[74,113,116],
[64,70,108],
[88,100,115],
[68,75,99],
[96,97,110],
[91,93,119],
[76,81,85],
[61,69,112],
[62,82,98]],

[[19,80,122],
[6,20,74],
[21,54,68],
[23,28,117],
[27,37,93],
[35,55,106],
[30,51,71],
[22,41,62],
[2,25,105],
[31,46,69],
[12,43,119],
[5,18,103],
[17,52,65],
[15,24,111],
[11,29,81],
[3,39,82],
[48,59,84],
[16,38,88],
[13,57,96],
[7,34,112],
[49,56,83],
[32,33,63],
[45,47,107],
[10,14,73],
[1,9,66],
[44,60,113],
[8,40,85],
[0,58,90],
[36,42,100],
[4,53,120],
[26,50,99],
[86,97,118],
[92,95,114],
[87,104,110],
[67,79,94],
[78,108,115],
[75,76,89],
[70,72,98],
[64,116,121],
[91,101,109],
[61,77,102]],

[[38,99,122],
[25,39,93],
[12,40,87],
[42,47,75],
[46,56,112],
[13,54,64],
[9,49,90],
[41,60,81],
[21,44,63],
[4,50,88],
[1,31,77],
[24,37,61],
[10,36,84],
[34,43,69],
[30,48,100],
[22,58,101],
[6,17,103],
[35,57,107],
[15,32,115],
[26,53,70],
[7,14,102],
[51,52,82],
[3,5,65],
[29,33,92],
[20,28,85],
[2,18,71],
[27,59,104],
[16,19,109],
[0,55,119],
[11,23,78],
[8,45,118],
[76,105,116],
[72,111,114],
[62,68,106],
[86,98,113],
[66,73,97],
[94,95,108],
[89,91,117],
[74,79,83],
[67,110,120],
[80,96,121]],

[[15,76,122],
[2,16,70],
[17,50,64],
[19,24,113],
[23,33,89],
[31,51,102],
[26,47,67],
[18,37,119],
[21,59,101],
[27,42,65],
[8,39,115],
[1,14,99],
[13,48,61],
[11,20,107],
[7,25,77],
[35,60,78],
[44,55,80],
[12,34,84],
[9,53,92],
[3,30,108],
[45,52,79],
[28,29,120],
[41,43,103],
[6,10,69],
[5,58,62],
[40,56,109],
[4,36,81],
[54,57,86],
[32,38,96],
[0,49,116],
[22,46,95],
[82,93,114],
[88,91,110],
[83,100,106],
[63,75,90],
[74,104,111],
[71,72,85],
[66,68,94],
[112,117,121],
[87,97,105],
[73,98,118]],

[[30,91,122],
[17,31,85],
[4,32,79],
[34,39,67],
[38,48,104],
[5,46,117],
[1,41,82],
[33,52,73],
[13,36,116],
[42,57,80],
[23,54,69],
[16,29,114],
[2,28,76],
[26,35,61],
[22,40,92],
[14,50,93],
[9,59,95],
[27,49,99],
[7,24,107],
[18,45,62],
[6,60,94],
[43,44,74],
[56,58,118],
[21,25,84],
[12,20,77],
[10,55,63],
[19,51,96],
[8,11,101],
[47,53,111],
[3,15,70],
[0,37,110],
[68,97,108],
[64,103,106],
[98,115,121],
[78,90,105],
[65,89,119],
[86,87,100],
[81,83,109],
[66,71,75],
[102,112,120],
[72,88,113]],

[[60,121,122],
[0,47,115],
[1,34,109],
[3,8,97],
[7,17,73],
[15,35,86],
[10,31,112],
[2,21,103],
[5,43,85],
[11,26,110],
[23,53,99],
[46,59,83],
[32,58,106],
[4,56,91],
[9,52,61],
[19,44,62],
[28,39,64],
[18,57,68],
[37,54,76],
[14,48,92],
[29,36,63],
[12,13,104],
[25,27,87],
[51,55,114],
[42,50,107],
[24,40,93],
[20,49,65],
[38,41,70],
[16,22,80],
[33,45,100],
[6,30,79],
[66,77,98],
[72,75,94],
[67,84,90],
[74,108,120],
[88,95,119],
[69,116,117],
[78,111,113],
[96,101,105],
[71,81,89],
[82,102,118]],

[[59,120,122],
[46,60,114],
[0,33,108],
[2,7,96],
[6,16,72],
[14,34,85],
[9,30,111],
[1,20,102],
[4,42,84],
[10,25,109],
[22,52,98],
[45,58,82],
[31,57,105],
[3,55,90],
[8,51,121],
[18,43,61],
[27,38,63],
[17,56,67],
[36,53,75],
[13,47,91],
[28,35,62],
[11,12,103],
[24,26,86],
[50,54,113],
[41,49,106],
[23,39,92],
[19,48,64],
[37,40,69],
[15,21,79],
[32,44,99],
[5,29,78],
[65,76,97],
[71,74,93],
[66,83,89],
[73,107,119],
[87,94,118],
[68,115,116],
[77,110,112],
[95,100,104],
[70,80,88],
[81,101,117]],

[[57,118,122],
[44,58,112],
[31,59,106],
[0,5,94],
[4,14,70],
[12,32,83],
[7,28,109],
[18,60,100],
[2,40,82],
[8,23,107],
[20,50,96],
[43,56,80],
[29,55,103],
[1,53,88],
[6,49,119],
[16,41,120],
[25,36,61],
[15,54,65],
[34,51,73],
[11,45,89],
[26,33,121],
[9,10,101],
[22,24,84],
[48,52,111],
[39,47,104],
[21,37,90],
[17,46,62],
[35,38,67],
[13,19,77],
[30,42,97],
[3,27,76],
[63,74,95],
[69,72,91],
[64,81,87],
[71,105,117],
[85,92,116],
[66,113,114],
[75,108,110],
[93,98,102],
[68,78,86],
[79,99,115]],

[[53,114,122],
[40,54,108],
[27,55,102],
[1,57,90],
[0,10,66],
[8,28,79],
[3,24,105],
[14,56,96],
[36,59,78],
[4,19,103],
[16,46,92],
[39,52,76],
[25,51,99],
[49,58,84],
[2,45,115],
[12,37,116],
[21,32,118],
[11,50,61],
[30,47,69],
[7,41,85],
[22,29,117],
[5,6,97],
[18,20,80],
[44,48,107],
[35,43,100],
[17,33,86],
[13,42,119],
[31,34,63],
[9,15,73],
[26,38,93],
[23,60,72],
[70,91,120],
[65,68,87],
[77,83,121],
[67,101,113],
[81,88,112],
[62,109,110],
[71,104,106],
[89,94,98],
[64,74,82],
[75,95,111]],

[[45,106,122],
[32,46,100],
[19,47,94],
[49,54,82],
[2,53,119],
[0,20,71],
[16,56,97],
[6,48,88],
[28,51,70],
[11,57,95],
[8,38,84],
[31,44,68],
[17,43,91],
[41,50,76],
[37,55,107],
[4,29,108],
[13,24,110],
[3,42,114],
[22,39,61],
[33,60,77],
[14,21,109],
[58,59,89],
[10,12,72],
[36,40,99],
[27,35,92],
[9,25,78],
[5,34,111],
[23,26,116],
[1,7,65],
[18,30,85],
[15,52,64],
[62,83,112],
[79,118,121],
[69,75,113],
[93,105,120],
[73,80,104],
[101,102,115],
[63,96,98],
[81,86,90],
[66,74,117],
[67,87,103]],

[[29,90,122],
[16,30,84],
[3,31,78],
[33,38,66],
[37,47,103],
[4,45,116],
[0,40,81],
[32,51,72],
[12,35,115],
[41,56,79],
[22,53,68],
[15,28,113],
[1,27,75],
[25,34,121],
[21,39,91],
[13,49,92],
[8,58,94],
[26,48,98],
[6,23,106],
[17,44,61],
[5,59,93],
[42,43,73],
[55,57,117],
[20,24,83],
[11,19,76],
[9,54,62],
[18,50,95],
[7,10,100],
[46,52,110],
[2,14,69],
[36,60,109],
[67,96,107],
[63,102,105],
[97,114,120],
[77,89,104],
[64,88,118],
[85,86,99],
[80,82,108],
[65,70,74],
[101,111,119],
[71,87,112]],

[[58,119,122],
[45,59,113],
[32,60,107],
[1,6,95],
[5,15,71],
[13,33,84],
[8,29,110],
[0,19,101],
[3,41,83],
[9,24,108],
[21,51,97],
[44,57,81],
[30,56,104],
[2,54,89],
[7,50,120],
[17,42,121],
[26,37,62],
[16,55,66],
[35,52,74],
[12,46,90],
[27,34,61],
[10,11,102],
[23,25,85],
[49,53,112],
[40,48,105],
[22,38,91],
[18,47,63],
[36,39,68],
[14,20,78],
[31,43,98],
[4,28,77],
[64,75,96],
[70,73,92],
[65,82,88],
[72,106,118],
[86,93,117],
[67,114,115],
[76,109,111],
[94,99,103],
[69,79,87],
[80,100,116]],

[[55,116,122],
[42,56,110],
[29,57,104],
[3,59,92],
[2,12,68],
[10,30,81],
[5,26,107],
[16,58,98],
[0,38,80],
[6,21,105],
[18,48,94],
[41,54,78],
[27,53,101],
[51,60,86],
[4,47,117],
[14,39,118],
[23,34,120],
[13,52,63],
[32,49,71],
[9,43,87],
[24,31,119],
[7,8,99],
[20,22,82],
[46,50,109],
[37,45,102],
[19,35,88],
[15,44,121],
[33,36,65],
[11,17,75],
[28,40,95],
[1,25,74],
[61,72,93],
[67,70,89],
[62,79,85],
[69,103,115],
[83,90,114],
[64,111,112],
[73,106,108],
[91,96,100],
[66,76,84],
[77,97,113]],

[[49,110,122],
[36,50,104],
[23,51,98],
[53,58,86],
[6,57,62],
[4,24,75],
[20,60,101],
[10,52,92],
[32,55,74],
[0,15,99],
[12,42,88],
[35,48,72],
[21,47,95],
[45,54,80],
[41,59,111],
[8,33,112],
[17,28,114],
[7,46,118],
[26,43,65],
[3,37,81],
[18,25,113],
[1,2,93],
[14,16,76],
[40,44,103],
[31,39,96],
[13,29,82],
[9,38,115],
[27,30,120],
[5,11,69],
[22,34,89],
[19,56,68],
[66,87,116],
[61,64,83],
[73,79,117],
[63,97,109],
[77,84,108],
[105,106,119],
[67,100,102],
[85,90,94],
[70,78,121],
[71,91,107]],

[[37,98,122],
[24,38,92],
[11,39,86],
[41,46,74],
[45,55,111],
[12,53,63],
[8,48,89],
[40,59,80],
[20,43,62],
[3,49,87],
[0,30,76],
[23,36,121],
[9,35,83],
[33,42,68],
[29,47,99],
[21,57,100],
[5,16,102],
[34,56,106],
[14,31,114],
[25,52,69],
[6,13,101],
[50,51,81],
[2,4,64],
[28,32,91],
[19,27,84],
[1,17,70],
[26,58,103],
[15,18,108],
[54,60,118],
[10,22,77],
[7,44,117],
[75,104,115],
[71,110,113],
[61,67,105],
[85,97,112],
[65,72,96],
[93,94,107],
[88,90,116],
[73,78,82],
[66,109,119],
[79,95,120]],

[[13,74,122],
[0,14,68],
[15,48,62],
[17,22,111],
[21,31,87],
[29,49,100],
[24,45,65],
[16,35,117],
[19,57,99],
[25,40,63],
[6,37,113],
[12,60,97],
[11,46,120],
[9,18,105],
[5,23,75],
[33,58,76],
[42,53,78],
[10,32,82],
[7,51,90],
[1,28,106],
[43,50,77],
[26,27,118],
[39,41,101],
[4,8,67],
[3,56,121],
[38,54,107],
[2,34,79],
[52,55,84],
[30,36,94],
[47,59,114],
[20,44,93],
[80,91,112],
[86,89,108],
[81,98,104],
[61,73,88],
[72,102,109],
[69,70,83],
[64,66,92],
[110,115,119],
[85,95,103],
[71,96,116]],

[[26,87,122],
[13,27,81],
[0,28,75],
[30,35,63],
[34,44,100],
[1,42,113],
[37,58,78],
[29,48,69],
[9,32,112],
[38,53,76],
[19,50,65],
[12,25,110],
[24,59,72],
[22,31,118],
[18,36,88],
[10,46,89],
[5,55,91],
[23,45,95],
[3,20,103],
[14,41,119],
[2,56,90],
[39,40,70],
[52,54,114],
[17,21,80],
[8,16,73],
[6,51,120],
[15,47,92],
[4,7,97],
[43,49,107],
[11,60,66],
[33,57,106],
[64,93,104],
[99,102,121],
[94,111,117],
[74,86,101],
[61,85,115],
[82,83,96],
[77,79,105],
[62,67,71],
[98,108,116],
[68,84,109]],

[[52,113,122],
[39,53,107],
[26,54,101],
[0,56,89],
[9,60,65],
[7,27,78],
[2,23,104],
[13,55,95],
[35,58,77],
[3,18,102],
[15,45,91],
[38,51,75],
[24,50,98],
[48,57,83],
[1,44,114],
[11,36,115],
[20,31,117],
[10,49,121],
[29,46,68],
[6,40,84],
[21,28,116],
[4,5,96],
[17,19,79],
[43,47,106],
[34,42,99],
[16,32,85],
[12,41,118],
[30,33,62],
[8,14,72],
[25,37,92],
[22,59,71],
[69,90,119],
[64,67,86],
[76,82,120],
[66,100,112],
[80,87,111],
[61,108,109],
[70,103,105],
[88,93,97],
[63,73,81],
[74,94,110]],

[[43,104,122],
[30,44,98],
[17,45,92],
[47,52,80],
[0,51,117],
[18,59,69],
[14,54,95],
[4,46,86],
[26,49,68],
[9,55,93],
[6,36,82],
[29,42,66],
[15,41,89],
[39,48,74],
[35,53,105],
[2,27,106],
[11,22,108],
[1,40,112],
[20,37,120],
[31,58,75],
[12,19,107],
[56,57,87],
[8,10,70],
[34,38,97],
[25,33,90],
[7,23,76],
[3,32,109],
[21,24,114],
[5,60,63],
[16,28,83],
[13,50,62],
[81,110,121],
[77,116,119],
[67,73,111],
[91,103,118],
[71,78,102],
[99,100,113],
[61,94,96],
[79,84,88],
[64,72,115],
[65,85,101]],

[[25,86,122],
[12,26,80],
[27,60,74],
[29,34,62],
[33,43,99],
[0,41,112],
[36,57,77],
[28,47,68],
[8,31,111],
[37,52,75],
[18,49,64],
[11,24,109],
[23,58,71],
[21,30,117],
[17,35,87],
[9,45,88],
[4,54,90],
[22,44,94],
[2,19,102],
[13,40,118],
[1,55,89],
[38,39,69],
[51,53,113],
[16,20,79],
[7,15,72],
[5,50,119],
[14,46,91],
[3,6,96],
[42,48,106],
[10,59,65],
[32,56,105],
[63,92,103],
[98,101,120],
[93,110,116],
[73,85,100],
[84,114,121],
[81,82,95],
[76,78,104],
[61,66,70],
[97,107,115],
[67,83,108]],

[[50,111,122],
[37,51,105],
[24,52,99],
[54,59,87],
[7,58,63],
[5,25,76],
[0,21,102],
[11,53,93],
[33,56,75],
[1,16,100],
[13,43,89],
[36,49,73],
[22,48,96],
[46,55,81],
[42,60,112],
[9,34,113],
[18,29,115],
[8,47,119],
[27,44,66],
[4,38,82],
[19,26,114],
[2,3,94],
[15,17,77],
[41,45,104],
[32,40,97],
[14,30,83],
[10,39,116],
[28,31,121],
[6,12,70],
[23,35,90],
[20,57,69],
[67,88,117],
[62,65,84],
[74,80,118],
[64,98,110],
[78,85,109],
[106,107,120],
[68,101,103],
[86,91,95],
[61,71,79],
[72,92,108]],

[[39,100,122],
[26,40,94],
[13,41,88],
[43,48,76],
[47,57,113],
[14,55,65],
[10,50,91],
[0,42,82],
[22,45,64],
[5,51,89],
[2,32,78],
[25,38,62],
[11,37,85],
[35,44,70],
[31,49,101],
[23,59,102],
[7,18,104],
[36,58,108],
[16,33,116],
[27,54,71],
[8,15,103],
[52,53,83],
[4,6,66],
[30,34,93],
[21,29,86],
[3,19,72],
[28,60,105],
[17,20,110],
[1,56,120],
[12,24,79],
[9,46,119],
[77,106,117],
[73,112,115],
[63,69,107],
[87,99,114],
[67,74,98],
[95,96,109],
[90,92,118],
[75,80,84],
[68,111,121],
[61,81,97]],

[[17,78,122],
[4,18,72],
[19,52,66],
[21,26,115],
[25,35,91],
[33,53,104],
[28,49,69],
[20,39,121],
[0,23,103],
[29,44,67],
[10,41,117],
[3,16,101],
[15,50,63],
[13,22,109],
[9,27,79],
[1,37,80],
[46,57,82],
[14,36,86],
[11,55,94],
[5,32,110],
[47,54,81],
[30,31,61],
[43,45,105],
[8,12,71],
[7,60,64],
[42,58,111],
[6,38,83],
[56,59,88],
[34,40,98],
[2,51,118],
[24,48,97],
[84,95,116],
[90,93,112],
[85,102,108],
[65,77,92],
[76,106,113],
[73,74,87],
[68,70,96],
[62,114,119],
[89,99,107],
[75,100,120]],

[[34,95,122],
[21,35,89],
[8,36,83],
[38,43,71],
[42,52,108],
[9,50,121],
[5,45,86],
[37,56,77],
[17,40,120],
[0,46,84],
[27,58,73],
[20,33,118],
[6,32,80],
[30,39,65],
[26,44,96],
[18,54,97],
[2,13,99],
[31,53,103],
[11,28,111],
[22,49,66],
[3,10,98],
[47,48,78],
[1,60,61],
[25,29,88],
[16,24,81],
[14,59,67],
[23,55,100],
[12,15,105],
[51,57,115],
[7,19,74],
[4,41,114],
[72,101,112],
[68,107,110],
[64,102,119],
[82,94,109],
[62,69,93],
[90,91,104],
[85,87,113],
[70,75,79],
[63,106,116],
[76,92,117]],

[[7,68,122],
[8,55,62],
[9,42,117],
[11,16,105],
[15,25,81],
[23,43,94],
[18,39,120],
[10,29,111],
[13,51,93],
[19,34,118],
[0,31,107],
[6,54,91],
[5,40,114],
[3,12,99],
[17,60,69],
[27,52,70],
[36,47,72],
[4,26,76],
[1,45,84],
[22,56,100],
[37,44,71],
[20,21,112],
[33,35,95],
[2,59,61],
[50,58,115],
[32,48,101],
[28,57,73],
[46,49,78],
[24,30,88],
[41,53,108],
[14,38,87],
[74,85,106],
[80,83,102],
[75,92,98],
[67,82,116],
[66,96,103],
[63,64,77],
[86,119,121],
[104,109,113],
[79,89,97],
[65,90,110]],

[[14,75,122],
[1,15,69],
[16,49,63],
[18,23,112],
[22,32,88],
[30,50,101],
[25,46,66],
[17,36,118],
[20,58,100],
[26,41,64],
[7,38,114],
[0,13,98],
[12,47,121],
[10,19,106],
[6,24,76],
[34,59,77],
[43,54,79],
[11,33,83],
[8,52,91],
[2,29,107],
[44,51,78],
[27,28,119],
[40,42,102],
[5,9,68],
[4,57,61],
[39,55,108],
[3,35,80],
[53,56,85],
[31,37,95],
[48,60,115],
[21,45,94],
[81,92,113],
[87,90,109],
[82,99,105],
[62,74,89],
[73,103,110],
[70,71,84],
[65,67,93],
[111,116,120],
[86,96,104],
[72,97,117]],

[[28,89,122],
[15,29,83],
[2,30,77],
[32,37,65],
[36,46,102],
[3,44,115],
[39,60,80],
[31,50,71],
[11,34,114],
[40,55,78],
[21,52,67],
[14,27,112],
[0,26,74],
[24,33,120],
[20,38,90],
[12,48,91],
[7,57,93],
[25,47,97],
[5,22,105],
[16,43,121],
[4,58,92],
[41,42,72],
[54,56,116],
[19,23,82],
[10,18,75],
[8,53,61],
[17,49,94],
[6,9,99],
[45,51,109],
[1,13,68],
[35,59,108],
[66,95,106],
[62,101,104],
[96,113,119],
[76,88,103],
[63,87,117],
[84,85,98],
[79,81,107],
[64,69,73],
[100,110,118],
[70,86,111]],

[[56,117,122],
[43,57,111],
[30,58,105],
[4,60,93],
[3,13,69],
[11,31,82],
[6,27,108],
[17,59,99],
[1,39,81],
[7,22,106],
[19,49,95],
[42,55,79],
[28,54,102],
[0,52,87],
[5,48,118],
[15,40,119],
[24,35,121],
[14,53,64],
[33,50,72],
[10,44,88],
[25,32,120],
[8,9,100],
[21,23,83],
[47,51,110],
[38,46,103],
[20,36,89],
[16,45,61],
[34,37,66],
[12,18,76],
[29,41,96],
[2,26,75],
[62,73,94],
[68,71,90],
[63,80,86],
[70,104,116],
[84,91,115],
[65,112,113],
[74,107,109],
[92,97,101],
[67,77,85],
[78,98,114]],

[[51,112,122],
[38,52,106],
[25,53,100],
[55,60,88],
[8,59,64],
[6,26,77],
[1,22,103],
[12,54,94],
[34,57,76],
[2,17,101],
[14,44,90],
[37,50,74],
[23,49,97],
[47,56,82],
[0,43,113],
[10,35,114],
[19,30,116],
[9,48,120],
[28,45,67],
[5,39,83],
[20,27,115],
[3,4,95],
[16,18,78],
[42,46,105],
[33,41,98],
[15,31,84],
[11,40,117],
[29,32,61],
[7,13,71],
[24,36,91],
[21,58,70],
[68,89,118],
[63,66,85],
[75,81,119],
[65,99,111],
[79,86,110],
[107,108,121],
[69,102,104],
[87,92,96],
[62,72,80],
[73,93,109]],

[[41,102,122],
[28,42,96],
[15,43,90],
[45,50,78],
[49,59,115],
[16,57,67],
[12,52,93],
[2,44,84],
[24,47,66],
[7,53,91],
[4,34,80],
[27,40,64],
[13,39,87],
[37,46,72],
[33,51,103],
[0,25,104],
[9,20,106],
[38,60,110],
[18,35,118],
[29,56,73],
[10,17,105],
[54,55,85],
[6,8,68],
[32,36,95],
[23,31,88],
[5,21,74],
[1,30,107],
[19,22,112],
[3,58,61],
[14,26,81],
[11,48,121],
[79,108,119],
[75,114,117],
[65,71,109],
[89,101,116],
[69,76,100],
[97,98,111],
[92,94,120],
[77,82,86],
[62,70,113],
[63,83,99]],

[[21,82,122],
[8,22,76],
[23,56,70],
[25,30,119],
[29,39,95],
[37,57,108],
[32,53,73],
[24,43,64],
[4,27,107],
[33,48,71],
[14,45,121],
[7,20,105],
[19,54,67],
[17,26,113],
[13,31,83],
[5,41,84],
[0,50,86],
[18,40,90],
[15,59,98],
[9,36,114],
[51,58,85],
[34,35,65],
[47,49,109],
[12,16,75],
[3,11,68],
[1,46,115],
[10,42,87],
[2,60,92],
[38,44,102],
[6,55,61],
[28,52,101],
[88,99,120],
[94,97,116],
[89,106,112],
[69,81,96],
[80,110,117],
[77,78,91],
[72,74,100],
[62,66,118],
[93,103,111],
[63,79,104]],

[[42,103,122],
[29,43,97],
[16,44,91],
[46,51,79],
[50,60,116],
[17,58,68],
[13,53,94],
[3,45,85],
[25,48,67],
[8,54,92],
[5,35,81],
[28,41,65],
[14,40,88],
[38,47,73],
[34,52,104],
[1,26,105],
[10,21,107],
[0,39,111],
[19,36,119],
[30,57,74],
[11,18,106],
[55,56,86],
[7,9,69],
[33,37,96],
[24,32,89],
[6,22,75],
[2,31,108],
[20,23,113],
[4,59,62],
[15,27,82],
[12,49,61],
[80,109,120],
[76,115,118],
[66,72,110],
[90,102,117],
[70,77,101],
[98,99,112],
[93,95,121],
[78,83,87],
[63,71,114],
[64,84,100]],

[[23,84,122],
[10,24,78],
[25,58,72],
[27,32,121],
[31,41,97],
[39,59,110],
[34,55,75],
[26,45,66],
[6,29,109],
[35,50,73],
[16,47,62],
[9,22,107],
[21,56,69],
[19,28,115],
[15,33,85],
[7,43,86],
[2,52,88],
[20,42,92],
[0,17,100],
[11,38,116],
[53,60,87],
[36,37,67],
[49,51,111],
[14,18,77],
[5,13,70],
[3,48,117],
[12,44,89],
[1,4,94],
[40,46,104],
[8,57,63],
[30,54,103],
[61,90,101],
[96,99,118],
[91,108,114],
[71,83,98],
[82,112,119],
[79,80,93],
[74,76,102],
[64,68,120],
[95,105,113],
[65,81,106]],

[[46,107,122],
[33,47,101],
[20,48,95],
[50,55,83],
[3,54,120],
[1,21,72],
[17,57,98],
[7,49,89],
[29,52,71],
[12,58,96],
[9,39,85],
[32,45,69],
[18,44,92],
[42,51,77],
[38,56,108],
[5,30,109],
[14,25,111],
[4,43,115],
[23,40,62],
[0,34,78],
[15,22,110],
[59,60,90],
[11,13,73],
[37,41,100],
[28,36,93],
[10,26,79],
[6,35,112],
[24,27,117],
[2,8,66],
[19,31,86],
[16,53,65],
[63,84,113],
[61,80,119],
[70,76,114],
[94,106,121],
[74,81,105],
[102,103,116],
[64,97,99],
[82,87,91],
[67,75,118],
[68,88,104]],

[[31,92,122],
[18,32,86],
[5,33,80],
[35,40,68],
[39,49,105],
[6,47,118],
[2,42,83],
[34,53,74],
[14,37,117],
[43,58,81],
[24,55,70],
[17,30,115],
[3,29,77],
[27,36,62],
[23,41,93],
[15,51,94],
[10,60,96],
[28,50,100],
[8,25,108],
[19,46,63],
[0,7,95],
[44,45,75],
[57,59,119],
[22,26,85],
[13,21,78],
[11,56,64],
[20,52,97],
[9,12,102],
[48,54,112],
[4,16,71],
[1,38,111],
[69,98,109],
[65,104,107],
[61,99,116],
[79,91,106],
[66,90,120],
[87,88,101],
[82,84,110],
[67,72,76],
[103,113,121],
[73,89,114]]

]
