[[[0, 26, 52, 78, 104],
[1, 29, 58, 82],
[2, 31, 55, 99],
[3, 27, 73, 96, 123],
[4, 41, 76, 81, 115],
[5, 30, 65, 100, 119],
[6, 37, 62, 97],
[7, 46, 66, 83],
[8, 44, 53, 90],
[9, 48, 63, 95, 105],
[10, 40, 56, 102, 117],
[11, 50, 72, 85, 121],
[12, 49, 59, 92, 110],
[13, 33, 71, 101, 118],
[14, 36, 57, 80],
[15, 32, 75, 79, 112],
[16, 39, 77, 89, 108],
[17, 38, 61, 103, 111],
[18, 51, 68, 87, 109],
[19, 47, 67, 94, 122],
[20, 34, 74, 88, 120],
[21, 43, 70, 98, 106],
[22, 28, 60, 91, 116],
[23, 42, 54, 93, 113],
[24, 35, 69, 84, 114],
[25, 45, 64, 86, 107]],

[[0, 35, 74, 89, 121],
[1, 27, 53, 79, 105],
[2, 30, 59, 83],
[3, 32, 56, 99, 104],
[4, 28, 73, 97],
[5, 42, 76, 82, 116],
[6, 31, 66, 100, 120],
[7, 38, 63, 98],
[8, 26, 67, 84],
[9, 45, 54, 91],
[10, 48, 64, 96, 106],
[11, 41, 57, 102, 118],
[12, 50, 52, 86, 122],
[13, 49, 60, 93, 111],
[14, 34, 72, 101, 119],
[15, 37, 58, 81],
[16, 33, 75, 80, 113],
[17, 40, 77, 90, 109],
[18, 39, 62, 103, 112],
[19, 51, 69, 88, 110],
[20, 47, 68, 95, 123],
[21, 44, 71, 78, 107],
[22, 29, 61, 92, 117],
[23, 43, 55, 94, 114],
[24, 36, 70, 85, 115],
[25, 46, 65, 87, 108]],

[[0, 47, 69, 96],
[1, 36, 74, 90, 122],
[2, 28, 54, 80, 106],
[3, 31, 60, 84],
[4, 33, 57, 99, 105],
[5, 29, 73, 98, 104],
[6, 43, 76, 83, 117],
[7, 32, 67, 100, 121],
[8, 39, 64, 78],
[9, 27, 68, 85],
[10, 46, 55, 92],
[11, 48, 65, 97, 107],
[12, 42, 58, 102, 119],
[13, 50, 53, 87, 123],
[14, 49, 61, 94, 112],
[15, 35, 52, 101, 120],
[16, 38, 59, 82],
[17, 34, 75, 81, 114],
[18, 41, 77, 91, 110],
[19, 40, 63, 103, 113],
[20, 51, 70, 89, 111],
[21, 45, 72, 79, 108],
[22, 30, 62, 93, 118],
[23, 44, 56, 95, 115],
[24, 37, 71, 86, 116],
[25, 26, 66, 88, 109]],

[[0, 51, 71, 90, 112],
[1, 47, 70, 97, 104],
[2, 37, 74, 91, 123],
[3, 29, 55, 81, 107],
[4, 32, 61, 85],
[5, 34, 58, 99, 106],
[6, 30, 73, 78, 105],
[7, 44, 76, 84, 118],
[8, 33, 68, 100, 122],
[9, 40, 65, 79],
[10, 28, 69, 86],
[11, 26, 56, 93],
[12, 48, 66, 98, 108],
[13, 43, 59, 102, 120],
[14, 50, 54, 88],
[15, 49, 62, 95, 113],
[16, 36, 53, 101, 121],
[17, 39, 60, 83],
[18, 35, 75, 82, 115],
[19, 42, 77, 92, 111],
[20, 41, 64, 103, 114],
[21, 46, 52, 80, 109],
[22, 31, 63, 94, 119],
[23, 45, 57, 96, 116],
[24, 38, 72, 87, 117],
[25, 27, 67, 89, 110]],

[[0, 42, 65, 103, 115],
[1, 51, 72, 91, 113],
[2, 47, 71, 98, 105],
[3, 38, 74, 92],
[4, 30, 56, 82, 108],
[5, 33, 62, 86],
[6, 35, 59, 99, 107],
[7, 31, 73, 79, 106],
[8, 45, 76, 85, 119],
[9, 34, 69, 100, 123],
[10, 41, 66, 80],
[11, 29, 70, 87],
[12, 27, 57, 94],
[13, 48, 67, 78, 109],
[14, 44, 60, 102, 121],
[15, 50, 55, 89, 104],
[16, 49, 63, 96, 114],
[17, 37, 54, 101, 122],
[18, 40, 61, 84],
[19, 36, 75, 83, 116],
[20, 43, 77, 93, 112],
[21, 26, 53, 81, 110],
[22, 32, 64, 95, 120],
[23, 46, 58, 97, 117],
[24, 39, 52, 88, 118],
[25, 28, 68, 90, 111]],

[[0, 44, 77, 94, 113],
[1, 43, 66, 103, 116],
[2, 51, 52, 92, 114],
[3, 47, 72, 78, 106],
[4, 39, 74, 93, 104],
[5, 31, 57, 83, 109],
[6, 34, 63, 87],
[7, 36, 60, 99, 108],
[8, 32, 73, 80, 107],
[9, 46, 76, 86, 120],
[10, 35, 70, 100],
[11, 42, 67, 81],
[12, 30, 71, 88],
[13, 28, 58, 95],
[14, 48, 68, 79, 110],
[15, 45, 61, 102, 122],
[16, 50, 56, 90, 105],
[17, 49, 64, 97, 115],
[18, 38, 55, 101, 123],
[19, 41, 62, 85],
[20, 37, 75, 84, 117],
[21, 27, 54, 82, 111],
[22, 33, 65, 96, 121],
[23, 26, 59, 98, 118],
[24, 40, 53, 89, 119],
[25, 29, 69, 91, 112]],

[[0, 38, 75, 85, 118],
[1, 45, 77, 95, 114],
[2, 44, 67, 103, 117],
[3, 51, 53, 93, 115],
[4, 47, 52, 79, 107],
[5, 40, 74, 94, 105],
[6, 32, 58, 84, 110],
[7, 35, 64, 88],
[8, 37, 61, 99, 109],
[9, 33, 73, 81, 108],
[10, 26, 76, 87, 121],
[11, 36, 71, 100, 104],
[12, 43, 68, 82],
[13, 31, 72, 89],
[14, 29, 59, 96],
[15, 48, 69, 80, 111],
[16, 46, 62, 102, 123],
[17, 50, 57, 91, 106],
[18, 49, 65, 98, 116],
[19, 39, 56, 101],
[20, 42, 63, 86],
[21, 28, 55, 83, 112],
[22, 34, 66, 97, 122],
[23, 27, 60, 78, 119],
[24, 41, 54, 90, 120],
[25, 30, 70, 92, 113]],

[[0, 43, 64, 87],
[1, 39, 75, 86, 119],
[2, 46, 77, 96, 115],
[3, 45, 68, 103, 118],
[4, 51, 54, 94, 116],
[5, 47, 53, 80, 108],
[6, 41, 74, 95, 106],
[7, 33, 59, 85, 111],
[8, 36, 65, 89],
[9, 38, 62, 99, 110],
[10, 34, 73, 82, 109],
[11, 27, 76, 88, 122],
[12, 37, 72, 100, 105],
[13, 44, 69, 83],
[14, 32, 52, 90],
[15, 30, 60, 97],
[16, 48, 70, 81, 112],
[17, 26, 63, 102],
[18, 50, 58, 92, 107],
[19, 49, 66, 78, 117],
[20, 40, 57, 101, 104],
[21, 29, 56, 84, 113],
[22, 35, 67, 98, 123],
[23, 28, 61, 79, 120],
[24, 42, 55, 91, 121],
[25, 31, 71, 93, 114]],

[[0, 41, 58, 101, 105],
[1, 44, 65, 88],
[2, 40, 75, 87, 120],
[3, 26, 77, 97, 116],
[4, 46, 69, 103, 119],
[5, 51, 55, 95, 117],
[6, 47, 54, 81, 109],
[7, 42, 74, 96, 107],
[8, 34, 60, 86, 112],
[9, 37, 66, 90],
[10, 39, 63, 99, 111],
[11, 35, 73, 83, 110],
[12, 28, 76, 89, 123],
[13, 38, 52, 100, 106],
[14, 45, 70, 84],
[15, 33, 53, 91],
[16, 31, 61, 98],
[17, 48, 71, 82, 113],
[18, 27, 64, 102, 104],
[19, 50, 59, 93, 108],
[20, 49, 67, 79, 118],
[21, 30, 57, 85, 114],
[22, 36, 68, 78],
[23, 29, 62, 80, 121],
[24, 43, 56, 92, 122],
[25, 32, 72, 94, 115]],

[[0, 49, 68, 80, 119],
[1, 42, 59, 101, 106],
[2, 45, 66, 89],
[3, 41, 75, 88, 121],
[4, 27, 77, 98, 117],
[5, 26, 70, 103, 120],
[6, 51, 56, 96, 118],
[7, 47, 55, 82, 110],
[8, 43, 74, 97, 108],
[9, 35, 61, 87, 113],
[10, 38, 67, 91],
[11, 40, 64, 99, 112],
[12, 36, 73, 84, 111],
[13, 29, 76, 90],
[14, 39, 53, 100, 107],
[15, 46, 71, 85],
[16, 34, 54, 92],
[17, 32, 62, 78],
[18, 48, 72, 83, 114],
[19, 28, 65, 102, 105],
[20, 50, 60, 94, 109],
[21, 31, 58, 86, 115],
[22, 37, 69, 79, 104],
[23, 30, 63, 81, 122],
[24, 44, 57, 93, 123],
[25, 33, 52, 95, 116]],

[[0, 50, 61, 95, 110],
[1, 49, 69, 81, 120],
[2, 43, 60, 101, 107],
[3, 46, 67, 90],
[4, 42, 75, 89, 122],
[5, 28, 77, 78, 118],
[6, 27, 71, 103, 121],
[7, 51, 57, 97, 119],
[8, 47, 56, 83, 111],
[9, 44, 74, 98, 109],
[10, 36, 62, 88, 114],
[11, 39, 68, 92],
[12, 41, 65, 99, 113],
[13, 37, 73, 85, 112],
[14, 30, 76, 91, 104],
[15, 40, 54, 100, 108],
[16, 26, 72, 86],
[17, 35, 55, 93],
[18, 33, 63, 79],
[19, 48, 52, 84, 115],
[20, 29, 66, 102, 106],
[21, 32, 59, 87, 116],
[22, 38, 70, 80, 105],
[23, 31, 64, 82, 123],
[24, 45, 58, 94],
[25, 34, 53, 96, 117]],

[[0, 30, 67, 102, 107],
[1, 50, 62, 96, 111],
[2, 49, 70, 82, 121],
[3, 44, 61, 101, 108],
[4, 26, 68, 91],
[5, 43, 75, 90, 123],
[6, 29, 77, 79, 119],
[7, 28, 72, 103, 122],
[8, 51, 58, 98, 120],
[9, 47, 57, 84, 112],
[10, 45, 74, 78, 110],
[11, 37, 63, 89, 115],
[12, 40, 69, 93],
[13, 42, 66, 99, 114],
[14, 38, 73, 86, 113],
[15, 31, 76, 92, 105],
[16, 41, 55, 100, 109],
[17, 27, 52, 87],
[18, 36, 56, 94],
[19, 34, 64, 80],
[20, 48, 53, 85, 116],
[21, 33, 60, 88, 117],
[22, 39, 71, 81, 106],
[23, 32, 65, 83],
[24, 46, 59, 95, 104],
[25, 35, 54, 97, 118]],

[[0, 48, 54, 86, 117],
[1, 31, 68, 102, 108],
[2, 50, 63, 97, 112],
[3, 49, 71, 83, 122],
[4, 45, 62, 101, 109],
[5, 27, 69, 92],
[6, 44, 75, 91],
[7, 30, 77, 80, 120],
[8, 29, 52, 103, 123],
[9, 51, 59, 78, 121],
[10, 47, 58, 85, 113],
[11, 46, 74, 79, 111],
[12, 38, 64, 90, 116],
[13, 41, 70, 94],
[14, 43, 67, 99, 115],
[15, 39, 73, 87, 114],
[16, 32, 76, 93, 106],
[17, 42, 56, 100, 110],
[18, 28, 53, 88],
[19, 37, 57, 95],
[20, 35, 65, 81],
[21, 34, 61, 89, 118],
[22, 40, 72, 82, 107],
[23, 33, 66, 84, 104],
[24, 26, 60, 96, 105],
[25, 36, 55, 98, 119]],

[[0, 36, 66, 82],
[1, 48, 55, 87, 118],
[2, 32, 69, 102, 109],
[3, 50, 64, 98, 113],
[4, 49, 72, 84, 123],
[5, 46, 63, 101, 110],
[6, 28, 70, 93],
[7, 45, 75, 92, 104],
[8, 31, 77, 81, 121],
[9, 30, 53, 103],
[10, 51, 60, 79, 122],
[11, 47, 59, 86, 114],
[12, 26, 74, 80, 112],
[13, 39, 65, 91, 117],
[14, 42, 71, 95],
[15, 44, 68, 99, 116],
[16, 40, 73, 88, 115],
[17, 33, 76, 94, 107],
[18, 43, 57, 100, 111],
[19, 29, 54, 89],
[20, 38, 58, 96],
[21, 35, 62, 90, 119],
[22, 41, 52, 83, 108],
[23, 34, 67, 85, 105],
[24, 27, 61, 97, 106],
[25, 37, 56, 78, 120]],

[[0, 39, 59, 97],
[1, 37, 67, 83],
[2, 48, 56, 88, 119],
[3, 33, 70, 102, 110],
[4, 50, 65, 78, 114],
[5, 49, 52, 85],
[6, 26, 64, 101, 111],
[7, 29, 71, 94],
[8, 46, 75, 93, 105],
[9, 32, 77, 82, 122],
[10, 31, 54, 103, 104],
[11, 51, 61, 80, 123],
[12, 47, 60, 87, 115],
[13, 27, 74, 81, 113],
[14, 40, 66, 92, 118],
[15, 43, 72, 96],
[16, 45, 69, 99, 117],
[17, 41, 73, 89, 116],
[18, 34, 76, 95, 108],
[19, 44, 58, 100, 112],
[20, 30, 55, 90],
[21, 36, 63, 91, 120],
[22, 42, 53, 84, 109],
[23, 35, 68, 86, 106],
[24, 28, 62, 98, 107],
[25, 38, 57, 79, 121]],

[[0, 31, 56, 91],
[1, 40, 60, 98],
[2, 38, 68, 84],
[3, 48, 57, 89, 120],
[4, 34, 71, 102, 111],
[5, 50, 66, 79, 115],
[6, 49, 53, 86, 104],
[7, 27, 65, 101, 112],
[8, 30, 72, 95],
[9, 26, 75, 94, 106],
[10, 33, 77, 83, 123],
[11, 32, 55, 103, 105],
[12, 51, 62, 81],
[13, 47, 61, 88, 116],
[14, 28, 74, 82, 114],
[15, 41, 67, 93, 119],
[16, 44, 52, 97],
[17, 46, 70, 99, 118],
[18, 42, 73, 90, 117],
[19, 35, 76, 96, 109],
[20, 45, 59, 100, 113],
[21, 37, 64, 92, 121],
[22, 43, 54, 85, 110],
[23, 36, 69, 87, 107],
[24, 29, 63, 78, 108],
[25, 39, 58, 80, 122]],

[[0, 46, 60, 100, 114],
[1, 32, 57, 92],
[2, 41, 61, 78],
[3, 39, 69, 85],
[4, 48, 58, 90, 121],
[5, 35, 72, 102, 112],
[6, 50, 67, 80, 116],
[7, 49, 54, 87, 105],
[8, 28, 66, 101, 113],
[9, 31, 52, 96],
[10, 27, 75, 95, 107],
[11, 34, 77, 84],
[12, 33, 56, 103, 106],
[13, 51, 63, 82, 104],
[14, 47, 62, 89, 117],
[15, 29, 74, 83, 115],
[16, 42, 68, 94, 120],
[17, 45, 53, 98],
[18, 26, 71, 99, 119],
[19, 43, 73, 91, 118],
[20, 36, 76, 97, 110],
[21, 38, 65, 93, 122],
[22, 44, 55, 86, 111],
[23, 37, 70, 88, 108],
[24, 30, 64, 79, 109],
[25, 40, 59, 81, 123]],

[[0, 37, 76, 98, 111],
[1, 26, 61, 100, 115],
[2, 33, 58, 93],
[3, 42, 62, 79],
[4, 40, 70, 86],
[5, 48, 59, 91, 122],
[6, 36, 52, 102, 113],
[7, 50, 68, 81, 117],
[8, 49, 55, 88, 106],
[9, 29, 67, 101, 114],
[10, 32, 53, 97],
[11, 28, 75, 96, 108],
[12, 35, 77, 85, 104],
[13, 34, 57, 103, 107],
[14, 51, 64, 83, 105],
[15, 47, 63, 90, 118],
[16, 30, 74, 84, 116],
[17, 43, 69, 95, 121],
[18, 46, 54, 78],
[19, 27, 72, 99, 120],
[20, 44, 73, 92, 119],
[21, 39, 66, 94, 123],
[22, 45, 56, 87, 112],
[23, 38, 71, 89, 109],
[24, 31, 65, 80, 110],
[25, 41, 60, 82]],

[[0, 45, 73, 93, 120],
[1, 38, 76, 78, 112],
[2, 27, 62, 100, 116],
[3, 34, 59, 94],
[4, 43, 63, 80],
[5, 41, 71, 87],
[6, 48, 60, 92, 123],
[7, 37, 53, 102, 114],
[8, 50, 69, 82, 118],
[9, 49, 56, 89, 107],
[10, 30, 68, 101, 115],
[11, 33, 54, 98],
[12, 29, 75, 97, 109],
[13, 36, 77, 86, 105],
[14, 35, 58, 103, 108],
[15, 51, 65, 84, 106],
[16, 47, 64, 91, 119],
[17, 31, 74, 85, 117],
[18, 44, 70, 96, 122],
[19, 26, 55, 79],
[20, 28, 52, 99, 121],
[21, 40, 67, 95],
[22, 46, 57, 88, 113],
[23, 39, 72, 90, 110],
[24, 32, 66, 81, 111],
[25, 42, 61, 83, 104]],

[[0, 29, 53, 99, 122],
[1, 46, 73, 94, 121],
[2, 39, 76, 79, 113],
[3, 28, 63, 100, 117],
[4, 35, 60, 95],
[5, 44, 64, 81],
[6, 42, 72, 88],
[7, 48, 61, 93],
[8, 38, 54, 102, 115],
[9, 50, 70, 83, 119],
[10, 49, 57, 90, 108],
[11, 31, 69, 101, 116],
[12, 34, 55, 78],
[13, 30, 75, 98, 110],
[14, 37, 77, 87, 106],
[15, 36, 59, 103, 109],
[16, 51, 66, 85, 107],
[17, 47, 65, 92, 120],
[18, 32, 74, 86, 118],
[19, 45, 71, 97, 123],
[20, 27, 56, 80],
[21, 41, 68, 96, 104],
[22, 26, 58, 89, 114],
[23, 40, 52, 91, 111],
[24, 33, 67, 82, 112],
[25, 43, 62, 84, 105]],

[[0, 28, 57, 81],
[1, 30, 54, 99, 123],
[2, 26, 73, 95, 122],
[3, 40, 76, 80, 114],
[4, 29, 64, 100, 118],
[5, 36, 61, 96],
[6, 45, 65, 82],
[7, 43, 52, 89],
[8, 48, 62, 94, 104],
[9, 39, 55, 102, 116],
[10, 50, 71, 84, 120],
[11, 49, 58, 91, 109],
[12, 32, 70, 101, 117],
[13, 35, 56, 79],
[14, 31, 75, 78, 111],
[15, 38, 77, 88, 107],
[16, 37, 60, 103, 110],
[17, 51, 67, 86, 108],
[18, 47, 66, 93, 121],
[19, 33, 74, 87, 119],
[20, 46, 72, 98],
[21, 42, 69, 97, 105],
[22, 27, 59, 90, 115],
[23, 41, 53, 92, 112],
[24, 34, 68, 83, 113],
[25, 44, 63, 85, 106]],

[[0, 27, 55, 84, 108],
[1, 28, 56, 85, 109],
[2, 29, 57, 86, 110],
[3, 30, 58, 87, 111],
[4, 31, 59, 88, 112],
[5, 32, 60, 89, 113],
[6, 33, 61, 90, 114],
[7, 34, 62, 91, 115],
[8, 35, 63, 92, 116],
[9, 36, 64, 93, 117],
[10, 37, 65, 94, 118],
[11, 38, 66, 95, 119],
[12, 39, 67, 96, 120],
[13, 40, 68, 97, 121],
[14, 41, 69, 98, 122],
[15, 42, 70, 78, 123],
[16, 43, 71, 79],
[17, 44, 72, 80, 104],
[18, 45, 52, 81, 105],
[19, 46, 53, 82, 106],
[20, 26, 54, 83, 107],
[21, 47, 73, 99],
[22, 48, 74, 100],
[23, 49, 75, 101],
[24, 50, 76, 102],
[25, 51, 77, 103]],

[[0, 32, 63, 88, 123],
[1, 33, 64, 89],
[2, 34, 65, 90, 104],
[3, 35, 66, 91, 105],
[4, 36, 67, 92, 106],
[5, 37, 68, 93, 107],
[6, 38, 69, 94, 108],
[7, 39, 70, 95, 109],
[8, 40, 71, 96, 110],
[9, 41, 72, 97, 111],
[10, 42, 52, 98, 112],
[11, 43, 53, 78, 113],
[12, 44, 54, 79, 114],
[13, 45, 55, 80, 115],
[14, 46, 56, 81, 116],
[15, 26, 57, 82, 117],
[16, 27, 58, 83, 118],
[17, 28, 59, 84, 119],
[18, 29, 60, 85, 120],
[19, 30, 61, 86, 121],
[20, 31, 62, 87, 122],
[21, 48, 75, 102],
[22, 49, 76, 103],
[23, 50, 77, 99],
[24, 51, 73, 100],
[25, 47, 74, 101]],

[[0, 33, 72, 92, 109],
[1, 34, 52, 93, 110],
[2, 35, 53, 94, 111],
[3, 36, 54, 95, 112],
[4, 37, 55, 96, 113],
[5, 38, 56, 97, 114],
[6, 39, 57, 98, 115],
[7, 40, 58, 78, 116],
[8, 41, 59, 79, 117],
[9, 42, 60, 80, 118],
[10, 43, 61, 81, 119],
[11, 44, 62, 82, 120],
[12, 45, 63, 83, 121],
[13, 46, 64, 84, 122],
[14, 26, 65, 85, 123],
[15, 27, 66, 86],
[16, 28, 67, 87, 104],
[17, 29, 68, 88, 105],
[18, 30, 69, 89, 106],
[19, 31, 70, 90, 107],
[20, 32, 71, 91, 108],
[21, 49, 77, 100],
[22, 50, 73, 101],
[23, 51, 74, 102],
[24, 47, 75, 103],
[25, 48, 76, 99]],

[[0, 34, 70, 79, 116],
[1, 35, 71, 80, 117],
[2, 36, 72, 81, 118],
[3, 37, 52, 82, 119],
[4, 38, 53, 83, 120],
[5, 39, 54, 84, 121],
[6, 40, 55, 85, 122],
[7, 41, 56, 86, 123],
[8, 42, 57, 87],
[9, 43, 58, 88, 104],
[10, 44, 59, 89, 105],
[11, 45, 60, 90, 106],
[12, 46, 61, 91, 107],
[13, 26, 62, 92, 108],
[14, 27, 63, 93, 109],
[15, 28, 64, 94, 110],
[16, 29, 65, 95, 111],
[17, 30, 66, 96, 112],
[18, 31, 67, 97, 113],
[19, 32, 68, 98, 114],
[20, 33, 69, 78, 115],
[21, 50, 74, 103],
[22, 51, 75, 99],
[23, 47, 76, 100],
[24, 48, 77, 101],
[25, 49, 73, 102]],

[[0, 40, 62, 83, 106],
[1, 41, 63, 84, 107],
[2, 42, 64, 85, 108],
[3, 43, 65, 86, 109],
[4, 44, 66, 87, 110],
[5, 45, 67, 88, 111],
[6, 46, 68, 89, 112],
[7, 26, 69, 90, 113],
[8, 27, 70, 91, 114],
[9, 28, 71, 92, 115],
[10, 29, 72, 93, 116],
[11, 30, 52, 94, 117],
[12, 31, 53, 95, 118],
[13, 32, 54, 96, 119],
[14, 33, 55, 97, 120],
[15, 34, 56, 98, 121],
[16, 35, 57, 78, 122],
[17, 36, 58, 79, 123],
[18, 37, 59, 80],
[19, 38, 60, 81, 104],
[20, 39, 61, 82, 105],
[21, 51, 76, 101],
[22, 47, 77, 102],
[23, 48, 73, 103],
[24, 49, 74, 99],
[25, 50, 75, 100]]]