[[[0, 25, 50, 74, 99, 122],
[1, 4, 37, 43, 108, 116],
[11, 19, 26, 29, 62, 67],
[36, 44, 51, 54, 86, 92],
[61, 68, 75, 78, 109, 115],
[12, 18, 85, 93, 100, 103],
[2, 3, 31, 49, 119],
[8, 22, 27, 28, 56, 73],
[33, 47, 52, 53, 80, 98],
[58, 71, 76, 77, 105, 121],
[6, 24, 82, 96, 101, 102],
[7, 23, 60, 87, 91],
[32, 48, 84, 89, 110, 114],
[13, 17, 57, 72, 112],
[10, 15, 38, 42, 81, 97],
[35, 40, 63, 66, 106, 120],
[14, 16, 55, 69, 83, 95],
[39, 41, 79, 94, 107, 118],
[9, 21, 64, 65, 104, 117],
[5, 20, 34, 46, 88, 90],
[30, 45, 59, 70, 111, 113]],

[[1, 26, 51, 75, 100, 122],
[0, 2, 38, 44, 109, 112],
[12, 15, 25, 27, 63, 68],
[37, 40, 50, 52, 87, 93],
[62, 74, 76, 110, 116],
[13, 19, 86, 89, 99, 101],
[3, 4, 32, 45, 107, 120],
[9, 23, 28, 29, 57, 69],
[34, 48, 53, 54, 81, 94],
[59, 72, 77, 78, 106, 117],
[7, 20, 83, 97, 102, 103],
[8, 24, 61, 65, 88, 92],
[33, 49, 85, 90, 111, 115],
[14, 18, 58, 73, 108, 113],
[11, 16, 39, 43, 82, 98],
[36, 41, 64, 67, 121],
[10, 17, 56, 70, 79, 96],
[35, 42, 80, 95, 104, 119],
[5, 22, 60, 66, 105, 118],
[6, 21, 30, 47, 84, 91],
[31, 46, 55, 71, 114]],

[[2, 27, 52, 76, 101, 122],
[1, 3, 39, 40, 110, 113],
[13, 16, 26, 28, 64],
[38, 41, 51, 53, 88, 89],
[63, 65, 75, 77, 111, 112],
[14, 15, 87, 90, 100, 102],
[0, 4, 33, 46, 104, 121],
[5, 24, 25, 29, 58, 70],
[30, 49, 50, 54, 82, 95],
[55, 73, 74, 78, 118],
[8, 21, 79, 98, 99, 103],
[9, 20, 62, 66, 84, 93],
[34, 45, 86, 91, 116],
[10, 19, 59, 69, 109, 114],
[12, 17, 35, 44, 83, 94],
[37, 42, 60, 68, 107, 117],
[11, 18, 57, 71, 80, 97],
[36, 43, 81, 96, 105, 120],
[6, 23, 61, 67, 106, 119],
[7, 22, 31, 48, 85, 92],
[32, 47, 56, 72, 108, 115]],

[[3, 28, 53, 77, 102, 122],
[2, 4, 35, 41, 111, 114],
[14, 17, 27, 29, 60, 65],
[39, 42, 52, 54, 84, 90],
[64, 66, 76, 78, 113],
[10, 16, 88, 91, 101, 103],
[0, 1, 34, 47, 105, 117],
[6, 20, 25, 26, 59, 71],
[31, 45, 50, 51, 83, 96],
[56, 69, 74, 75, 107, 119],
[9, 22, 80, 94, 99, 100],
[5, 21, 63, 67, 85, 89],
[30, 46, 87, 92, 108, 112],
[11, 15, 55, 70, 110, 115],
[13, 18, 36, 40, 79, 95],
[38, 43, 61, 104, 118],
[12, 19, 58, 72, 81, 98],
[37, 44, 82, 97, 106, 121],
[7, 24, 62, 68, 120],
[8, 23, 32, 49, 86, 93],
[33, 48, 57, 73, 109, 116]],

[[4, 29, 54, 78, 103, 122],
[0, 3, 36, 42, 115],
[10, 18, 25, 28, 61, 66],
[35, 43, 50, 53, 85, 91],
[60, 67, 74, 77, 108, 114],
[11, 17, 84, 92, 99, 102],
[1, 2, 30, 48, 106, 118],
[7, 21, 26, 27, 55, 72],
[32, 46, 51, 52, 79, 97],
[57, 70, 75, 76, 104, 120],
[5, 23, 81, 95, 100, 101],
[6, 22, 64, 68, 86, 90],
[31, 47, 88, 93, 109, 113],
[12, 16, 56, 71, 111, 116],
[14, 19, 37, 41, 80, 96],
[39, 44, 62, 65, 105, 119],
[13, 15, 59, 73, 82, 94],
[38, 40, 83, 98, 117],
[8, 20, 63, 107, 121],
[9, 24, 33, 45, 87, 89],
[34, 49, 58, 69, 110, 112]],

[[5, 30, 55, 79, 104, 122],
[6, 9, 42, 48, 113, 121],
[16, 24, 31, 34, 66, 72],
[41, 49, 56, 59, 91, 97],
[65, 73, 80, 83, 114, 120],
[17, 23, 90, 98, 105, 107],
[7, 8, 29, 36, 101, 110],
[2, 13, 32, 33, 54, 61],
[27, 38, 57, 58, 78, 85],
[52, 63, 81, 82, 103, 108],
[4, 11, 76, 87, 106],
[3, 12, 69, 92, 96],
[28, 37, 89, 94, 115, 119],
[18, 22, 53, 62, 112, 117],
[15, 20, 43, 47, 77, 86],
[40, 45, 67, 71, 102, 109],
[19, 21, 50, 60, 75, 88],
[44, 46, 74, 84, 100, 111],
[1, 14, 68, 70, 99],
[0, 10, 26, 39, 93, 95],
[25, 35, 51, 64, 116, 118]],

[[6, 31, 56, 80, 105, 122],
[5, 7, 43, 49, 114, 117],
[17, 20, 30, 32, 67, 73],
[42, 45, 55, 57, 92, 98],
[66, 69, 79, 81, 115, 121],
[18, 24, 91, 94, 104, 106],
[8, 9, 25, 37, 102, 111],
[3, 14, 33, 34, 50, 62],
[28, 39, 58, 59, 74, 86],
[53, 64, 82, 83, 99, 109],
[0, 12, 77, 88, 107],
[4, 13, 65, 70, 93, 97],
[29, 38, 90, 95, 116, 120],
[19, 23, 54, 63, 113, 118],
[16, 21, 44, 48, 78, 87],
[41, 46, 68, 72, 103, 110],
[15, 22, 51, 61, 76, 84],
[40, 47, 75, 85, 101],
[2, 10, 71, 100, 108],
[1, 11, 27, 35, 89, 96],
[26, 36, 52, 60, 112, 119]],

[[7, 32, 57, 81, 106, 122],
[6, 8, 44, 45, 115, 118],
[18, 21, 31, 33, 68, 69],
[43, 46, 56, 58, 93, 94],
[67, 70, 80, 82, 116, 117],
[19, 20, 92, 95, 105],
[5, 9, 26, 38, 103],
[4, 10, 30, 34, 51, 63],
[29, 35, 55, 59, 75, 87],
[54, 60, 79, 83, 100, 110],
[1, 13, 78, 84, 104, 107],
[0, 14, 66, 71, 89, 98],
[25, 39, 91, 96, 112, 121],
[15, 24, 50, 64, 114, 119],
[17, 22, 40, 49, 74, 88],
[42, 47, 73, 99, 111],
[16, 23, 52, 62, 77, 85],
[41, 48, 76, 86, 102, 108],
[3, 11, 65, 72, 101, 109],
[2, 12, 28, 36, 90, 97],
[27, 37, 53, 61, 113, 120]],

[[8, 33, 58, 82, 122],
[7, 9, 40, 46, 116, 119],
[19, 22, 32, 34, 70],
[44, 47, 57, 59, 89, 95],
[68, 71, 81, 83, 112, 118],
[15, 21, 93, 96, 106, 107],
[5, 6, 27, 39, 99, 108],
[0, 11, 30, 31, 52, 64],
[25, 36, 55, 56, 76, 88],
[50, 61, 79, 80, 101, 111],
[2, 14, 74, 85, 104, 105],
[1, 10, 67, 72, 90, 94],
[26, 35, 92, 97, 113, 117],
[16, 20, 51, 60, 115, 120],
[18, 23, 41, 45, 75, 84],
[43, 48, 65, 69, 100],
[17, 24, 53, 63, 78, 86],
[42, 49, 77, 87, 103, 109],
[4, 12, 66, 73, 102, 110],
[3, 13, 29, 37, 91, 98],
[28, 38, 54, 62, 114, 121]],

[[9, 34, 59, 83, 107, 122],
[5, 8, 41, 47, 112, 120],
[15, 23, 30, 33, 65, 71],
[40, 48, 55, 58, 90, 96],
[72, 79, 82, 113, 119],
[16, 22, 89, 97, 104],
[6, 7, 28, 35, 100, 109],
[1, 12, 31, 32, 53, 60],
[26, 37, 56, 57, 77, 84],
[51, 62, 80, 81, 102],
[3, 10, 75, 86, 105, 106],
[2, 11, 68, 73, 91, 95],
[27, 36, 93, 98, 114, 118],
[17, 21, 52, 61, 116, 121],
[19, 24, 42, 46, 76, 85],
[44, 49, 66, 70, 101, 108],
[18, 20, 54, 64, 74, 87],
[43, 45, 78, 88, 99, 110],
[0, 13, 67, 69, 103, 111],
[4, 14, 25, 38, 92, 94],
[29, 39, 50, 63, 115, 117]],

[[10, 35, 60, 84, 122],
[11, 14, 28, 47, 103, 118],
[4, 21, 36, 39, 53, 71],
[29, 46, 61, 64, 77, 96],
[54, 70, 85, 88, 102, 119],
[3, 22, 78, 95, 108, 111],
[12, 13, 34, 41, 106, 115],
[7, 18, 37, 38, 59, 65],
[32, 43, 62, 63, 83, 90],
[57, 67, 86, 87, 107, 113],
[9, 16, 81, 92, 109, 110],
[8, 17, 50, 69, 76, 97],
[33, 42, 74, 94, 101, 120],
[2, 23, 58, 66, 99, 117],
[0, 20, 27, 48, 82, 91],
[25, 45, 52, 72, 114],
[1, 24, 55, 80, 93],
[26, 49, 79, 89, 105, 116],
[6, 19, 51, 73, 104, 112],
[5, 15, 31, 44, 75, 98],
[30, 40, 56, 68, 100, 121]],

[[11, 36, 61, 85, 108, 122],
[10, 12, 29, 48, 99, 119],
[0, 22, 35, 37, 54, 72],
[25, 47, 60, 62, 78, 97],
[50, 71, 84, 86, 103, 120],
[4, 23, 74, 96, 109],
[13, 14, 30, 42, 116],
[8, 19, 38, 39, 55, 66],
[33, 44, 63, 64, 79, 91],
[58, 68, 87, 88, 104, 114],
[5, 17, 82, 93, 110, 111],
[9, 18, 51, 70, 77, 98],
[34, 43, 75, 95, 102, 121],
[3, 24, 59, 67, 100, 118],
[1, 21, 28, 49, 83, 92],
[26, 46, 53, 73, 107, 115],
[2, 20, 56, 65, 81, 89],
[27, 45, 80, 90, 106, 112],
[7, 15, 52, 69, 105, 113],
[6, 16, 32, 40, 76, 94],
[31, 41, 57, 101, 117]],

[[12, 37, 62, 86, 109, 122],
[11, 13, 25, 49, 100, 120],
[1, 23, 36, 38, 50, 73],
[26, 48, 61, 63, 74, 98],
[51, 72, 85, 87, 99, 121],
[0, 24, 75, 97, 108, 110],
[10, 14, 31, 43, 107, 112],
[9, 15, 35, 39, 56, 67],
[34, 40, 60, 64, 80, 92],
[59, 84, 88, 105, 115],
[6, 18, 83, 89, 111],
[5, 19, 52, 71, 78, 94],
[30, 44, 76, 96, 103, 117],
[4, 20, 55, 68, 101, 119],
[2, 22, 29, 45, 79, 93],
[27, 47, 54, 69, 104, 116],
[3, 21, 57, 66, 82, 90],
[28, 46, 81, 91, 113],
[8, 16, 53, 70, 106, 114],
[7, 17, 33, 41, 77, 95],
[32, 42, 58, 65, 102, 118]],

[[13, 38, 63, 87, 110, 122],
[12, 14, 26, 45, 101, 121],
[2, 24, 37, 39, 51, 69],
[27, 49, 62, 64, 75, 94],
[52, 73, 86, 88, 100, 117],
[1, 20, 76, 98, 109, 111],
[10, 11, 32, 44, 104, 113],
[5, 16, 35, 36, 57, 68],
[30, 41, 60, 61, 81, 93],
[55, 65, 84, 85, 106, 116],
[7, 19, 79, 90, 108],
[6, 15, 53, 72, 74, 95],
[31, 40, 77, 97, 99, 118],
[0, 21, 56, 102, 120],
[3, 23, 25, 46, 80, 89],
[28, 48, 50, 70, 105, 112],
[4, 22, 58, 67, 83, 91],
[29, 47, 82, 92, 107, 114],
[9, 17, 54, 71, 115],
[8, 18, 34, 42, 78, 96],
[33, 43, 59, 66, 103, 119]],

[[14, 39, 64, 88, 111, 122],
[10, 13, 27, 46, 102, 117],
[3, 20, 35, 38, 52, 70],
[28, 45, 60, 63, 76, 95],
[53, 69, 84, 87, 101, 118],
[2, 21, 77, 94, 110],
[11, 12, 33, 40, 105, 114],
[6, 17, 36, 37, 58],
[31, 42, 61, 62, 82, 89],
[56, 66, 85, 86, 112],
[8, 15, 80, 91, 108, 109],
[7, 16, 54, 73, 75, 96],
[32, 41, 78, 98, 100, 119],
[1, 22, 57, 65, 103, 121],
[4, 24, 26, 47, 81, 90],
[29, 49, 51, 71, 106, 113],
[0, 23, 59, 68, 79, 92],
[25, 48, 83, 93, 104, 115],
[5, 18, 50, 72, 107, 116],
[9, 19, 30, 43, 74, 97],
[34, 44, 55, 67, 99, 120]],

[[15, 40, 89, 112, 122],
[16, 19, 27, 33, 100, 107],
[1, 9, 41, 44, 52, 58],
[26, 34, 65, 68, 76, 82],
[51, 59, 90, 93, 101],
[2, 8, 75, 83, 113, 116],
[17, 18, 39, 46, 109, 120],
[12, 23, 42, 43, 64, 70],
[37, 48, 66, 67, 88, 95],
[62, 72, 91, 92, 111, 118],
[14, 21, 86, 97, 114, 115],
[13, 22, 50, 55, 77, 81],
[38, 47, 74, 79, 102, 106],
[3, 7, 63, 71, 99, 104],
[0, 5, 28, 32, 87, 96],
[25, 30, 53, 57, 110, 119],
[4, 6, 60, 69, 85, 98],
[29, 31, 84, 94, 108, 121],
[11, 24, 54, 56, 117],
[10, 20, 36, 49, 78, 80],
[35, 45, 61, 73, 103, 105]],

[[16, 41, 65, 90, 113, 122],
[15, 17, 28, 34, 101, 104],
[2, 5, 40, 42, 53, 59],
[27, 30, 66, 77, 83],
[52, 55, 89, 91, 102, 107],
[3, 9, 76, 79, 112, 114],
[18, 19, 35, 47, 110, 121],
[13, 24, 43, 44, 60, 71],
[38, 49, 67, 68, 84, 96],
[63, 73, 92, 93, 119],
[10, 22, 87, 98, 115, 116],
[14, 23, 51, 56, 78, 82],
[39, 48, 75, 80, 103],
[4, 8, 64, 72, 100, 105],
[1, 6, 29, 33, 88, 97],
[26, 31, 54, 58, 111, 120],
[0, 7, 61, 70, 86, 94],
[25, 32, 85, 95, 109, 117],
[12, 20, 50, 57, 108, 118],
[11, 21, 37, 45, 74, 81],
[36, 46, 62, 69, 99, 106]],

[[17, 42, 66, 91, 114, 122],
[16, 18, 29, 30, 102, 105],
[3, 6, 41, 43, 54, 55],
[28, 31, 65, 67, 78, 79],
[53, 56, 90, 92, 103, 104],
[4, 5, 77, 80, 113, 115],
[15, 19, 36, 48, 111, 117],
[14, 20, 40, 44, 61, 72],
[39, 45, 68, 85, 97],
[64, 69, 89, 93, 108, 120],
[11, 23, 88, 94, 112, 116],
[10, 24, 52, 57, 74, 83],
[35, 49, 76, 81, 99, 107],
[0, 9, 60, 73, 101, 106],
[2, 7, 25, 34, 84, 98],
[27, 32, 50, 59, 121],
[1, 8, 62, 71, 87, 95],
[26, 33, 86, 96, 110, 118],
[13, 21, 51, 58, 109, 119],
[12, 22, 38, 46, 75, 82],
[37, 47, 63, 70, 100]],

[[18, 43, 67, 92, 115, 122],
[17, 19, 25, 31, 103, 106],
[4, 7, 42, 44, 50, 56],
[29, 32, 66, 68, 74, 80],
[54, 57, 91, 93, 99, 105],
[0, 6, 78, 81, 114, 116],
[15, 16, 37, 49, 118],
[10, 21, 40, 41, 62, 73],
[35, 46, 65, 86, 98],
[60, 70, 89, 90, 109, 121],
[12, 24, 84, 95, 112, 113],
[11, 20, 53, 58, 75, 79],
[36, 45, 77, 82, 100, 104],
[1, 5, 61, 69, 102],
[3, 8, 26, 30, 85, 94],
[28, 33, 51, 55, 108, 117],
[2, 9, 63, 72, 88, 96],
[27, 34, 87, 97, 111, 119],
[14, 22, 52, 59, 110, 120],
[13, 23, 39, 47, 76, 83],
[38, 48, 64, 71, 101, 107]],

[[19, 44, 68, 93, 116, 122],
[15, 18, 26, 32, 99],
[0, 8, 40, 43, 51, 57],
[25, 33, 67, 75, 81],
[50, 58, 89, 92, 100, 106],
[1, 7, 74, 82, 112, 115],
[16, 17, 38, 45, 108, 119],
[11, 22, 41, 42, 63, 69],
[36, 47, 65, 66, 87, 94],
[61, 71, 90, 91, 110, 117],
[13, 20, 85, 96, 113, 114],
[12, 21, 54, 59, 76, 80],
[37, 46, 78, 83, 101, 105],
[2, 6, 62, 70, 103, 107],
[4, 9, 27, 31, 86, 95],
[29, 34, 52, 56, 109, 118],
[3, 5, 64, 73, 84, 97],
[28, 30, 88, 98, 120],
[10, 23, 53, 55, 111, 121],
[14, 24, 35, 48, 77, 79],
[39, 49, 60, 72, 102, 104]],

[[20, 45, 69, 94, 117, 122],
[21, 24, 32, 38, 105, 111],
[6, 14, 46, 49, 57, 63],
[31, 39, 70, 73, 81, 87],
[56, 64, 95, 98, 106, 110],
[7, 13, 80, 88, 118, 121],
[22, 23, 26, 44, 102, 114],
[3, 17, 47, 48, 51, 68],
[28, 42, 71, 72, 75, 93],
[53, 66, 96, 97, 100, 116],
[1, 19, 77, 91, 119, 120],
[2, 18, 55, 60, 82, 86],
[27, 43, 79, 84, 109],
[8, 12, 52, 67, 104],
[5, 10, 33, 37, 76, 92],
[30, 35, 58, 62, 101, 115],
[9, 11, 50, 78, 90],
[34, 36, 74, 89, 103, 113],
[4, 16, 59, 61, 99, 112],
[0, 15, 29, 41, 83, 85],
[25, 40, 54, 65, 107, 108]],

[[21, 46, 70, 95, 118, 122],
[20, 22, 33, 39, 106],
[7, 10, 45, 47, 58, 64],
[32, 35, 69, 71, 82, 88],
[57, 60, 94, 96, 111],
[8, 14, 81, 84, 117, 119],
[23, 24, 27, 40, 103, 115],
[4, 18, 48, 49, 52],
[29, 43, 72, 73, 76, 89],
[54, 67, 97, 98, 101, 112],
[2, 15, 78, 92, 120, 121],
[3, 19, 56, 61, 83, 87],
[28, 44, 80, 85, 107, 110],
[9, 13, 53, 68, 105, 108],
[6, 11, 34, 38, 77, 93],
[31, 36, 59, 63, 102, 116],
[5, 12, 51, 65, 74, 91],
[30, 37, 75, 90, 99, 114],
[0, 17, 55, 62, 100, 113],
[1, 16, 25, 42, 79, 86],
[26, 41, 50, 66, 104, 109]],

[[22, 47, 71, 96, 119, 122],
[21, 23, 34, 35, 108],
[8, 11, 46, 48, 59, 60],
[33, 36, 70, 72, 83, 84],
[58, 61, 95, 97, 107],
[9, 10, 82, 85, 118, 120],
[20, 24, 28, 41, 99, 116],
[0, 19, 45, 49, 53, 65],
[25, 44, 69, 73, 77, 90],
[50, 68, 94, 98, 102, 113],
[3, 16, 74, 93, 117, 121],
[4, 15, 57, 62, 79, 88],
[29, 40, 81, 86, 104, 111],
[5, 14, 54, 106, 109],
[7, 12, 30, 39, 78, 89],
[32, 37, 55, 64, 103, 112],
[6, 13, 52, 66, 75, 92],
[31, 38, 76, 91, 100, 115],
[1, 18, 56, 63, 101, 114],
[2, 17, 26, 43, 80, 87],
[27, 42, 51, 67, 105, 110]],

[[23, 48, 72, 97, 120, 122],
[22, 24, 30, 36, 107, 109],
[9, 12, 47, 49, 55, 61],
[34, 37, 71, 73, 79, 85],
[59, 62, 96, 98, 104, 108],
[5, 11, 83, 86, 119, 121],
[20, 21, 29, 42, 100, 112],
[1, 15, 45, 46, 54, 66],
[26, 40, 69, 70, 78, 91],
[51, 94, 95, 103, 114],
[4, 17, 75, 89, 117, 118],
[0, 16, 58, 63, 80, 84],
[25, 41, 82, 87, 105],
[6, 10, 50, 65, 110],
[8, 13, 31, 35, 74, 90],
[33, 38, 56, 60, 99, 113],
[7, 14, 53, 67, 76, 93],
[32, 39, 77, 92, 101, 116],
[2, 19, 57, 64, 102, 115],
[3, 18, 27, 44, 81, 88],
[28, 43, 52, 68, 106, 111]]]