[[[0,1,2,3,4,5],
[6,7,8,9,10,11],
[12,13,14,15,16,17],
[18,19,20,21,22,23],
[24,25,26,27,28,29],
[30,31,32,33,34,35],
[36,37,38,39,40,41],
[42,43,44,45,46,47],
[48,49,50,51,52,53],
[54,55,56,57,58,59],
[60,61,62,63,64,65],
[66,67,68,69,70,71],
[72,73,74,75,76,77],
[78,79,80,81,82,83],
[84,85,86,87,88],
[89,90,91,92,93],
[94,95,96,97,98],
[99,100,101,102,103],
[104,105,106,107,108],
[109,110,111,112,113],
[114,115,116,117,118],
[119,120,121,122,123]],

[[0,7,14,21,28,35],
[6,13,20,27,34,41],
[12,19,26,33,40,47],
[18,25,32,39,46,53],
[24,31,38,45,52,59],
[30,37,44,51,58,65],
[36,43,50,57,64,71],
[42,49,56,63,70,77],
[48,55,62,69,76,83],
[54,61,68,75,82,88],
[60,67,74,81,87,93],
[66,73,80,86,92,98],
[72,79,85,91,97,103],
[78,84,90,96,102,108],
[89,95,101,107,113],
[94,100,106,112,118],
[99,105,111,117,123],
[5,104,110,116,122],
[4,11,109,115,121],
[3,10,17,114,120],
[2,9,16,23,119],
[1,8,15,22,29]],

[[0,8,13,23,33,46],
[6,14,19,29,39,52],
[12,20,25,35,45,58],
[18,26,31,41,51,64],
[24,32,37,47,57,70],
[30,38,43,53,63,76],
[36,44,49,59,69,82],
[42,50,55,65,75,87],
[48,56,61,71,81,92],
[54,62,67,77,86,97],
[60,68,73,83,91,102],
[66,74,79,88,96,107],
[72,80,84,93,101,112],
[78,85,89,98,106,117],
[90,94,103,111,122],
[4,95,99,108,116],
[10,100,104,113,121],
[3,16,105,109,118],
[9,22,110,114,123],
[5,15,28,115,119],
[1,11,21,34,120],
[2,7,17,27,40]],

[[0,9,17,19,32,58],
[6,15,23,25,38,64],
[12,21,29,31,44,70],
[18,27,35,37,50,76],
[24,33,41,43,56,82],
[30,39,47,49,62,87],
[36,45,53,55,68,92],
[42,51,59,61,74,97],
[48,57,65,67,80,102],
[54,63,71,73,85,107],
[60,69,77,79,90,112],
[66,75,83,84,95,117],
[72,81,88,89,100,122],
[4,78,86,93,94,105],
[10,91,98,99,110],
[16,96,103,104,115],
[22,101,108,109,120],
[2,28,106,113,114],
[8,34,111,118,119],
[1,14,40,116,123],
[5,7,20,46,121],
[3,11,13,26,52]],

[[0,10,15,20,31,47],
[6,16,21,26,37,53],
[12,22,27,32,43,59],
[18,28,33,38,49,65],
[24,34,39,44,55,71],
[30,40,45,50,61,77],
[36,46,51,56,67,83],
[42,52,57,62,73,88],
[48,58,63,68,79,93],
[54,64,69,74,84,98],
[60,70,75,80,89,103],
[66,76,81,85,94,108],
[72,82,86,90,99,113],
[78,87,91,95,104,118],
[92,96,100,109,123],
[5,97,101,105,114],
[11,102,106,110,119],
[1,17,107,111,115],
[7,23,112,116,120],
[2,13,29,117,121],
[3,8,19,35,122],
[4,9,14,25,41]],

[[0,11,16,25,44,57],
[6,17,22,31,50,63],
[12,23,28,37,56,69],
[18,29,34,43,62,75],
[24,35,40,49,68,81],
[30,41,46,55,74,86],
[36,47,52,61,80,91],
[42,53,58,67,85,96],
[48,59,64,73,90,101],
[54,65,70,79,95,106],
[60,71,76,84,100,111],
[66,77,82,89,105,116],
[72,83,87,94,110,121],
[3,78,88,92,99,115],
[9,93,97,104,120],
[2,15,98,102,109],
[8,21,103,107,114],
[14,27,108,112,119],
[1,20,33,113,117],
[7,26,39,118,122],
[4,13,32,45,123],
[5,10,19,38,51]],

[[0,22,26,45,49,71],
[6,28,32,51,55,77],
[12,34,38,57,61,83],
[18,40,44,63,67,88],
[24,46,50,69,73,93],
[30,52,56,75,79,98],
[36,58,62,81,84,103],
[42,64,68,86,89,108],
[48,70,74,91,94,113],
[54,76,80,96,99,118],
[60,82,85,101,104,123],
[5,66,87,90,106,109],
[11,72,92,95,111,114],
[17,78,97,100,116,119],
[1,23,102,105,121],
[3,7,29,107,110],
[9,13,35,112,115],
[15,19,41,117,120],
[2,21,25,47,122],
[4,8,27,31,53],
[10,14,33,37,59],
[16,20,39,43,65]],

[[0,27,38,55,70,88],
[6,33,44,61,76,93],
[12,39,50,67,82,98],
[18,45,56,73,87,103],
[24,51,62,79,92,108],
[30,57,68,84,97,113],
[36,63,74,89,102,118],
[42,69,80,94,107,123],
[5,48,75,85,99,112],
[11,54,81,90,104,117],
[17,60,86,95,109,122],
[4,23,66,91,100,114],
[10,29,72,96,105,119],
[1,16,35,78,101,110],
[7,22,41,106,115],
[13,28,47,111,120],
[2,19,34,53,116],
[8,25,40,59,121],
[3,14,31,46,65],
[9,20,37,52,71],
[15,26,43,58,77],
[21,32,49,64,83]],

[[0,29,37,63,80,87],
[6,35,43,69,85,92],
[12,41,49,75,90,97],
[18,47,55,81,95,102],
[24,53,61,86,100,107],
[30,59,67,91,105,112],
[36,65,73,96,110,117],
[42,71,79,101,115,122],
[4,48,77,84,106,120],
[2,10,54,83,89,111],
[8,16,60,88,94,116],
[14,22,66,93,99,121],
[3,20,28,72,98,104],
[9,26,34,78,103,109],
[15,32,40,108,114],
[21,38,46,113,119],
[1,27,44,52,118],
[7,33,50,58,123],
[5,13,39,56,64],
[11,19,45,62,70],
[17,25,51,68,76],
[23,31,57,74,82]],

[[0,34,50,59,79,86],
[6,40,56,65,84,91],
[12,46,62,71,89,96],
[18,52,68,77,94,101],
[24,58,74,83,99,106],
[30,64,80,88,104,111],
[36,70,85,93,109,116],
[42,76,90,98,114,121],
[3,48,82,95,103,119],
[1,9,54,87,100,108],
[7,15,60,92,105,113],
[13,21,66,97,110,118],
[19,27,72,102,115,123],
[5,25,33,78,107,120],
[2,11,31,39,112],
[8,17,37,45,117],
[14,23,43,51,122],
[4,20,29,49,57],
[10,26,35,55,63],
[16,32,41,61,69],
[22,38,47,67,75],
[28,44,53,73,81]],

[[0,39,77,85,102,114],
[6,45,83,90,107,119],
[1,12,51,88,95,112],
[7,18,57,93,100,117],
[13,24,63,98,105,122],
[4,19,30,69,103,110],
[10,25,36,75,108,115],
[16,31,42,81,113,120],
[2,22,37,48,86,118],
[8,28,43,54,91,123],
[5,14,34,49,60,96],
[11,20,40,55,66,101],
[17,26,46,61,72,106],
[23,32,52,67,78,111],
[29,38,58,73,116],
[35,44,64,79,121],
[3,41,50,70,84],
[9,47,56,76,89],
[15,53,62,82,94],
[21,59,68,87,99],
[27,65,74,92,104],
[33,71,80,97,109]],

[[0,40,53,69,99,120],
[2,6,46,59,75,104],
[8,12,52,65,81,109],
[14,18,58,71,86,114],
[20,24,64,77,91,119],
[1,26,30,70,83,96],
[7,32,36,76,88,101],
[13,38,42,82,93,106],
[19,44,48,87,98,111],
[25,50,54,92,103,116],
[31,56,60,97,108,121],
[3,37,62,66,102,113],
[9,43,68,72,107,118],
[15,49,74,78,112,123],
[5,21,55,80,117],
[11,27,61,85,122],
[4,17,33,67,90],
[10,23,39,73,95],
[16,29,45,79,100],
[22,35,51,84,105],
[28,41,57,89,110],
[34,47,63,94,115]],

[[0,41,62,91,107,109],
[6,47,68,96,112,114],
[12,53,74,101,117,119],
[1,18,59,80,106,122],
[4,7,24,65,85,111],
[10,13,30,71,90,116],
[16,19,36,77,95,121],
[3,22,25,42,83,100],
[9,28,31,48,88,105],
[15,34,37,54,93,110],
[21,40,43,60,98,115],
[27,46,49,66,103,120],
[2,33,52,55,72,108],
[8,39,58,61,78,113],
[14,45,64,67,118],
[20,51,70,73,123],
[5,26,57,76,79],
[11,32,63,82,84],
[17,38,69,87,89],
[23,44,75,92,94],
[29,50,81,97,99],
[35,56,86,102,104]],

[[0,43,52,74,103,121],
[3,6,49,58,80,108],
[9,12,55,64,85,113],
[15,18,61,70,90,118],
[21,24,67,76,95,123],
[5,27,30,73,82,100],
[11,33,36,79,87,105],
[17,39,42,84,92,110],
[23,45,48,89,97,115],
[29,51,54,94,102,120],
[2,35,57,60,99,107],
[8,41,63,66,104,112],
[14,47,69,72,109,117],
[20,53,75,78,114,122],
[4,26,59,81,119],
[1,10,32,65,86],
[7,16,38,71,91],
[13,22,44,77,96],
[19,28,50,83,101],
[25,34,56,88,106],
[31,40,62,93,111],
[37,46,68,98,116]]

]
