[[[0,38,39,49,59,69,79,89,99,109,119],
[1,2,3,4,5,6,7,8,9,10,11],
[12,26,36,40,55,61,72,84,98,105,114],
[13,27,32,46,50,65,71,82,85,108,116],
[14,28,34,43,56,60,66,81,92,95,118],
[15,29,37,45,52,57,70,76,91,102,104],
[16,21,47,54,62,67,80,87,101,103,115],
[17,22,33,48,64,73,77,90,96,111,113],
[18,23,31,44,58,74,83,88,100,106,112],
[19,24,30,42,53,68,75,93,97,110,117],
[20,25,35,41,51,63,78,86,94,107,120]],

[[0,2,12,13,14,15,16,17,18,19,20],
[1,38,47,56,65,74,84,93,102,111,120],
[3,25,36,42,52,64,79,87,95,108,112],
[4,24,32,44,55,70,77,86,99,103,118],
[5,23,34,46,61,68,76,90,94,109,115],
[6,22,37,51,59,67,81,85,100,105,117],
[7,21,43,50,58,72,75,91,96,107,119],
[8,29,33,41,49,62,66,82,88,98,110],
[9,28,31,40,53,57,73,78,89,101,116],
[10,27,30,45,48,63,69,80,92,106,114],
[11,26,35,39,54,60,71,83,97,104,113]],

[[0,1,21,22,23,24,25,26,27,28,29],
[2,75,76,77,78,79,80,81,82,83,84],
[3,12,30,46,51,62,74,89,96,104,118],
[4,13,31,47,52,63,66,90,97,105,119],
[5,14,32,39,53,64,67,91,98,106,120],
[6,15,33,40,54,65,68,92,99,107,112],
[7,16,34,41,55,57,69,93,100,108,113],
[8,17,35,42,56,58,70,85,101,109,114],
[9,18,36,43,48,59,71,86,102,110,115],
[10,19,37,44,49,60,72,87,94,111,116],
[11,20,38,45,50,61,73,88,95,103,117]],

[[0,3,40,50,60,70,80,90,100,110,120],
[1,12,39,48,57,66,75,85,94,103,112],
[2,21,30,31,32,33,34,35,36,37,38],
[4,17,29,46,54,59,72,78,93,95,106],
[5,15,26,43,49,63,74,77,101,108,117],
[6,14,25,45,55,58,82,89,97,111,115],
[7,19,28,47,51,64,71,76,88,99,114],
[8,13,22,53,61,69,83,87,102,107,118],
[9,20,27,44,56,62,68,79,91,105,113],
[10,16,23,42,65,73,81,86,98,104,119],
[11,18,24,41,52,67,84,92,96,109,116]],

[[0,9,35,55,65,66,76,87,96,106,117],
[1,19,36,54,63,73,82,91,100,109,118],
[2,22,39,40,41,42,43,44,45,46,47],
[3,16,29,38,53,58,71,77,92,94,105],
[4,20,23,33,60,67,75,89,102,108,114],
[5,17,28,37,50,62,69,84,86,97,112],
[6,13,24,34,48,72,79,88,101,104,120],
[7,15,25,30,56,59,83,90,98,103,116],
[8,18,26,32,51,57,68,80,95,111,119],
[10,14,21,52,61,74,78,85,99,110,113],
[11,12,27,31,49,64,70,81,93,107,115]],

[[0,4,30,41,61,71,81,91,101,111,112],
[1,15,32,42,60,69,78,88,96,105,115],
[2,23,48,49,50,51,52,53,54,55,56],
[3,14,27,33,47,57,72,83,86,109,117],
[5,20,22,36,58,66,80,93,99,104,116],
[6,18,28,38,46,63,70,75,87,98,113],
[7,17,26,31,45,65,67,79,94,110,118],
[8,12,21,44,59,73,76,92,97,108,120],
[9,16,24,37,39,74,82,90,95,107,114],
[10,13,29,35,43,64,68,84,89,100,103],
[11,19,25,34,40,62,77,85,102,106,119]],

[[0,5,31,42,51,72,82,92,102,103,113],
[1,17,34,44,52,71,80,89,98,107,117],
[2,24,57,58,59,60,61,62,63,64,65],
[3,13,26,37,41,56,73,75,99,106,115],
[4,16,28,36,45,49,68,83,85,96,120],
[6,12,23,35,47,69,77,91,95,110,116],
[7,20,29,32,40,48,74,81,87,97,109],
[8,19,27,38,43,55,67,78,90,104,112],
[9,14,22,30,54,70,84,88,94,108,119],
[10,18,25,33,39,50,76,93,101,105,118],
[11,15,21,46,53,66,79,86,100,111,114]],

[[0,7,33,44,53,63,84,85,95,104,115],
[1,20,37,46,55,64,83,92,101,110,119],
[2,25,66,67,68,69,70,71,72,73,74],
[3,18,22,34,49,65,78,91,97,103,114],
[4,14,26,38,42,48,62,76,100,107,116],
[5,16,27,35,40,52,59,75,88,111,118],
[6,19,29,31,39,56,61,80,86,96,108],
[8,15,24,36,47,50,81,89,94,106,113],
[9,13,21,45,51,60,77,93,98,109,112],
[10,12,28,32,41,54,58,79,90,102,117],
[11,17,23,30,43,57,82,87,99,105,120]],

[[0,11,37,47,48,58,68,78,98,108,118],
[1,16,33,43,51,61,70,79,97,106,116],
[2,26,85,86,87,88,89,90,91,92,93],
[3,19,23,32,45,59,66,84,101,107,113],
[4,18,21,40,56,64,69,82,94,104,117],
[5,13,25,38,44,54,57,81,96,110,114],
[6,17,27,36,41,53,60,74,76,103,119],
[7,14,24,35,46,49,73,80,102,105,112],
[8,20,28,30,39,52,65,72,77,100,115],
[9,12,29,34,42,50,63,67,83,99,111],
[10,15,22,31,55,62,71,75,95,109,120]],

[[0,8,34,45,54,64,74,75,86,105,116],
[1,14,31,41,50,59,68,77,87,104,114],
[2,27,94,95,96,97,98,99,100,101,102],
[3,15,28,35,44,48,61,67,82,93,119],
[4,12,25,37,43,53,65,80,88,109,113],
[5,18,29,30,47,55,60,73,79,85,107],
[6,20,21,42,49,57,71,84,90,106,118],
[7,13,23,36,39,62,70,78,92,111,117],
[9,19,26,33,46,52,58,69,81,103,120],
[10,17,24,38,40,51,66,83,91,108,115],
[11,16,22,32,56,63,72,76,89,110,112]],

[[0,6,32,43,52,62,73,83,93,94,114],
[1,13,30,40,49,58,67,76,86,95,113],
[2,28,103,104,105,106,107,108,109,110,111],
[3,17,21,39,55,63,68,81,88,102,116],
[4,19,22,35,50,57,74,79,92,98,115],
[5,12,24,33,45,56,71,78,87,100,119],
[7,18,27,37,42,54,61,66,77,89,120],
[8,16,25,31,46,48,60,84,91,99,117],
[9,15,23,38,41,64,72,80,85,97,118],
[10,20,26,34,47,53,59,70,82,96,112],
[11,14,29,36,44,51,65,69,75,90,101]],

[[0,10,36,46,56,57,67,77,88,97,107],
[1,18,35,45,53,62,72,81,90,99,108],
[2,29,112,113,114,115,116,117,118,119,120],
[3,20,24,31,43,54,69,76,85,98,111],
[4,15,27,34,39,51,58,73,84,87,110],
[5,19,21,41,48,65,70,83,89,95,105],
[6,16,26,30,44,50,64,66,78,102,109],
[7,12,22,38,52,60,68,82,86,101,106],
[8,14,23,37,40,63,71,79,93,96,103],
[9,17,25,32,47,49,61,75,92,100,104],
[11,13,28,33,42,55,59,74,80,91,94]]

]
