[[[0, 24, 48, 72, 96],
[1, 25, 49, 73, 97],
[2, 26, 50, 74, 98],
[3, 27, 51, 75, 99],
[5, 29, 53, 77, 101],
[11, 35, 59, 83, 107],
[17, 41, 65, 89, 112],
[23, 47, 71, 95, 117],
[10, 34, 58, 82, 106],
[21, 45, 69, 93, 115],
[7, 31, 55, 79, 103],
[18, 42, 66, 90, 113],
[15, 39, 63, 87, 110],
[6, 30, 54, 78, 102],
[22, 46, 70, 94, 116],
[13, 37, 61, 85, 109],
[20, 44, 68, 92, 114],
[16, 40, 64, 88, 111],
[12, 36, 60, 84, 108],
[8, 32, 56, 80, 104],
[4, 28, 52, 76, 100],
[9, 33, 57, 81, 105],
[14, 38, 62, 86],
[19, 43, 67, 91],
[118, 119, 120, 121]],

[[4, 5, 6, 7, 8],
[28, 29, 30, 31, 32],
[52, 53, 54, 55, 56],
[76, 77, 78, 79, 80],
[100, 101, 102, 103, 104],
[9, 10, 11, 12, 13],
[33, 34, 35, 36, 37],
[57, 58, 59, 60, 61],
[81, 82, 83, 84, 85],
[105, 106, 107, 108, 109],
[14, 15, 16, 17, 18],
[38, 39, 40, 41, 42],
[62, 63, 64, 65, 66],
[86, 87, 88, 89, 90],
[110, 111, 112, 113],
[19, 20, 21, 22, 23],
[43, 44, 45, 46, 47],
[67, 68, 69, 70, 71],
[91, 92, 93, 94, 95],
[114, 115, 116, 117],
[24, 49, 74, 99, 118],
[0, 25, 50, 75],
[1, 26, 51, 96, 121],
[2, 27, 72, 97, 120],
[3, 48, 73, 98, 119]],

[[4, 29, 54, 79, 104],
[8, 28, 53, 78, 103],
[7, 32, 52, 77, 102],
[6, 31, 56, 76, 101],
[5, 30, 55, 80, 100],
[9, 34, 59, 84, 109],
[13, 33, 58, 83, 108],
[12, 37, 57, 82, 107],
[11, 36, 61, 81, 106],
[10, 35, 60, 85, 105],
[14, 39, 64, 89, 113],
[18, 38, 63, 88, 112],
[17, 42, 62, 87, 111],
[16, 41, 66, 86, 110],
[15, 40, 65, 90],
[19, 44, 69, 94, 117],
[23, 43, 68, 93, 116],
[22, 47, 67, 92, 115],
[21, 46, 71, 91, 114],
[20, 45, 70, 95],
[25, 51, 72, 98, 118],
[0, 26, 73, 99, 120],
[1, 27, 48, 74],
[2, 49, 75, 96, 119],
[3, 24, 50, 97, 121]],

[[4, 31, 53, 80, 102],
[6, 28, 55, 77, 104],
[8, 30, 52, 79, 101],
[5, 32, 54, 76, 103],
[7, 29, 56, 78, 100],
[9, 36, 58, 85, 107],
[11, 33, 60, 82, 109],
[13, 35, 57, 84, 106],
[10, 37, 59, 81, 108],
[12, 34, 61, 83, 105],
[14, 41, 63, 90, 111],
[16, 38, 65, 87, 113],
[18, 40, 62, 89, 110],
[15, 42, 64, 86, 112],
[17, 39, 66, 88],
[19, 46, 68, 95, 115],
[21, 43, 70, 92, 117],
[23, 45, 67, 94, 114],
[20, 47, 69, 91, 116],
[22, 44, 71, 93],
[26, 48, 75, 97, 118],
[0, 27, 49, 98, 121],
[1, 50, 72, 99, 119],
[2, 24, 51, 73],
[3, 25, 74, 96, 120]],

[[4, 30, 56, 77, 103],
[7, 28, 54, 80, 101],
[5, 31, 52, 78, 104],
[8, 29, 55, 76, 102],
[6, 32, 53, 79, 100],
[9, 35, 61, 82, 108],
[12, 33, 59, 85, 106],
[10, 36, 57, 83, 109],
[13, 34, 60, 81, 107],
[11, 37, 58, 84, 105],
[14, 40, 66, 87, 112],
[17, 38, 64, 90, 110],
[15, 41, 62, 88, 113],
[18, 39, 65, 86, 111],
[16, 42, 63, 89],
[19, 45, 71, 92, 116],
[22, 43, 69, 95, 114],
[20, 46, 67, 93, 117],
[23, 44, 70, 91, 115],
[21, 47, 68, 94],
[27, 50, 73, 96, 118],
[0, 51, 74, 97, 119],
[1, 24, 75, 98, 120],
[2, 25, 48, 99, 121],
[3, 26, 49, 72]],

[[4, 32, 55, 78, 101],
[5, 28, 56, 79, 102],
[6, 29, 52, 80, 103],
[7, 30, 53, 76, 104],
[8, 31, 54, 77, 100],
[9, 37, 60, 83, 106],
[10, 33, 61, 84, 107],
[11, 34, 57, 85, 108],
[12, 35, 58, 81, 109],
[13, 36, 59, 82, 105],
[14, 42, 65, 88, 110],
[15, 38, 66, 89, 111],
[16, 39, 62, 90, 112],
[17, 40, 63, 86, 113],
[18, 41, 64, 87],
[19, 47, 70, 93, 114],
[20, 43, 71, 94, 115],
[21, 44, 67, 95, 116],
[22, 45, 68, 91, 117],
[23, 46, 69, 92],
[0, 1, 2, 3, 118],
[24, 25, 26, 27, 119],
[48, 49, 50, 51, 120],
[72, 73, 74, 75, 121],
[96, 97, 98, 99]],

[[3, 4, 10, 16, 22],
[27, 28, 34, 40, 46],
[51, 52, 58, 64, 70],
[75, 76, 82, 88, 94],
[99, 100, 106, 111, 116],
[2, 8, 9, 15, 21],
[26, 32, 33, 39, 45],
[50, 56, 57, 63, 69],
[74, 80, 81, 87, 93],
[98, 104, 105, 110, 115],
[1, 7, 13, 14, 20],
[25, 31, 37, 38, 44],
[49, 55, 61, 62, 68],
[73, 79, 85, 86, 92],
[97, 103, 109, 114],
[0, 6, 12, 18, 19],
[24, 30, 36, 42, 43],
[48, 54, 60, 66, 67],
[72, 78, 84, 90, 91],
[96, 102, 108, 113],
[29, 59, 89, 117, 118],
[5, 35, 65, 95],
[11, 41, 71, 101, 121],
[17, 47, 77, 107, 120],
[23, 53, 83, 112, 119]],

[[4, 34, 64, 94, 99],
[3, 28, 58, 88, 116],
[22, 27, 52, 82, 111],
[16, 46, 51, 76, 106],
[10, 40, 70, 75, 100],
[9, 39, 69, 74, 104],
[8, 33, 63, 93, 98],
[2, 32, 57, 87, 115],
[21, 26, 56, 81, 110],
[15, 45, 50, 80, 105],
[14, 44, 49, 79, 109],
[13, 38, 68, 73, 103],
[7, 37, 62, 92, 97],
[1, 31, 61, 86, 114],
[20, 25, 55, 85],
[19, 24, 54, 84, 113],
[18, 43, 48, 78, 108],
[12, 42, 67, 72, 102],
[6, 36, 66, 91, 96],
[0, 30, 60, 90],
[35, 71, 77, 112, 118],
[5, 41, 83, 117, 120],
[11, 47, 53, 89],
[17, 59, 95, 101, 119],
[23, 29, 65, 107, 121]],

[[4, 46, 58, 75, 111],
[16, 28, 70, 82, 99],
[3, 40, 52, 94, 106],
[10, 27, 64, 76, 116],
[22, 34, 51, 88, 100],
[9, 26, 63, 80, 115],
[21, 33, 50, 87, 104],
[8, 45, 57, 74, 110],
[15, 32, 69, 81, 98],
[2, 39, 56, 93, 105],
[14, 31, 68, 85, 97],
[1, 38, 55, 92, 109],
[13, 25, 62, 79, 114],
[20, 37, 49, 86, 103],
[7, 44, 61, 73],
[19, 36, 48, 90, 102],
[6, 43, 60, 72, 113],
[18, 30, 67, 84, 96],
[0, 42, 54, 91, 108],
[12, 24, 66, 78],
[41, 53, 95, 107, 118],
[5, 47, 59, 112, 121],
[11, 65, 77, 117, 119],
[17, 29, 71, 83],
[23, 35, 89, 101, 120]],

[[4, 40, 51, 82, 116],
[22, 28, 64, 75, 106],
[10, 46, 52, 88, 99],
[3, 34, 70, 76, 111],
[16, 27, 58, 94, 100],
[9, 45, 56, 87, 98],
[2, 33, 69, 80, 110],
[15, 26, 57, 93, 104],
[8, 39, 50, 81, 115],
[21, 32, 63, 74, 105],
[14, 25, 61, 92, 103],
[7, 38, 49, 85, 114],
[20, 31, 62, 73, 109],
[13, 44, 55, 86, 97],
[1, 37, 68, 79],
[19, 30, 66, 72, 108],
[12, 43, 54, 90, 96],
[0, 36, 67, 78, 113],
[18, 24, 60, 91, 102],
[6, 42, 48, 84],
[47, 65, 83, 101, 118],
[5, 71, 89, 107, 119],
[11, 29, 95, 112, 120],
[17, 35, 53, 117, 121],
[23, 41, 59, 77]],

[[4, 27, 70, 88, 106],
[10, 28, 51, 94, 111],
[16, 34, 52, 75, 116],
[22, 40, 58, 76, 99],
[3, 46, 64, 82, 100],
[9, 32, 50, 93, 110],
[15, 33, 56, 74, 115],
[21, 39, 57, 80, 98],
[2, 45, 63, 81, 104],
[8, 26, 69, 87, 105],
[14, 37, 55, 73, 114],
[20, 38, 61, 79, 97],
[1, 44, 62, 85, 103],
[7, 25, 68, 86, 109],
[13, 31, 49, 92],
[19, 42, 60, 78, 96],
[0, 43, 66, 84, 102],
[6, 24, 67, 90, 108],
[12, 30, 48, 91, 113],
[18, 36, 54, 72],
[5, 11, 17, 23, 118],
[29, 35, 41, 47, 119],
[53, 59, 65, 71, 120],
[77, 83, 89, 95, 121],
[101, 107, 112, 117]],

[[1, 4, 12, 15, 23],
[25, 28, 36, 39, 47],
[49, 52, 60, 63, 71],
[73, 76, 84, 87, 95],
[97, 100, 108, 110, 117],
[3, 6, 9, 17, 20],
[27, 30, 33, 41, 44],
[51, 54, 57, 65, 68],
[75, 78, 81, 89, 92],
[99, 102, 105, 112, 114],
[0, 8, 11, 14, 22],
[24, 32, 35, 38, 46],
[48, 56, 59, 62, 70],
[72, 80, 83, 86, 94],
[96, 104, 107, 116],
[2, 5, 13, 16, 19],
[26, 29, 37, 40, 43],
[50, 53, 61, 64, 67],
[74, 77, 85, 88, 91],
[98, 101, 109, 111],
[34, 69, 79, 113, 118],
[10, 45, 55, 90],
[21, 31, 66, 106, 121],
[7, 42, 82, 115, 120],
[18, 58, 93, 103, 119]],

[[4, 39, 49, 84, 117],
[23, 28, 63, 73, 108],
[12, 47, 52, 87, 97],
[1, 36, 71, 76, 110],
[15, 25, 60, 95, 100],
[9, 44, 54, 89, 99],
[3, 33, 68, 78, 112],
[17, 27, 57, 92, 102],
[6, 41, 51, 81, 114],
[20, 30, 65, 75, 105],
[14, 24, 59, 94, 104],
[8, 38, 48, 83, 116],
[22, 32, 62, 72, 107],
[11, 46, 56, 86, 96],
[0, 35, 70, 80],
[19, 29, 64, 74, 109],
[13, 43, 53, 88, 98],
[2, 37, 67, 77, 111],
[16, 26, 61, 91, 101],
[5, 40, 50, 85],
[45, 66, 82, 103, 118],
[10, 31, 93, 113, 120],
[21, 42, 58, 79],
[7, 69, 90, 106, 119],
[18, 34, 55, 115, 121]],

[[4, 36, 63, 95, 97],
[1, 28, 60, 87, 117],
[23, 25, 52, 84, 110],
[15, 47, 49, 76, 108],
[12, 39, 71, 73, 100],
[9, 41, 68, 75, 102],
[6, 33, 65, 92, 99],
[3, 30, 57, 89, 114],
[20, 27, 54, 81, 112],
[17, 44, 51, 78, 105],
[14, 46, 48, 80, 107],
[11, 38, 70, 72, 104],
[8, 35, 62, 94, 96],
[0, 32, 59, 86, 116],
[22, 24, 56, 83],
[19, 26, 53, 85, 111],
[16, 43, 50, 77, 109],
[13, 40, 67, 74, 101],
[5, 37, 64, 91, 98],
[2, 29, 61, 88],
[31, 58, 90, 115, 118],
[10, 42, 69, 103, 121],
[21, 55, 82, 113, 119],
[7, 34, 66, 93],
[18, 45, 79, 106, 120]],

[[4, 25, 71, 87, 108],
[12, 28, 49, 95, 110],
[15, 36, 52, 73, 117],
[23, 39, 60, 76, 97],
[1, 47, 63, 84, 100],
[9, 30, 51, 92, 112],
[17, 33, 54, 75, 114],
[20, 41, 57, 78, 99],
[3, 44, 65, 81, 102],
[6, 27, 68, 89, 105],
[14, 35, 56, 72, 116],
[22, 38, 59, 80, 96],
[0, 46, 62, 83, 104],
[8, 24, 70, 86, 107],
[11, 32, 48, 94],
[19, 40, 61, 77, 98],
[2, 43, 64, 85, 101],
[5, 26, 67, 88, 109],
[13, 29, 50, 91, 111],
[16, 37, 53, 74],
[42, 55, 93, 106, 118],
[10, 66, 79, 115, 119],
[21, 34, 90, 103, 120],
[7, 45, 58, 113, 121],
[18, 31, 69, 82]],

[[4, 47, 60, 73, 110],
[15, 28, 71, 84, 97],
[1, 39, 52, 95, 108],
[12, 25, 63, 76, 117],
[23, 36, 49, 87, 100],
[9, 27, 65, 78, 114],
[20, 33, 51, 89, 102],
[6, 44, 57, 75, 112],
[17, 30, 68, 81, 99],
[3, 41, 54, 92, 105],
[14, 32, 70, 83, 96],
[0, 38, 56, 94, 107],
[11, 24, 62, 80, 116],
[22, 35, 48, 86, 104],
[8, 46, 59, 72],
[19, 37, 50, 88, 101],
[5, 43, 61, 74, 111],
[16, 29, 67, 85, 98],
[2, 40, 53, 91, 109],
[13, 26, 64, 77],
[7, 10, 18, 21, 118],
[31, 34, 42, 45, 119],
[55, 58, 66, 69, 120],
[79, 82, 90, 93, 121],
[103, 106, 113, 115]],

[[2, 4, 11, 18, 20],
[26, 28, 35, 42, 44],
[50, 52, 59, 66, 68],
[74, 76, 83, 90, 92],
[98, 100, 107, 113, 114],
[0, 7, 9, 16, 23],
[24, 31, 33, 40, 47],
[48, 55, 57, 64, 71],
[72, 79, 81, 88, 95],
[96, 103, 105, 111, 117],
[3, 5, 12, 14, 21],
[27, 29, 36, 38, 45],
[51, 53, 60, 62, 69],
[75, 77, 84, 86, 93],
[99, 101, 108, 115],
[1, 8, 10, 17, 19],
[25, 32, 34, 41, 43],
[49, 56, 58, 65, 67],
[73, 80, 82, 89, 91],
[97, 104, 106, 112],
[39, 54, 94, 109, 118],
[15, 30, 70, 85],
[6, 46, 61, 110, 121],
[22, 37, 87, 102, 120],
[13, 63, 78, 116, 119]],

[[4, 44, 59, 74, 113],
[18, 28, 68, 83, 98],
[2, 42, 52, 92, 107],
[11, 26, 66, 76, 114],
[20, 35, 50, 90, 100],
[9, 24, 64, 79, 117],
[23, 33, 48, 88, 103],
[7, 47, 57, 72, 111],
[16, 31, 71, 81, 96],
[0, 40, 55, 95, 105],
[14, 29, 69, 84, 99],
[3, 38, 53, 93, 108],
[12, 27, 62, 77, 115],
[21, 36, 51, 86, 101],
[5, 45, 60, 75],
[19, 34, 49, 89, 104],
[8, 43, 58, 73, 112],
[17, 32, 67, 82, 97],
[1, 41, 56, 91, 106],
[10, 25, 65, 80],
[30, 61, 87, 116, 118],
[15, 46, 78, 109, 120],
[6, 37, 63, 94],
[22, 54, 85, 110, 119],
[13, 39, 70, 102, 121]],

[[4, 26, 68, 90, 107],
[11, 28, 50, 92, 113],
[18, 35, 52, 74, 114],
[20, 42, 59, 76, 98],
[2, 44, 66, 83, 100],
[9, 31, 48, 95, 111],
[16, 33, 55, 72, 117],
[23, 40, 57, 79, 96],
[0, 47, 64, 81, 103],
[7, 24, 71, 88, 105],
[14, 36, 53, 75, 115],
[21, 38, 60, 77, 99],
[3, 45, 62, 84, 101],
[5, 27, 69, 86, 108],
[12, 29, 51, 93],
[19, 41, 58, 80, 97],
[1, 43, 65, 82, 104],
[8, 25, 67, 89, 106],
[10, 32, 49, 91, 112],
[17, 34, 56, 73],
[46, 63, 85, 102, 118],
[15, 37, 54, 116, 121],
[6, 70, 87, 109, 119],
[22, 39, 61, 78],
[13, 30, 94, 110, 120]],

[[4, 35, 66, 92, 98],
[2, 28, 59, 90, 114],
[20, 26, 52, 83, 113],
[18, 44, 50, 76, 107],
[11, 42, 68, 74, 100],
[9, 40, 71, 72, 103],
[7, 33, 64, 95, 96],
[0, 31, 57, 88, 117],
[23, 24, 55, 81, 111],
[16, 47, 48, 79, 105],
[14, 45, 51, 77, 108],
[12, 38, 69, 75, 101],
[5, 36, 62, 93, 99],
[3, 29, 60, 86, 115],
[21, 27, 53, 84],
[19, 25, 56, 82, 112],
[17, 43, 49, 80, 106],
[10, 41, 67, 73, 104],
[8, 34, 65, 91, 97],
[1, 32, 58, 89],
[37, 70, 78, 110, 118],
[15, 61, 94, 102, 119],
[6, 39, 85, 116, 120],
[22, 30, 63, 109, 121],
[13, 46, 54, 87]],

[[4, 42, 50, 83, 114],
[20, 28, 66, 74, 107],
[11, 44, 52, 90, 98],
[2, 35, 68, 76, 113],
[18, 26, 59, 92, 100],
[9, 47, 55, 88, 96],
[0, 33, 71, 79, 111],
[16, 24, 57, 95, 103],
[7, 40, 48, 81, 117],
[23, 31, 64, 72, 105],
[14, 27, 60, 93, 101],
[5, 38, 51, 84, 115],
[21, 29, 62, 75, 108],
[12, 45, 53, 86, 99],
[3, 36, 69, 77],
[19, 32, 65, 73, 106],
[10, 43, 56, 89, 97],
[1, 34, 67, 80, 112],
[17, 25, 58, 91, 104],
[8, 41, 49, 82],
[6, 13, 15, 22, 118],
[30, 37, 39, 46, 119],
[54, 61, 63, 70, 120],
[78, 85, 87, 94, 121],
[102, 109, 110, 116]],

[[0, 4, 13, 17, 21],
[24, 28, 37, 41, 45],
[48, 52, 61, 65, 69],
[72, 76, 85, 89, 93],
[96, 100, 109, 112, 115],
[1, 5, 9, 18, 22],
[25, 29, 33, 42, 46],
[49, 53, 57, 66, 70],
[73, 77, 81, 90, 94],
[97, 101, 105, 113, 116],
[2, 6, 10, 14, 23],
[26, 30, 34, 38, 47],
[50, 54, 58, 62, 71],
[74, 78, 82, 86, 95],
[98, 102, 106, 117],
[3, 7, 11, 15, 19],
[27, 31, 35, 39, 43],
[51, 55, 59, 63, 67],
[75, 79, 83, 87, 91],
[99, 103, 107, 110],
[44, 64, 84, 104, 118],
[20, 40, 60, 80],
[16, 36, 56, 114, 121],
[12, 32, 92, 111, 120],
[8, 68, 88, 108, 119]],

[[4, 24, 69, 89, 109],
[13, 28, 48, 93, 112],
[17, 37, 52, 72, 115],
[21, 41, 61, 76, 96],
[0, 45, 65, 85, 100],
[9, 29, 49, 94, 113],
[18, 33, 53, 73, 116],
[22, 42, 57, 77, 97],
[1, 46, 66, 81, 101],
[5, 25, 70, 90, 105],
[14, 34, 54, 74, 117],
[23, 38, 58, 78, 98],
[2, 47, 62, 82, 102],
[6, 26, 71, 86, 106],
[10, 30, 50, 95],
[19, 39, 59, 79, 99],
[3, 43, 63, 83, 103],
[7, 27, 67, 87, 107],
[11, 31, 51, 91, 110],
[15, 35, 55, 75],
[40, 56, 92, 108, 118],
[20, 36, 88, 104, 120],
[16, 32, 68, 84],
[12, 64, 80, 114, 119],
[8, 44, 60, 111, 121]],

[[4, 41, 48, 85, 115],
[21, 28, 65, 72, 109],
[13, 45, 52, 89, 96],
[0, 37, 69, 76, 112],
[17, 24, 61, 93, 100],
[9, 46, 53, 90, 97],
[1, 33, 70, 77, 113],
[18, 25, 57, 94, 101],
[5, 42, 49, 81, 116],
[22, 29, 66, 73, 105],
[14, 26, 58, 95, 102],
[6, 38, 50, 82, 117],
[23, 30, 62, 74, 106],
[10, 47, 54, 86, 98],
[2, 34, 71, 78],
[19, 31, 63, 75, 107],
[11, 43, 55, 87, 99],
[3, 35, 67, 79, 110],
[15, 27, 59, 91, 103],
[7, 39, 51, 83],
[36, 68, 80, 111, 118],
[20, 32, 64, 108, 121],
[16, 60, 92, 104, 119],
[12, 44, 56, 88],
[8, 40, 84, 114, 120]],

[[4, 45, 61, 72, 112],
[17, 28, 69, 85, 96],
[0, 41, 52, 93, 109],
[13, 24, 65, 76, 115],
[21, 37, 48, 89, 100],
[9, 25, 66, 77, 116],
[22, 33, 49, 90, 101],
[5, 46, 57, 73, 113],
[18, 29, 70, 81, 97],
[1, 42, 53, 94, 105],
[14, 30, 71, 82, 98],
[2, 38, 54, 95, 106],
[10, 26, 62, 78, 117],
[23, 34, 50, 86, 102],
[6, 47, 58, 74],
[19, 35, 51, 87, 103],
[7, 43, 59, 75, 110],
[15, 31, 67, 83, 99],
[3, 39, 55, 91, 107],
[11, 27, 63, 79],
[32, 60, 88, 114, 118],
[20, 56, 84, 111, 119],
[16, 44, 80, 108, 120],
[12, 40, 68, 104, 121],
[8, 36, 64, 92]],

[[4, 37, 65, 93, 96],
[0, 28, 61, 89, 115],
[21, 24, 52, 85, 112],
[17, 45, 48, 76, 109],
[13, 41, 69, 72, 100],
[9, 42, 70, 73, 101],
[5, 33, 66, 94, 97],
[1, 29, 57, 90, 116],
[22, 25, 53, 81, 113],
[18, 46, 49, 77, 105],
[14, 47, 50, 78, 106],
[10, 38, 71, 74, 102],
[6, 34, 62, 95, 98],
[2, 30, 58, 86, 117],
[23, 26, 54, 82],
[19, 27, 55, 83, 110],
[15, 43, 51, 79, 107],
[11, 39, 67, 75, 103],
[7, 35, 63, 91, 99],
[3, 31, 59, 87],
[8, 12, 16, 20, 118],
[32, 36, 40, 44, 119],
[56, 60, 64, 68, 120],
[80, 84, 88, 92, 121],
[104, 108, 111, 114]],

[[0, 5, 10, 15, 20],
[24, 29, 34, 39, 44],
[48, 53, 58, 63, 68],
[72, 77, 82, 87, 92],
[96, 101, 106, 110, 114],
[1, 6, 11, 16, 21],
[25, 30, 35, 40, 45],
[49, 54, 59, 64, 69],
[73, 78, 83, 88, 93],
[97, 102, 107, 111, 115],
[2, 7, 12, 17, 22],
[26, 31, 36, 41, 46],
[50, 55, 60, 65, 70],
[74, 79, 84, 89, 94],
[98, 103, 108, 112, 116],
[3, 8, 13, 18, 23],
[27, 32, 37, 42, 47],
[51, 56, 61, 66, 71],
[75, 80, 85, 90, 95],
[99, 104, 109, 113, 117],
[28, 57, 86, 118],
[4, 33, 62, 91],
[9, 38, 67, 100, 121],
[14, 43, 76, 105, 120],
[19, 52, 81, 119]],

[[0, 29, 58, 87, 114],
[20, 24, 53, 82, 110],
[15, 44, 48, 77, 106],
[10, 39, 68, 72, 101],
[5, 34, 63, 92, 96],
[1, 30, 59, 88, 115],
[21, 25, 54, 83, 111],
[16, 45, 49, 78, 107],
[11, 40, 69, 73, 102],
[6, 35, 64, 93, 97],
[2, 31, 60, 89, 116],
[22, 26, 55, 84, 112],
[17, 46, 50, 79, 108],
[12, 41, 70, 74, 103],
[7, 36, 65, 94, 98],
[3, 32, 61, 90, 117],
[23, 27, 56, 85, 113],
[18, 47, 51, 80, 109],
[13, 42, 71, 75, 104],
[8, 37, 66, 95, 99],
[33, 67, 76, 118],
[4, 38, 81, 120],
[9, 43, 52, 86],
[14, 57, 91, 100, 119],
[19, 28, 62, 105, 121]],

[[0, 39, 53, 92, 106],
[10, 24, 63, 77, 114],
[20, 34, 48, 87, 101],
[5, 44, 58, 72, 110],
[15, 29, 68, 82, 96],
[1, 40, 54, 93, 107],
[11, 25, 64, 78, 115],
[21, 35, 49, 88, 102],
[6, 45, 59, 73, 111],
[16, 30, 69, 83, 97],
[2, 41, 55, 94, 108],
[12, 26, 65, 79, 116],
[22, 36, 50, 89, 103],
[7, 46, 60, 74, 112],
[17, 31, 70, 84, 98],
[3, 42, 56, 95, 109],
[13, 27, 66, 80, 117],
[23, 37, 51, 90, 104],
[8, 47, 61, 75, 113],
[18, 32, 71, 85, 99],
[38, 52, 91, 105, 118],
[4, 43, 57, 121],
[9, 62, 76, 119],
[14, 28, 67, 81],
[19, 33, 86, 100, 120]],

[[0, 34, 68, 77, 110],
[15, 24, 58, 92, 101],
[5, 39, 48, 82, 114],
[20, 29, 63, 72, 106],
[10, 44, 53, 87, 96],
[1, 35, 69, 78, 111],
[16, 25, 59, 93, 102],
[6, 40, 49, 83, 115],
[21, 30, 64, 73, 107],
[11, 45, 54, 88, 97],
[2, 36, 70, 79, 112],
[17, 26, 60, 94, 103],
[7, 41, 50, 84, 116],
[22, 31, 65, 74, 108],
[12, 46, 55, 89, 98],
[3, 37, 71, 80, 113],
[18, 27, 61, 95, 104],
[8, 42, 51, 85, 117],
[23, 32, 66, 75, 109],
[13, 47, 56, 90, 99],
[43, 62, 81, 100, 118],
[4, 67, 86, 105, 119],
[9, 28, 91, 120],
[14, 33, 52, 121],
[19, 38, 57, 76]]]