[[[0,1,2,3,4,5],
[6,7,8,9,10,11],
[12,13,14,15,16,17],
[18,19,20,21,22,23],
[24,25,26,27,28,29],
[30,31,32,33,34,35],
[36,37,38,39,40,41],
[42,43,44,45,46,47],
[48,49,50,51,52,53],
[54,55,56,57,58,59],
[60,61,62,63,64,65],
[66,67,68,69,70,71],
[72,73,74,75,76,77],
[78,79,80,81,82,83],
[84,85,86,87,88,89],
[90,91,92,93,94],
[95,96,97,98,99],
[100,101,102,103,104],
[105,106,107,108,109],
[110,111,112,113,114],
[115,116,117,118,119],
[120,121,122,123,124]],

[[0,7,14,21,28,35],
[6,13,20,27,34,41],
[12,19,26,33,40,47],
[18,25,32,39,46,53],
[24,31,38,45,52,59],
[30,37,44,51,58,65],
[36,43,50,57,64,71],
[42,49,56,63,70,77],
[48,55,62,69,76,83],
[54,61,68,75,82,89],
[60,67,74,81,88,94],
[66,73,80,87,93,99],
[72,79,86,92,98,104],
[78,85,91,97,103,109],
[84,90,96,102,108,114],
[95,101,107,113,119],
[100,106,112,118,124],
[5,105,111,117,123],
[4,11,110,116,122],
[3,10,17,115,121],
[2,9,16,23,120],
[1,8,15,22,29]],

[[0,8,13,23,33,46],
[6,14,19,29,39,52],
[12,20,25,35,45,58],
[18,26,31,41,51,64],
[24,32,37,47,57,70],
[30,38,43,53,63,76],
[36,44,49,59,69,82],
[42,50,55,65,75,88],
[48,56,61,71,81,93],
[54,62,67,77,87,98],
[60,68,73,83,92,103],
[66,74,79,89,97,108],
[72,80,85,94,102,113],
[78,86,90,99,107,118],
[84,91,95,104,112,123],
[4,96,100,109,117],
[10,101,105,114,122],
[3,16,106,110,119],
[9,22,111,115,124],
[5,15,28,116,120],
[1,11,21,34,121],
[2,7,17,27,40]],

[[0,9,17,19,32,58],
[6,15,23,25,38,64],
[12,21,29,31,44,70],
[18,27,35,37,50,76],
[24,33,41,43,56,82],
[30,39,47,49,62,88],
[36,45,53,55,68,93],
[42,51,59,61,74,98],
[48,57,65,67,80,103],
[54,63,71,73,86,108],
[60,69,77,79,91,113],
[66,75,83,85,96,118],
[72,81,89,90,101,123],
[4,78,87,94,95,106],
[10,84,92,99,100,111],
[16,97,104,105,116],
[22,102,109,110,121],
[2,28,107,114,115],
[8,34,112,119,120],
[1,14,40,117,124],
[5,7,20,46,122],
[3,11,13,26,52]],

[[0,10,15,20,31,47],
[6,16,21,26,37,53],
[12,22,27,32,43,59],
[18,28,33,38,49,65],
[24,34,39,44,55,71],
[30,40,45,50,61,77],
[36,46,51,56,67,83],
[42,52,57,62,73,89],
[48,58,63,68,79,94],
[54,64,69,74,85,99],
[60,70,75,80,90,104],
[66,76,81,86,95,109],
[72,82,87,91,100,114],
[78,88,92,96,105,119],
[84,93,97,101,110,124],
[5,98,102,106,115],
[11,103,107,111,120],
[1,17,108,112,116],
[7,23,113,117,121],
[2,13,29,118,122],
[3,8,19,35,123],
[4,9,14,25,41]],

[[0,11,16,25,44,57],
[6,17,22,31,50,63],
[12,23,28,37,56,69],
[18,29,34,43,62,75],
[24,35,40,49,68,81],
[30,41,46,55,74,87],
[36,47,52,61,80,92],
[42,53,58,67,86,97],
[48,59,64,73,91,102],
[54,65,70,79,96,107],
[60,71,76,85,101,112],
[66,77,82,90,106,117],
[72,83,88,95,111,122],
[3,78,89,93,100,116],
[9,84,94,98,105,121],
[2,15,99,103,110],
[8,21,104,108,115],
[14,27,109,113,120],
[1,20,33,114,118],
[7,26,39,119,123],
[4,13,32,45,124],
[5,10,19,38,51]],

[[0,22,26,45,49,71],
[6,28,32,51,55,77],
[12,34,38,57,61,83],
[18,40,44,63,67,89],
[24,46,50,69,73,94],
[30,52,56,75,79,99],
[36,58,62,81,85,104],
[42,64,68,87,90,109],
[48,70,74,92,95,114],
[54,76,80,97,100,119],
[60,82,86,102,105,124],
[5,66,88,91,107,110],
[11,72,93,96,112,115],
[17,78,98,101,117,120],
[1,23,84,103,106,122],
[3,7,29,108,111],
[9,13,35,113,116],
[15,19,41,118,121],
[2,21,25,47,123],
[4,8,27,31,53],
[10,14,33,37,59],
[16,20,39,43,65]],

[[0,27,38,55,70,89],
[6,33,44,61,76,94],
[12,39,50,67,82,99],
[18,45,56,73,88,104],
[24,51,62,79,93,109],
[30,57,68,85,98,114],
[36,63,74,90,103,119],
[42,69,80,95,108,124],
[5,48,75,86,100,113],
[11,54,81,91,105,118],
[17,60,87,96,110,123],
[4,23,66,92,101,115],
[10,29,72,97,106,120],
[1,16,35,78,102,111],
[7,22,41,84,107,116],
[13,28,47,112,121],
[2,19,34,53,117],
[8,25,40,59,122],
[3,14,31,46,65],
[9,20,37,52,71],
[15,26,43,58,77],
[21,32,49,64,83]],

[[0,29,37,63,80,88],
[6,35,43,69,86,93],
[12,41,49,75,91,98],
[18,47,55,81,96,103],
[24,53,61,87,101,108],
[30,59,67,92,106,113],
[36,65,73,97,111,118],
[42,71,79,102,116,123],
[4,48,77,85,107,121],
[2,10,54,83,90,112],
[8,16,60,89,95,117],
[14,22,66,94,100,122],
[3,20,28,72,99,105],
[9,26,34,78,104,110],
[15,32,40,84,109,115],
[21,38,46,114,120],
[1,27,44,52,119],
[7,33,50,58,124],
[5,13,39,56,64],
[11,19,45,62,70],
[17,25,51,68,76],
[23,31,57,74,82]],

[[0,34,50,59,79,87],
[6,40,56,65,85,92],
[12,46,62,71,90,97],
[18,52,68,77,95,102],
[24,58,74,83,100,107],
[30,64,80,89,105,112],
[36,70,86,94,110,117],
[42,76,91,99,115,122],
[3,48,82,96,104,120],
[1,9,54,88,101,109],
[7,15,60,93,106,114],
[13,21,66,98,111,119],
[19,27,72,103,116,124],
[5,25,33,78,108,121],
[2,11,31,39,84,113],
[8,17,37,45,118],
[14,23,43,51,123],
[4,20,29,49,57],
[10,26,35,55,63],
[16,32,41,61,69],
[22,38,47,67,75],
[28,44,53,73,81]],

[[0,39,77,86,103,115],
[6,45,83,91,108,120],
[1,12,51,89,96,113],
[7,18,57,94,101,118],
[13,24,63,99,106,123],
[4,19,30,69,104,111],
[10,25,36,75,109,116],
[16,31,42,81,114,121],
[2,22,37,48,87,119],
[8,28,43,54,92,124],
[5,14,34,49,60,97],
[11,20,40,55,66,102],
[17,26,46,61,72,107],
[23,32,52,67,78,112],
[29,38,58,73,84,117],
[35,44,64,79,122],
[3,41,50,70,85],
[9,47,56,76,90],
[15,53,62,82,95],
[21,59,68,88,100],
[27,65,74,93,105],
[33,71,80,98,110]],

[[0,40,53,69,100,121],
[2,6,46,59,75,105],
[8,12,52,65,81,110],
[14,18,58,71,87,115],
[20,24,64,77,92,120],
[1,26,30,70,83,97],
[7,32,36,76,89,102],
[13,38,42,82,94,107],
[19,44,48,88,99,112],
[25,50,54,93,104,117],
[31,56,60,98,109,122],
[3,37,62,66,103,114],
[9,43,68,72,108,119],
[15,49,74,78,113,124],
[5,21,55,80,84,118],
[11,27,61,86,123],
[4,17,33,67,91],
[10,23,39,73,96],
[16,29,45,79,101],
[22,35,51,85,106],
[28,41,57,90,111],
[34,47,63,95,116]],

[[0,41,62,92,108,110],
[6,47,68,97,113,115],
[12,53,74,102,118,120],
[1,18,59,80,107,123],
[4,7,24,65,86,112],
[10,13,30,71,91,117],
[16,19,36,77,96,122],
[3,22,25,42,83,101],
[9,28,31,48,89,106],
[15,34,37,54,94,111],
[21,40,43,60,99,116],
[27,46,49,66,104,121],
[2,33,52,55,72,109],
[8,39,58,61,78,114],
[14,45,64,67,84,119],
[20,51,70,73,124],
[5,26,57,76,79],
[11,32,63,82,85],
[17,38,69,88,90],
[23,44,75,93,95],
[29,50,81,98,100],
[35,56,87,103,105]],

[[0,43,52,74,104,122],
[3,6,49,58,80,109],
[9,12,55,64,86,114],
[15,18,61,70,91,119],
[21,24,67,76,96,124],
[5,27,30,73,82,101],
[11,33,36,79,88,106],
[17,39,42,85,93,111],
[23,45,48,90,98,116],
[29,51,54,95,103,121],
[2,35,57,60,100,108],
[8,41,63,66,105,113],
[14,47,69,72,110,118],
[20,53,75,78,115,123],
[4,26,59,81,84,120],
[1,10,32,65,87],
[7,16,38,71,92],
[13,22,44,77,97],
[19,28,50,83,102],
[25,34,56,89,107],
[31,40,62,94,112],
[37,46,68,99,117]]

]
