[[[0,1,2,3,4,5],
[6,7,8,9,10,11],
[12,13,14,15,16,17],
[18,19,20,21,22,23],
[24,25,26,27,28,29],
[30,31,32,33,34,35],
[36,37,38,39,40,41],
[42,43,44,45,46,47],
[48,49,50,51,52,53],
[54,55,56,57,58,59],
[60,61,62,63,64,65],
[66,67,68,69,70,71],
[72,73,74,75,76],
[77,78,79,80,81],
[82,83,84,85,86],
[87,88,89,90,91],
[92,93,94,95,96],
[97,98,99,100,101],
[102,103,104,105,106],
[107,108,109,110,111],
[112,113,114,115,116],
[117,118,119,120,121]],

[[0,7,14,21,28,35],
[6,13,20,27,34,41],
[12,19,26,33,40,47],
[18,25,32,39,46,53],
[24,31,38,45,52,59],
[30,37,44,51,58,65],
[36,43,50,57,64,71],
[42,49,56,63,70,76],
[48,55,62,69,75,81],
[54,61,68,74,80,86],
[60,67,73,79,85,91],
[66,72,78,84,90,96],
[77,83,89,95,101],
[82,88,94,100,106],
[87,93,99,105,111],
[92,98,104,110,116],
[97,103,109,115,121],
[5,102,108,114,120],
[4,11,107,113,119],
[3,10,17,112,118],
[2,9,16,23,117],
[1,8,15,22,29]],

[[0,8,13,23,33,46],
[6,14,19,29,39,52],
[12,20,25,35,45,58],
[18,26,31,41,51,64],
[24,32,37,47,57,70],
[30,38,43,53,63,75],
[36,44,49,59,69,80],
[42,50,55,65,74,85],
[48,56,61,71,79,90],
[54,62,67,76,84,95],
[60,68,72,81,89,100],
[66,73,77,86,94,105],
[78,82,91,99,110],
[83,87,96,104,115],
[88,92,101,109,120],
[4,93,97,106,114],
[10,98,102,111,119],
[3,16,103,107,116],
[9,22,108,112,121],
[5,15,28,113,117],
[1,11,21,34,118],
[2,7,17,27,40]],

[[0,9,17,19,32,58],
[6,15,23,25,38,64],
[12,21,29,31,44,70],
[18,27,35,37,50,75],
[24,33,41,43,56,80],
[30,39,47,49,62,85],
[36,45,53,55,68,90],
[42,51,59,61,73,95],
[48,57,65,67,78,100],
[54,63,71,72,83,105],
[60,69,76,77,88,110],
[66,74,81,82,93,115],
[79,86,87,98,120],
[4,84,91,92,103],
[10,89,96,97,108],
[16,94,101,102,113],
[22,99,106,107,118],
[2,28,104,111,112],
[8,34,109,116,117],
[1,14,40,114,121],
[5,7,20,46,119],
[3,11,13,26,52]],

[[0,10,15,20,31,47],
[6,16,21,26,37,53],
[12,22,27,32,43,59],
[18,28,33,38,49,65],
[24,34,39,44,55,71],
[30,40,45,50,61,76],
[36,46,51,56,67,81],
[42,52,57,62,72,86],
[48,58,63,68,77,91],
[54,64,69,73,82,96],
[60,70,74,78,87,101],
[66,75,79,83,92,106],
[80,84,88,97,111],
[85,89,93,102,116],
[90,94,98,107,121],
[5,95,99,103,112],
[11,100,104,108,117],
[1,17,105,109,113],
[7,23,110,114,118],
[2,13,29,115,119],
[3,8,19,35,120],
[4,9,14,25,41]],

[[0,11,16,25,44,57],
[6,17,22,31,50,63],
[12,23,28,37,56,69],
[18,29,34,43,62,74],
[24,35,40,49,68,79],
[30,41,46,55,73,84],
[36,47,52,61,78,89],
[42,53,58,67,83,94],
[48,59,64,72,88,99],
[54,65,70,77,93,104],
[60,71,75,82,98,109],
[66,76,80,87,103,114],
[81,85,92,108,119],
[3,86,90,97,113],
[9,91,95,102,118],
[2,15,96,100,107],
[8,21,101,105,112],
[14,27,106,110,117],
[1,20,33,111,115],
[7,26,39,116,120],
[4,13,32,45,121],
[5,10,19,38,51]],

[[0,22,26,45,49,71],
[6,28,32,51,55,76],
[12,34,38,57,61,81],
[18,40,44,63,67,86],
[24,46,50,69,72,91],
[30,52,56,74,77,96],
[36,58,62,79,82,101],
[42,64,68,84,87,106],
[48,70,73,89,92,111],
[54,75,78,94,97,116],
[60,80,83,99,102,121],
[5,66,85,88,104,107],
[11,90,93,109,112],
[17,95,98,114,117],
[1,23,100,103,119],
[3,7,29,105,108],
[9,13,35,110,113],
[15,19,41,115,118],
[2,21,25,47,120],
[4,8,27,31,53],
[10,14,33,37,59],
[16,20,39,43,65]],

[[0,27,38,55,70,86],
[6,33,44,61,75,91],
[12,39,50,67,80,96],
[18,45,56,72,85,101],
[24,51,62,77,90,106],
[30,57,68,82,95,111],
[36,63,73,87,100,116],
[42,69,78,92,105,121],
[5,48,74,83,97,110],
[11,54,79,88,102,115],
[17,60,84,93,107,120],
[4,23,66,89,98,112],
[10,29,94,103,117],
[1,16,35,99,108],
[7,22,41,104,113],
[13,28,47,109,118],
[2,19,34,53,114],
[8,25,40,59,119],
[3,14,31,46,65],
[9,20,37,52,71],
[15,26,43,58,76],
[21,32,49,64,81]],

[[0,29,37,63,78,85],
[6,35,43,69,83,90],
[12,41,49,74,88,95],
[18,47,55,79,93,100],
[24,53,61,84,98,105],
[30,59,67,89,103,110],
[36,65,72,94,108,115],
[42,71,77,99,113,120],
[4,48,76,82,104,118],
[2,10,54,81,87,109],
[8,16,60,86,92,114],
[14,22,66,91,97,119],
[3,20,28,96,102],
[9,26,34,101,107],
[15,32,40,106,112],
[21,38,46,111,117],
[1,27,44,52,116],
[7,33,50,58,121],
[5,13,39,56,64],
[11,19,45,62,70],
[17,25,51,68,75],
[23,31,57,73,80]],

[[0,34,50,59,77,84],
[6,40,56,65,82,89],
[12,46,62,71,87,94],
[18,52,68,76,92,99],
[24,58,73,81,97,104],
[30,64,78,86,102,109],
[36,70,83,91,107,114],
[42,75,88,96,112,119],
[3,48,80,93,101,117],
[1,9,54,85,98,106],
[7,15,60,90,103,111],
[13,21,66,95,108,116],
[19,27,100,113,121],
[5,25,33,105,118],
[2,11,31,39,110],
[8,17,37,45,115],
[14,23,43,51,120],
[4,20,29,49,57],
[10,26,35,55,63],
[16,32,41,61,69],
[22,38,47,67,74],
[28,44,53,72,79]],

[[0,39,76,83,100,112],
[6,45,81,88,105,117],
[1,12,51,86,93,110],
[7,18,57,91,98,115],
[13,24,63,96,103,120],
[4,19,30,69,101,108],
[10,25,36,74,106,113],
[16,31,42,79,111,118],
[2,22,37,48,84,116],
[8,28,43,54,89,121],
[5,14,34,49,60,94],
[11,20,40,55,66,99],
[17,26,46,61,104],
[23,32,52,67,109],
[29,38,58,72,114],
[35,44,64,77,119],
[3,41,50,70,82],
[9,47,56,75,87],
[15,53,62,80,92],
[21,59,68,85,97],
[27,65,73,90,102],
[33,71,78,95,107]],

[[0,40,53,69,97,118],
[2,6,46,59,74,102],
[8,12,52,65,79,107],
[14,18,58,71,84,112],
[20,24,64,76,89,117],
[1,26,30,70,81,94],
[7,32,36,75,86,99],
[13,38,42,80,91,104],
[19,44,48,85,96,109],
[25,50,54,90,101,114],
[31,56,60,95,106,119],
[3,37,62,66,100,111],
[9,43,68,105,116],
[15,49,73,110,121],
[5,21,55,78,115],
[11,27,61,83,120],
[4,17,33,67,88],
[10,23,39,72,93],
[16,29,45,77,98],
[22,35,51,82,103],
[28,41,57,87,108],
[34,47,63,92,113]],

[[0,41,62,89,105,107],
[6,47,68,94,110,112],
[12,53,73,99,115,117],
[1,18,59,78,104,120],
[4,7,24,65,83,109],
[10,13,30,71,88,114],
[16,19,36,76,93,119],
[3,22,25,42,81,98],
[9,28,31,48,86,103],
[15,34,37,54,91,108],
[21,40,43,60,96,113],
[27,46,49,66,101,118],
[2,33,52,55,106],
[8,39,58,61,111],
[14,45,64,67,116],
[20,51,70,72,121],
[5,26,57,75,77],
[11,32,63,80,82],
[17,38,69,85,87],
[23,44,74,90,92],
[29,50,79,95,97],
[35,56,84,100,102]],

[[0,43,52,73,101,119],
[3,6,49,58,78,106],
[9,12,55,64,83,111],
[15,18,61,70,88,116],
[21,24,67,75,93,121],
[5,27,30,72,80,98],
[11,33,36,77,85,103],
[17,39,42,82,90,108],
[23,45,48,87,95,113],
[29,51,54,92,100,118],
[2,35,57,60,97,105],
[8,41,63,66,102,110],
[14,47,69,107,115],
[20,53,74,112,120],
[4,26,59,79,117],
[1,10,32,65,84],
[7,16,38,71,89],
[13,22,44,76,94],
[19,28,50,81,99],
[25,34,56,86,104],
[31,40,62,91,109],
[37,46,68,96,114]]

]
