[[[0,15,30,45,60,75],
[5,18,44,46,68],
[14,23,41,58,72],
[2,16,33,59,71],
[8,29,32,50,61],
[3,28,42,51,74],
[10,19,31,57,67,76],
[11,21,43,54,63,77],
[6,25,34,56,62,78],
[7,27,40,47,66,79],
[12,24,35,49,70,80],
[13,20,39,52,64,81],
[9,26,36,55,73,82],
[4,22,38,48,65,83],
[1,17,37,53,69,84]],

[[1,16,31,46,61,75],
[6,19,44,47,69],
[14,24,42,45,73],
[3,17,34,59,72],
[9,29,33,51,62],
[4,15,43,52,74],
[11,20,32,58,68,76],
[12,22,30,55,64,77],
[7,26,35,57,63,78],
[8,28,41,48,67,79],
[13,25,36,50,71,80],
[0,21,40,53,65,81],
[10,27,37,56,60,82],
[5,23,39,49,66,83],
[2,18,38,54,70,84]],

[[2,17,32,47,62,75],
[7,20,44,48,70],
[14,25,43,46,60],
[4,18,35,59,73],
[10,29,34,52,63],
[5,16,30,53,74],
[12,21,33,45,69,76],
[13,23,31,56,65,77],
[8,27,36,58,64,78],
[9,15,42,49,68,79],
[0,26,37,51,72,80],
[1,22,41,54,66,81],
[11,28,38,57,61,82],
[6,24,40,50,67,83],
[3,19,39,55,71,84]],

[[3,18,33,48,63,75],
[8,21,44,49,71],
[14,26,30,47,61],
[5,19,36,59,60],
[11,29,35,53,64],
[6,17,31,54,74],
[13,22,34,46,70,76],
[0,24,32,57,66,77],
[9,28,37,45,65,78],
[10,16,43,50,69,79],
[1,27,38,52,73,80],
[2,23,42,55,67,81],
[12,15,39,58,62,82],
[7,25,41,51,68,83],
[4,20,40,56,72,84]],

[[4,19,34,49,64,75],
[9,22,44,50,72],
[14,27,31,48,62],
[6,20,37,59,61],
[12,29,36,54,65],
[7,18,32,55,74],
[0,23,35,47,71,76],
[1,25,33,58,67,77],
[10,15,38,46,66,78],
[11,17,30,51,70,79],
[2,28,39,53,60,80],
[3,24,43,56,68,81],
[13,16,40,45,63,82],
[8,26,42,52,69,83],
[5,21,41,57,73,84]],

[[5,20,35,50,65,75],
[10,23,44,51,73],
[14,28,32,49,63],
[7,21,38,59,62],
[13,29,37,55,66],
[8,19,33,56,74],
[1,24,36,48,72,76],
[2,26,34,45,68,77],
[11,16,39,47,67,78],
[12,18,31,52,71,79],
[3,15,40,54,61,80],
[4,25,30,57,69,81],
[0,17,41,46,64,82],
[9,27,43,53,70,83],
[6,22,42,58,60,84]],

[[6,21,36,51,66,75],
[11,24,44,52,60],
[14,15,33,50,64],
[8,22,39,59,63],
[0,29,38,56,67],
[9,20,34,57,74],
[2,25,37,49,73,76],
[3,27,35,46,69,77],
[12,17,40,48,68,78],
[13,19,32,53,72,79],
[4,16,41,55,62,80],
[5,26,31,58,70,81],
[1,18,42,47,65,82],
[10,28,30,54,71,83],
[7,23,43,45,61,84]],

[[7,22,37,52,67,75],
[12,25,44,53,61],
[14,16,34,51,65],
[9,23,40,59,64],
[1,29,39,57,68],
[10,21,35,58,74],
[3,26,38,50,60,76],
[4,28,36,47,70,77],
[13,18,41,49,69,78],
[0,20,33,54,73,79],
[5,17,42,56,63,80],
[6,27,32,45,71,81],
[2,19,43,48,66,82],
[11,15,31,55,72,83],
[8,24,30,46,62,84]],

[[8,23,38,53,68,75],
[13,26,44,54,62],
[14,17,35,52,66],
[10,24,41,59,65],
[2,29,40,58,69],
[11,22,36,45,74],
[4,27,39,51,61,76],
[5,15,37,48,71,77],
[0,19,42,50,70,78],
[1,21,34,55,60,79],
[6,18,43,57,64,80],
[7,28,33,46,72,81],
[3,20,30,49,67,82],
[12,16,32,56,73,83],
[9,25,31,47,63,84]],

[[9,24,39,54,69,75],
[0,27,44,55,63],
[14,18,36,53,67],
[11,25,42,59,66],
[3,29,41,45,70],
[12,23,37,46,74],
[5,28,40,52,62,76],
[6,16,38,49,72,77],
[1,20,43,51,71,78],
[2,22,35,56,61,79],
[7,19,30,58,65,80],
[8,15,34,47,73,81],
[4,21,31,50,68,82],
[13,17,33,57,60,83],
[10,26,32,48,64,84]],

[[10,25,40,55,70,75],
[1,28,44,56,64],
[14,19,37,54,68],
[12,26,43,59,67],
[4,29,42,46,71],
[13,24,38,47,74],
[6,15,41,53,63,76],
[7,17,39,50,73,77],
[2,21,30,52,72,78],
[3,23,36,57,62,79],
[8,20,31,45,66,80],
[9,16,35,48,60,81],
[5,22,32,51,69,82],
[0,18,34,58,61,83],
[11,27,33,49,65,84]],

[[11,26,41,56,71,75],
[2,15,44,57,65],
[14,20,38,55,69],
[13,27,30,59,68],
[5,29,43,47,72],
[0,25,39,48,74],
[7,16,42,54,64,76],
[8,18,40,51,60,77],
[3,22,31,53,73,78],
[4,24,37,58,63,79],
[9,21,32,46,67,80],
[10,17,36,49,61,81],
[6,23,33,52,70,82],
[1,19,35,45,62,83],
[12,28,34,50,66,84]],

[[12,27,42,57,72,75],
[3,16,44,58,66],
[14,21,39,56,70],
[0,28,31,59,69],
[6,29,30,48,73],
[1,26,40,49,74],
[8,17,43,55,65,76],
[9,19,41,52,61,77],
[4,23,32,54,60,78],
[5,25,38,45,64,79],
[10,22,33,47,68,80],
[11,18,37,50,62,81],
[7,24,34,53,71,82],
[2,20,36,46,63,83],
[13,15,35,51,67,84]],

[[13,28,43,58,73,75],
[4,17,44,45,67],
[14,22,40,57,71],
[1,15,32,59,70],
[7,29,31,49,60],
[2,27,41,50,74],
[9,18,30,56,66,76],
[10,20,42,53,62,77],
[5,24,33,55,61,78],
[6,26,39,46,65,79],
[11,23,34,48,69,80],
[12,19,38,51,63,81],
[8,25,35,54,72,82],
[3,21,37,47,64,83],
[0,16,36,52,68,84]]

]