[[[0,1,2,3,4,5],
[6,7,8,9,10,11],
[12,13,14,15,16,17],
[18,19,20,21,22,23],
[24,25,26,27,28,29],
[30,31,32,33,34,35],
[36,37,38,39,40],
[41,42,43,44,45],
[46,47,48,49,50],
[51,52,53,54,55,56],
[57,58,59,60,61,62],
[63,64,65,66,67,68],
[69,70,71,72,73,74],
[75,76,77,78,79,80],
[81,82,83,84,85,86]],

[[0,7,14,21,28,35],
[6,13,20,27,34,40],
[12,19,26,33,39,45],
[18,25,32,38,44,50],
[24,31,37,43,49,56],
[30,36,42,48,55,62],
[41,47,54,61,68],
[46,53,60,67,74],
[52,59,66,73,80],
[51,58,65,72,79,86],
[5,57,64,71,78,85],
[4,11,63,70,77,84],
[3,10,17,69,76,83],
[2,9,16,23,75,82],
[1,8,15,22,29,81]],

[[0,8,13,23,33,44],
[6,14,19,29,38,49],
[12,20,25,35,43,55],
[18,26,31,40,48,61],
[24,32,36,45,54,67],
[30,37,41,50,60,73],
[42,46,56,66,79],
[47,52,62,72,85],
[4,53,58,68,78],
[10,51,59,64,74,84],
[3,16,57,65,70,80],
[9,22,63,71,76,86],
[5,15,28,69,77,82],
[1,11,21,34,75,83],
[2,7,17,27,39,81]],

[[0,9,17,19,32,55],
[6,15,23,25,37,61],
[12,21,29,31,42,67],
[18,27,35,36,47,73],
[24,33,40,41,53,79],
[30,38,45,46,59,85],
[4,43,50,52,65],
[10,48,56,58,71],
[16,54,62,64,77],
[22,51,60,68,70,83],
[2,28,57,66,74,76],
[8,34,63,72,80,82],
[1,14,39,69,78,86],
[5,7,20,44,75,84],
[3,11,13,26,49,81]],

[[0,10,15,20,31,45],
[6,16,21,26,36,50],
[12,22,27,32,41,56],
[18,28,33,37,46,62],
[24,34,38,42,52,68],
[30,39,43,47,58,74],
[44,48,53,64,80],
[49,54,59,70,86],
[5,55,60,65,76],
[11,51,61,66,71,82],
[1,17,57,67,72,77],
[7,23,63,73,78,83],
[2,13,29,69,79,84],
[3,8,19,35,75,85],
[4,9,14,25,40,81]],

[[0,11,16,25,42,60],
[6,17,22,31,47,66],
[12,23,28,36,53,72],
[18,29,34,41,59,78],
[24,35,39,46,65,84],
[3,30,40,44,52,71],
[9,45,49,58,77],
[15,50,55,64,83],
[2,21,56,61,70],
[8,27,51,62,67,76],
[14,33,57,68,73,82],
[1,20,38,63,74,79],
[7,26,43,69,80,85],
[4,13,32,48,75,86],
[5,10,19,37,54,81]],

[[0,22,26,52,74,78],
[6,28,32,58,80,84],
[3,12,34,37,64,86],
[5,9,18,39,42,70],
[11,15,24,44,47,76],
[17,21,30,49,53,82],
[1,23,27,55,59],
[7,29,33,61,65],
[13,35,38,67,71],
[19,40,43,51,73,77],
[25,45,48,57,79,83],
[2,31,50,54,63,85],
[4,8,36,56,60,69],
[10,14,41,62,66,75],
[16,20,46,68,72,81]],

[[0,27,46,61,77,86],
[5,6,33,52,67,83],
[2,11,12,38,58,73],
[8,17,18,43,64,79],
[14,23,24,48,70,85],
[4,20,29,30,54,76],
[10,26,35,60,82],
[1,16,32,40,66],
[7,22,37,45,72],
[13,28,42,50,51,78],
[19,34,47,56,57,84],
[3,25,39,53,62,63],
[9,31,44,59,68,69],
[15,36,49,65,74,75],
[21,41,55,71,80,81]],

[[0,29,37,58,66,85],
[4,6,35,42,64,72],
[10,12,40,47,70,78],
[16,18,45,53,76,84],
[3,22,24,50,59,82],
[1,9,28,30,56,65],
[7,15,34,62,71],
[13,21,39,68,77],
[19,27,44,74,83],
[2,25,33,49,51,80],
[8,31,38,55,57,86],
[5,14,36,43,61,63],
[11,20,41,48,67,69],
[17,26,46,54,73,75],
[23,32,52,60,79,81]],

[[0,39,56,59,72,76],
[6,44,62,65,78,82],
[1,12,49,68,71,84],
[3,7,18,55,74,77],
[9,13,24,61,80,83],
[2,15,19,30,67,86],
[5,8,21,25,73],
[11,14,27,31,79],
[17,20,33,36,85],
[4,23,26,38,41,51],
[10,29,32,43,46,57],
[16,35,37,48,52,63],
[22,40,42,54,58,69],
[28,45,47,60,64,75],
[34,50,53,66,70,81]]

]
