[[[18,20,40],
[19,39,41],
[6,8,34],
[7,33,35],
[0,2,31],
[1,30,32],
[15,17,28],
[16,27,29],
[3,5,22],
[4,21,23],
[12,14,37],
[13,36,38],
[9,11,25],
[10,24,26],
[42,43,44],
[45,51,69],
[46,52,70],
[47,53,71],
[48,60,75],
[49,61,76],
[50,62,77],
[54,57,66],
[55,58,67],
[56,59,68],
[72,78,81],
[73,79,82],
[74,80,83],
[65,86,87],
[63,84,89],
[64,85,88]],

[[20,63,85],
[39,64,86],
[34,51,53],
[35,52,78],
[2,45,76],
[30,46,77],
[17,60,73],
[16,72,74],
[22,48,50],
[21,49,68],
[14,57,82],
[36,58,83],
[25,54,56],
[24,55,71],
[43,87,89],
[0,6,69],
[1,7,70],
[8,26,47],
[3,15,75],
[4,31,61],
[5,32,62],
[9,12,66],
[10,13,67],
[11,23,59],
[27,33,81],
[28,37,79],
[29,38,80],
[41,42,65],
[18,44,84],
[19,40,88]],

[[40,63,65],
[41,64,84],
[6,53,79],
[33,52,80],
[31,45,47],
[1,75,77],
[15,62,73],
[29,61,72],
[5,48,67],
[23,49,66],
[37,57,59],
[13,81,83],
[9,56,70],
[26,55,69],
[44,87,88],
[0,24,51],
[7,25,46],
[2,8,71],
[3,30,60],
[4,16,76],
[17,32,50],
[12,21,54],
[10,22,58],
[11,14,68],
[27,36,78],
[28,34,82],
[35,38,74],
[20,42,86],
[18,39,89],
[19,43,85]],

[[18,65,85],
[19,84,86],
[8,51,79],
[7,78,80],
[0,47,76],
[32,46,75],
[28,60,62],
[27,61,74],
[3,50,67],
[4,66,68],
[12,59,82],
[38,58,81],
[11,54,70],
[10,69,71],
[42,88,89],
[6,24,45],
[1,25,52],
[2,26,53],
[15,30,48],
[16,31,49],
[5,17,77],
[9,21,57],
[13,22,55],
[14,23,56],
[33,36,72],
[34,37,73],
[29,35,83],
[20,41,87],
[39,44,63],
[40,43,64]],

[[0,7,26],
[1,8,24],
[2,6,25],
[3,16,32],
[4,17,30],
[5,15,31],
[9,13,23],
[10,14,21],
[11,12,22],
[29,34,36],
[27,35,37],
[28,33,38],
[39,40,42],
[18,41,43],
[19,20,44],
[45,53,70],
[46,51,71],
[47,52,69],
[48,62,76],
[49,60,77],
[50,61,75],
[54,59,67],
[55,57,68],
[56,58,66],
[73,80,81],
[74,78,82],
[72,79,83],
[63,64,87],
[65,84,88],
[85,86,89]],

[[0,52,71],
[1,53,69],
[2,51,70],
[3,61,77],
[4,62,75],
[5,60,76],
[9,58,68],
[10,59,66],
[11,57,67],
[36,74,79],
[37,72,80],
[38,73,78],
[42,84,85],
[43,63,86],
[44,64,65],
[8,25,45],
[6,26,46],
[7,24,47],
[17,31,48],
[15,32,49],
[16,30,50],
[14,22,54],
[12,23,55],
[13,21,56],
[28,35,81],
[29,33,82],
[27,34,83],
[18,19,87],
[20,39,88],
[40,41,89]],

[[7,45,71],
[8,46,69],
[6,47,70],
[16,48,77],
[17,49,75],
[15,50,76],
[13,54,68],
[14,55,66],
[12,56,67],
[34,74,81],
[35,72,82],
[33,73,83],
[40,84,87],
[18,86,88],
[20,64,89],
[0,25,53],
[1,26,51],
[2,24,52],
[3,31,62],
[4,32,60],
[5,30,61],
[9,22,59],
[10,23,57],
[11,21,58],
[28,36,80],
[29,37,78],
[27,38,79],
[19,42,63],
[39,43,65],
[41,44,85]],

[[26,45,52],
[24,46,53],
[25,47,51],
[32,48,61],
[30,49,62],
[31,50,60],
[23,54,58],
[21,55,59],
[22,56,57],
[29,79,81],
[27,80,82],
[28,78,83],
[39,85,87],
[41,63,88],
[19,65,89],
[0,8,70],
[1,6,71],
[2,7,69],
[3,17,76],
[4,15,77],
[5,16,75],
[9,14,67],
[10,12,68],
[11,13,66],
[35,36,73],
[33,37,74],
[34,38,72],
[18,42,64],
[20,43,84],
[40,44,86]],

[[0,21,39],
[1,22,40],
[2,23,41],
[3,9,27],
[4,10,28],
[5,11,29],
[12,15,24],
[13,16,25],
[14,17,26],
[18,30,36],
[19,31,37],
[20,32,38],
[8,35,42],
[6,33,44],
[7,34,43],
[45,67,86],
[46,68,84],
[47,66,85],
[48,55,74],
[49,56,72],
[50,54,73],
[57,61,71],
[58,62,69],
[59,60,70],
[63,77,82],
[64,75,83],
[65,76,81],
[78,79,87],
[51,80,88],
[52,53,89]],

[[0,66,84],
[1,67,85],
[2,68,86],
[3,54,72],
[4,55,73],
[5,56,74],
[12,60,69],
[13,61,70],
[14,62,71],
[18,75,81],
[19,76,82],
[20,77,83],
[42,53,80],
[6,78,89],
[7,79,88],
[22,41,45],
[23,39,46],
[21,40,47],
[10,29,48],
[11,27,49],
[9,28,50],
[16,26,57],
[17,24,58],
[15,25,59],
[32,37,63],
[30,38,64],
[31,36,65],
[33,34,87],
[35,43,51],
[8,44,52]],

[[21,45,84],
[22,46,85],
[23,47,86],
[9,48,72],
[10,49,73],
[11,50,74],
[15,57,69],
[16,58,70],
[17,59,71],
[36,63,75],
[37,64,76],
[38,65,77],
[8,80,87],
[33,51,89],
[43,52,79],
[0,41,67],
[1,39,68],
[2,40,66],
[3,29,55],
[4,27,56],
[5,28,54],
[12,26,61],
[13,24,62],
[14,25,60],
[18,32,82],
[19,30,83],
[20,31,81],
[34,42,78],
[6,35,88],
[7,44,53]],

[[39,45,66],
[40,46,67],
[41,47,68],
[27,48,54],
[28,49,55],
[29,50,56],
[24,57,60],
[25,58,61],
[26,59,62],
[30,63,81],
[31,64,82],
[32,65,83],
[35,53,87],
[44,51,78],
[34,52,88],
[0,22,86],
[1,23,84],
[2,21,85],
[3,10,74],
[4,11,72],
[5,9,73],
[12,16,71],
[13,17,69],
[14,15,70],
[18,37,77],
[19,38,75],
[20,36,76],
[33,42,79],
[6,43,80],
[7,8,89]],

[[0,23,40],
[1,21,41],
[2,22,39],
[3,11,28],
[4,9,29],
[5,10,27],
[12,17,25],
[13,15,26],
[14,16,24],
[18,31,38],
[19,32,36],
[20,30,37],
[6,7,42],
[8,33,43],
[34,35,44],
[51,72,84],
[52,73,85],
[53,74,86],
[54,60,78],
[55,61,79],
[56,62,80],
[48,57,63],
[49,58,64],
[50,59,65],
[66,69,81],
[67,70,82],
[68,71,83],
[47,77,87],
[45,75,89],
[46,76,88]],

[[40,45,68],
[41,46,66],
[39,47,67],
[11,48,73],
[9,49,74],
[10,50,72],
[12,62,70],
[13,60,71],
[14,61,69],
[38,63,76],
[36,64,77],
[37,65,75],
[42,51,52],
[43,53,78],
[44,79,80],
[6,27,84],
[7,28,85],
[8,29,86],
[15,33,54],
[16,34,55],
[17,35,56],
[3,18,57],
[4,19,58],
[5,20,59],
[21,24,81],
[22,25,82],
[23,26,83],
[2,32,87],
[0,30,89],
[1,31,88]],

[[0,68,85],
[21,46,86],
[2,67,84],
[3,56,73],
[29,49,54],
[27,50,55],
[25,57,62],
[26,58,60],
[16,59,69],
[31,63,83],
[19,77,81],
[20,75,82],
[7,51,87],
[33,53,88],
[35,79,89],
[6,39,72],
[28,40,52],
[8,41,74],
[9,15,78],
[10,34,61],
[11,17,80],
[12,18,48],
[4,13,64],
[5,14,65],
[24,36,66],
[22,37,70],
[23,38,71],
[32,42,47],
[30,44,45],
[1,43,76]],

[[23,45,85],
[1,66,86],
[22,47,84],
[28,48,56],
[4,54,74],
[5,55,72],
[17,57,70],
[15,58,71],
[24,59,61],
[18,76,83],
[32,64,81],
[30,65,82],
[6,52,87],
[8,78,88],
[34,80,89],
[27,39,51],
[7,40,73],
[29,41,53],
[9,33,60],
[10,16,79],
[11,35,62],
[3,12,63],
[13,19,49],
[14,20,50],
[21,36,69],
[25,37,67],
[26,38,68],
[2,42,77],
[0,44,75],
[31,43,46]],

[[6,28,41],
[7,29,39],
[8,27,40],
[9,16,35],
[10,17,33],
[11,15,34],
[4,12,20],
[5,13,18],
[3,14,19],
[22,24,38],
[23,25,36],
[21,26,37],
[30,31,42],
[0,32,43],
[1,2,44],
[51,74,85],
[52,72,86],
[53,73,84],
[54,62,79],
[55,60,80],
[56,61,78],
[50,57,64],
[48,58,65],
[49,59,63],
[68,69,82],
[66,70,83],
[67,71,81],
[45,46,87],
[47,75,88],
[76,77,89]],

[[6,73,86],
[7,74,84],
[8,72,85],
[9,61,80],
[10,62,78],
[11,60,79],
[12,49,65],
[13,50,63],
[14,48,64],
[24,67,83],
[25,68,81],
[26,66,82],
[42,75,76],
[43,45,77],
[44,46,47],
[29,40,51],
[27,41,52],
[28,39,53],
[17,34,54],
[15,35,55],
[16,33,56],
[5,19,57],
[3,20,58],
[4,18,59],
[23,37,69],
[21,38,70],
[22,36,71],
[0,1,87],
[2,30,88],
[31,32,89]],

[[28,51,86],
[29,52,84],
[27,53,85],
[16,54,80],
[17,55,78],
[15,56,79],
[4,57,65],
[5,58,63],
[3,59,64],
[22,69,83],
[23,70,81],
[21,71,82],
[31,75,87],
[0,77,88],
[2,46,89],
[6,40,74],
[7,41,72],
[8,39,73],
[9,34,62],
[10,35,60],
[11,33,61],
[12,19,50],
[13,20,48],
[14,18,49],
[24,37,68],
[25,38,66],
[26,36,67],
[1,42,45],
[30,43,47],
[32,44,76]],

[[41,51,73],
[39,52,74],
[40,53,72],
[35,54,61],
[33,55,62],
[34,56,60],
[20,49,57],
[18,50,58],
[19,48,59],
[38,67,69],
[36,68,70],
[37,66,71],
[30,76,87],
[32,45,88],
[1,47,89],
[6,29,85],
[7,27,86],
[8,28,84],
[9,17,79],
[10,15,80],
[11,16,78],
[5,12,64],
[3,13,65],
[4,14,63],
[23,24,82],
[21,25,83],
[22,26,81],
[0,42,46],
[2,43,75],
[31,44,77]],

[[3,24,39],
[4,25,40],
[5,26,41],
[6,12,30],
[7,13,31],
[8,14,32],
[0,9,36],
[1,10,37],
[2,11,38],
[18,21,33],
[19,22,34],
[20,23,35],
[17,29,42],
[15,27,44],
[16,28,43],
[48,70,86],
[49,71,84],
[50,69,85],
[51,58,77],
[52,59,75],
[53,57,76],
[46,54,83],
[47,55,81],
[45,56,82],
[64,66,80],
[65,67,78],
[63,68,79],
[72,73,87],
[60,74,88],
[61,62,89]],

[[3,69,84],
[4,70,85],
[5,71,86],
[6,57,75],
[7,58,76],
[8,59,77],
[9,45,81],
[10,46,82],
[11,47,83],
[21,63,78],
[22,64,79],
[23,65,80],
[42,62,74],
[15,72,89],
[16,73,88],
[25,41,48],
[26,39,49],
[24,40,50],
[13,32,51],
[14,30,52],
[12,31,53],
[1,38,54],
[2,36,55],
[0,37,56],
[19,35,66],
[20,33,67],
[18,34,68],
[27,28,87],
[29,43,60],
[17,44,61]],

[[24,48,84],
[25,49,85],
[26,50,86],
[12,51,75],
[13,52,76],
[14,53,77],
[0,54,81],
[1,55,82],
[2,56,83],
[18,66,78],
[19,67,79],
[20,68,80],
[17,74,87],
[27,60,89],
[43,61,73],
[3,41,70],
[4,39,71],
[5,40,69],
[6,32,58],
[7,30,59],
[8,31,57],
[9,38,46],
[10,36,47],
[11,37,45],
[21,35,64],
[22,33,65],
[23,34,63],
[28,42,72],
[15,29,88],
[16,44,62]],

[[39,48,69],
[40,49,70],
[41,50,71],
[30,51,57],
[31,52,58],
[32,53,59],
[36,45,54],
[37,46,55],
[38,47,56],
[33,63,66],
[34,64,67],
[35,65,68],
[29,62,87],
[44,60,72],
[28,61,88],
[3,25,86],
[4,26,84],
[5,24,85],
[6,13,77],
[7,14,75],
[8,12,76],
[1,9,83],
[2,10,81],
[0,11,82],
[19,21,80],
[20,22,78],
[18,23,79],
[27,42,73],
[15,43,74],
[16,17,89]],

[[3,26,40],
[4,24,41],
[5,25,39],
[6,14,31],
[7,12,32],
[8,13,30],
[2,9,37],
[0,10,38],
[1,11,36],
[20,21,34],
[18,22,35],
[19,23,33],
[15,16,42],
[17,27,43],
[28,29,44],
[60,81,84],
[61,82,85],
[62,83,86],
[45,57,72],
[46,58,73],
[47,59,74],
[51,54,63],
[52,55,64],
[53,56,65],
[69,75,78],
[70,76,79],
[71,77,80],
[50,68,87],
[48,66,89],
[49,67,88]],

[[40,48,71],
[41,49,69],
[39,50,70],
[14,51,76],
[12,52,77],
[13,53,75],
[9,47,82],
[10,45,83],
[11,46,81],
[34,65,66],
[35,63,67],
[33,64,68],
[42,60,61],
[43,62,72],
[44,73,74],
[15,36,84],
[16,37,85],
[17,38,86],
[0,27,57],
[1,28,58],
[2,29,59],
[6,18,54],
[7,19,55],
[8,20,56],
[24,30,78],
[25,31,79],
[26,32,80],
[5,23,87],
[3,21,89],
[4,22,88]],

[[3,71,85],
[4,69,86],
[5,70,84],
[31,51,59],
[32,52,57],
[30,53,58],
[37,47,54],
[0,55,83],
[1,56,81],
[20,66,79],
[18,67,80],
[19,68,78],
[15,61,87],
[17,72,88],
[29,73,89],
[36,39,60],
[16,40,82],
[38,41,62],
[12,27,45],
[13,28,46],
[2,14,74],
[6,9,63],
[7,10,64],
[8,11,65],
[24,33,75],
[25,34,76],
[26,35,77],
[23,42,50],
[21,44,48],
[22,43,49]],

[[26,48,85],
[24,49,86],
[25,50,84],
[6,59,76],
[7,57,77],
[8,58,75],
[2,54,82],
[38,45,55],
[36,46,56],
[21,65,79],
[22,63,80],
[23,64,78],
[16,60,87],
[27,62,88],
[28,74,89],
[15,39,81],
[37,40,61],
[17,41,83],
[0,12,72],
[1,13,73],
[14,29,47],
[9,18,51],
[10,19,52],
[11,20,53],
[30,33,69],
[31,34,70],
[32,35,71],
[5,42,68],
[3,44,66],
[4,43,67]],

[[15,37,41],
[16,38,39],
[17,36,40],
[0,13,29],
[1,14,27],
[2,12,28],
[6,10,20],
[7,11,18],
[8,9,19],
[26,31,33],
[24,32,34],
[25,30,35],
[21,22,42],
[3,23,43],
[4,5,44],
[60,83,85],
[61,81,86],
[62,82,84],
[45,59,73],
[46,57,74],
[47,58,72],
[51,56,64],
[52,54,65],
[53,55,63],
[70,77,78],
[71,75,79],
[69,76,80],
[48,49,87],
[50,66,88],
[67,68,89]],

[[15,82,86],
[16,83,84],
[17,81,85],
[0,58,74],
[1,59,72],
[2,57,73],
[6,55,65],
[7,56,63],
[8,54,64],
[33,71,76],
[34,69,77],
[35,70,75],
[42,66,67],
[43,48,68],
[44,49,50],
[38,40,60],
[36,41,61],
[37,39,62],
[14,28,45],
[12,29,46],
[13,27,47],
[11,19,51],
[9,20,52],
[10,18,53],
[25,32,78],
[26,30,79],
[24,31,80],
[3,4,87],
[5,21,88],
[22,23,89]],

[[37,60,86],
[38,61,84],
[36,62,85],
[13,45,74],
[14,46,72],
[12,47,73],
[10,51,65],
[11,52,63],
[9,53,64],
[31,71,78],
[32,69,79],
[30,70,80],
[22,66,87],
[3,68,88],
[5,49,89],
[15,40,83],
[16,41,81],
[17,39,82],
[0,28,59],
[1,29,57],
[2,27,58],
[6,19,56],
[7,20,54],
[8,18,55],
[25,33,77],
[26,34,75],
[24,35,76],
[4,42,48],
[21,43,50],
[23,44,67]],

[[41,60,82],
[39,61,83],
[40,62,81],
[29,45,58],
[27,46,59],
[28,47,57],
[20,51,55],
[18,52,56],
[19,53,54],
[26,76,78],
[24,77,79],
[25,75,80],
[21,67,87],
[23,48,88],
[4,50,89],
[15,38,85],
[16,36,86],
[17,37,84],
[0,14,73],
[1,12,74],
[2,13,72],
[6,11,64],
[7,9,65],
[8,10,63],
[32,33,70],
[30,34,71],
[31,35,69],
[3,42,49],
[5,43,66],
[22,44,68]],

[[9,30,39],
[10,31,40],
[11,32,41],
[6,15,21],
[7,16,22],
[8,17,23],
[0,3,33],
[1,4,34],
[2,5,35],
[18,24,27],
[19,25,28],
[20,26,29],
[14,38,42],
[12,36,44],
[13,37,43],
[54,76,86],
[55,77,84],
[56,75,85],
[52,60,68],
[53,61,66],
[51,62,67],
[45,49,80],
[46,50,78],
[47,48,79],
[65,70,72],
[63,71,73],
[64,69,74],
[81,82,87],
[57,83,88],
[58,59,89]],

[[9,75,84],
[10,76,85],
[11,77,86],
[15,51,66],
[16,52,67],
[17,53,68],
[0,48,78],
[1,49,79],
[2,50,80],
[27,63,69],
[28,64,70],
[29,65,71],
[42,59,83],
[12,81,89],
[13,82,88],
[31,41,54],
[32,39,55],
[30,40,56],
[7,23,60],
[8,21,61],
[6,22,62],
[4,35,45],
[5,33,46],
[3,34,47],
[20,25,72],
[18,26,73],
[19,24,74],
[36,37,87],
[38,43,57],
[14,44,58]],

[[30,54,84],
[31,55,85],
[32,56,86],
[6,60,66],
[7,61,67],
[8,62,68],
[3,45,78],
[4,46,79],
[5,47,80],
[24,63,72],
[25,64,73],
[26,65,74],
[14,83,87],
[36,57,89],
[43,58,82],
[9,41,76],
[10,39,77],
[11,40,75],
[15,23,52],
[16,21,53],
[17,22,51],
[0,35,49],
[1,33,50],
[2,34,48],
[20,27,70],
[18,28,71],
[19,29,69],
[37,42,81],
[12,38,88],
[13,44,59]],

[[39,54,75],
[40,55,76],
[41,56,77],
[21,51,60],
[22,52,61],
[23,53,62],
[33,45,48],
[34,46,49],
[35,47,50],
[18,69,72],
[19,70,73],
[20,71,74],
[38,59,87],
[44,57,81],
[37,58,88],
[9,31,86],
[10,32,84],
[11,30,85],
[7,15,68],
[8,16,66],
[6,17,67],
[0,4,80],
[1,5,78],
[2,3,79],
[25,27,65],
[26,28,63],
[24,29,64],
[36,42,82],
[12,43,83],
[13,14,89]],

[[9,32,40],
[10,30,41],
[11,31,39],
[8,15,22],
[6,16,23],
[7,17,21],
[0,5,34],
[1,3,35],
[2,4,33],
[19,26,27],
[20,24,28],
[18,25,29],
[12,13,42],
[14,36,43],
[37,38,44],
[57,78,84],
[58,79,85],
[59,80,86],
[45,60,63],
[46,61,64],
[47,62,65],
[48,51,81],
[49,52,82],
[50,53,83],
[66,72,75],
[67,73,76],
[68,74,77],
[56,71,87],
[54,69,89],
[55,70,88]],

[[40,54,77],
[41,55,75],
[39,56,76],
[15,53,67],
[16,51,68],
[17,52,66],
[5,45,79],
[3,46,80],
[4,47,78],
[27,64,71],
[28,65,69],
[29,63,70],
[42,57,58],
[43,59,81],
[44,82,83],
[12,33,84],
[13,34,85],
[14,35,86],
[0,18,60],
[1,19,61],
[2,20,62],
[6,36,48],
[7,37,49],
[8,38,50],
[21,30,72],
[22,31,73],
[23,32,74],
[11,26,87],
[9,24,89],
[10,25,88]],

[[9,77,85],
[30,55,86],
[11,76,84],
[22,53,60],
[23,51,61],
[7,62,66],
[0,50,79],
[35,46,48],
[33,47,49],
[19,71,72],
[20,69,73],
[25,63,74],
[13,57,87],
[36,59,88],
[38,82,89],
[12,39,78],
[34,40,58],
[14,41,80],
[15,18,45],
[1,16,64],
[2,17,65],
[3,6,81],
[4,37,52],
[5,8,83],
[21,27,75],
[28,31,67],
[29,32,68],
[26,42,56],
[24,44,54],
[10,43,70]],

[[32,54,85],
[10,75,86],
[31,56,84],
[8,60,67],
[6,61,68],
[21,52,62],
[34,45,50],
[1,48,80],
[2,49,78],
[26,64,72],
[24,65,73],
[18,70,74],
[12,58,87],
[14,81,88],
[37,83,89],
[33,39,57],
[13,40,79],
[35,41,59],
[0,15,63],
[16,19,46],
[17,20,47],
[3,36,51],
[4,7,82],
[5,38,53],
[27,30,66],
[22,28,76],
[23,29,77],
[11,42,71],
[9,44,69],
[25,43,55]],

[[12,34,41],
[13,35,39],
[14,33,40],
[1,15,20],
[2,16,18],
[0,17,19],
[3,7,38],
[4,8,36],
[5,6,37],
[23,28,30],
[21,29,31],
[22,27,32],
[24,25,42],
[9,26,43],
[10,11,44],
[57,80,85],
[58,78,86],
[59,79,84],
[47,60,64],
[45,61,65],
[46,62,63],
[48,53,82],
[49,51,83],
[50,52,81],
[67,74,75],
[68,72,76],
[66,73,77],
[54,55,87],
[56,69,88],
[70,71,89]],

[[12,79,86],
[13,80,84],
[14,78,85],
[15,46,65],
[16,47,63],
[17,45,64],
[3,52,83],
[4,53,81],
[5,51,82],
[30,68,73],
[31,66,74],
[32,67,72],
[42,69,70],
[43,54,71],
[44,55,56],
[35,40,57],
[33,41,58],
[34,39,59],
[2,19,60],
[0,20,61],
[1,18,62],
[8,37,48],
[6,38,49],
[7,36,50],
[22,29,75],
[23,27,76],
[21,28,77],
[9,10,87],
[11,24,88],
[25,26,89]],

[[34,57,86],
[35,58,84],
[33,59,85],
[1,60,65],
[2,61,63],
[0,62,64],
[7,48,83],
[8,49,81],
[6,50,82],
[28,68,75],
[29,66,76],
[27,67,77],
[25,69,87],
[9,71,88],
[11,55,89],
[12,40,80],
[13,41,78],
[14,39,79],
[15,19,47],
[16,20,45],
[17,18,46],
[3,37,53],
[4,38,51],
[5,36,52],
[22,30,74],
[23,31,72],
[21,32,73],
[10,42,54],
[24,43,56],
[26,44,70]],

[[41,57,79],
[39,58,80],
[40,59,78],
[20,46,60],
[18,47,61],
[19,45,62],
[38,48,52],
[36,49,53],
[37,50,51],
[23,73,75],
[21,74,76],
[22,72,77],
[24,70,87],
[26,54,88],
[10,56,89],
[12,35,85],
[13,33,86],
[14,34,84],
[2,15,64],
[0,16,65],
[1,17,63],
[3,8,82],
[4,6,83],
[5,7,81],
[29,30,67],
[27,31,68],
[28,32,66],
[9,42,55],
[11,43,69],
[25,44,71]]

]
