[[[0, 39, 51, 67, 81],
[1, 28, 44, 70],
[2, 36, 40, 62],
[3, 25, 45, 60, 83],
[4, 33, 57, 69],
[5, 22, 50, 78],
[6, 30, 55, 76, 84],
[7, 38, 53, 63],
[8, 27, 49, 74],
[9, 35, 46, 73, 85],
[10, 26, 58, 79],
[11, 32, 42, 66],
[12, 21, 47, 64, 82],
[13, 24, 59, 72],
[14, 37, 54, 77, 80],
[15, 29, 48, 68],
[16, 34, 52, 65],
[17, 23, 56, 75],
[18, 31, 43, 61, 86],
[19, 20, 41, 71, 87]],

[[0, 32, 44, 62, 87],
[1, 39, 52, 68, 82],
[2, 29, 45, 71],
[3, 37, 41, 63],
[4, 26, 46, 61, 84],
[5, 34, 58, 70],
[6, 23, 51, 60],
[7, 31, 56, 77, 85],
[8, 20, 54, 64],
[9, 28, 50, 75],
[10, 36, 47, 74, 86],
[11, 27, 40, 79, 80],
[12, 33, 43, 67],
[13, 22, 48, 65, 83],
[14, 25, 59, 73],
[15, 38, 55, 78, 81],
[16, 30, 49, 69],
[17, 35, 53, 66],
[18, 24, 57, 76],
[19, 21, 42, 72]],

[[0, 25, 58, 77],
[1, 33, 45, 63],
[2, 39, 53, 69, 83],
[3, 30, 46, 72],
[4, 38, 42, 64],
[5, 27, 47, 62, 85],
[6, 35, 40, 71],
[7, 24, 52, 61, 80],
[8, 32, 57, 78, 86],
[9, 21, 55, 65],
[10, 29, 51, 76],
[11, 37, 48, 75, 87],
[12, 28, 41, 79, 81],
[13, 34, 44, 68],
[14, 23, 49, 66, 84],
[15, 26, 59, 74],
[16, 20, 56, 60, 82],
[17, 31, 50, 70],
[18, 36, 54, 67],
[19, 22, 43, 73]],

[[0, 37, 55, 68],
[1, 26, 40, 78],
[2, 34, 46, 64],
[3, 39, 54, 70, 84],
[4, 31, 47, 73],
[5, 20, 43, 65, 80],
[6, 28, 48, 63, 86],
[7, 36, 41, 72],
[8, 25, 53, 62, 81],
[9, 33, 58, 60, 87],
[10, 22, 56, 66],
[11, 30, 52, 77],
[12, 38, 49, 76],
[13, 29, 42, 79, 82],
[14, 35, 45, 69],
[15, 24, 50, 67, 85],
[16, 27, 59, 75],
[17, 21, 57, 61, 83],
[18, 32, 51, 71],
[19, 23, 44, 74]],

[[0, 33, 52, 72],
[1, 38, 56, 69],
[2, 27, 41, 60],
[3, 35, 47, 65],
[4, 39, 55, 71, 85],
[5, 32, 48, 74],
[6, 21, 44, 66, 81],
[7, 29, 49, 64, 87],
[8, 37, 42, 73],
[9, 26, 54, 63, 82],
[10, 34, 40, 61],
[11, 23, 57, 67],
[12, 31, 53, 78],
[13, 20, 50, 77],
[14, 30, 43, 79, 83],
[15, 36, 46, 70, 80],
[16, 25, 51, 68, 86],
[17, 28, 59, 76],
[18, 22, 58, 62, 84],
[19, 24, 45, 75]],

[[0, 23, 40, 63, 85],
[1, 34, 53, 73],
[2, 20, 57, 70],
[3, 28, 42, 61],
[4, 36, 48, 66],
[5, 39, 56, 72, 86],
[6, 33, 49, 75, 80],
[7, 22, 45, 67, 82],
[8, 30, 50, 65],
[9, 38, 43, 74],
[10, 27, 55, 64, 83],
[11, 35, 41, 62],
[12, 24, 58, 68],
[13, 32, 54, 60],
[14, 21, 51, 78],
[15, 31, 44, 79, 84],
[16, 37, 47, 71, 81],
[17, 26, 52, 69, 87],
[18, 29, 59, 77],
[19, 25, 46, 76]],

[[0, 30, 59, 78],
[1, 24, 41, 64, 86],
[2, 35, 54, 74],
[3, 21, 58, 71, 80],
[4, 29, 43, 62],
[5, 37, 49, 67],
[6, 39, 57, 73, 87],
[7, 34, 50, 76, 81],
[8, 23, 46, 68, 83],
[9, 31, 51, 66],
[10, 20, 44, 75],
[11, 28, 56, 65, 84],
[12, 36, 42, 63],
[13, 25, 40, 69],
[14, 33, 55, 61],
[15, 22, 52, 60],
[16, 32, 45, 79, 85],
[17, 38, 48, 72, 82],
[18, 27, 53, 70],
[19, 26, 47, 77]],

[[0, 28, 54, 71],
[1, 31, 59, 60, 80],
[2, 25, 42, 65, 87],
[3, 36, 55, 75],
[4, 22, 40, 72, 81],
[5, 30, 44, 63],
[6, 38, 50, 68],
[7, 39, 58, 74],
[8, 35, 51, 77, 82],
[9, 24, 47, 69, 84],
[10, 32, 52, 67],
[11, 21, 45, 76],
[12, 29, 57, 66, 85],
[13, 37, 43, 64],
[14, 26, 41, 70],
[15, 34, 56, 62],
[16, 23, 53, 61],
[17, 33, 46, 79, 86],
[18, 20, 49, 73, 83],
[19, 27, 48, 78]],

[[0, 21, 50, 74, 84],
[1, 29, 55, 72],
[2, 32, 59, 61, 81],
[3, 26, 43, 66],
[4, 37, 56, 76],
[5, 23, 41, 73, 82],
[6, 31, 45, 64],
[7, 20, 51, 69],
[8, 39, 40, 75],
[9, 36, 52, 78, 83],
[10, 25, 48, 70, 85],
[11, 33, 53, 68],
[12, 22, 46, 77],
[13, 30, 58, 67, 86],
[14, 38, 44, 65],
[15, 27, 42, 71],
[16, 35, 57, 63, 80],
[17, 24, 54, 62],
[18, 34, 47, 79, 87],
[19, 28, 49, 60]],

[[0, 35, 48, 79],
[1, 22, 51, 75, 85],
[2, 30, 56, 73],
[3, 33, 59, 62, 82],
[4, 27, 44, 67],
[5, 38, 57, 77],
[6, 24, 42, 74, 83],
[7, 32, 46, 65],
[8, 21, 52, 70],
[9, 39, 41, 76],
[10, 37, 53, 60, 84],
[11, 26, 49, 71, 86],
[12, 34, 54, 69],
[13, 23, 47, 78, 80],
[14, 31, 40, 68, 87],
[15, 20, 45, 66],
[16, 28, 43, 72],
[17, 36, 58, 64, 81],
[18, 25, 55, 63],
[19, 29, 50, 61]],

[[0, 26, 56, 64],
[1, 36, 49, 79],
[2, 23, 52, 76, 86],
[3, 31, 57, 74],
[4, 34, 59, 63, 83],
[5, 28, 45, 68],
[6, 20, 58, 78],
[7, 25, 43, 75, 84],
[8, 33, 47, 66],
[9, 22, 53, 71],
[10, 39, 42, 77],
[11, 38, 54, 61, 85],
[12, 27, 50, 72, 87],
[13, 35, 55, 70],
[14, 24, 48, 60, 81],
[15, 32, 41, 69],
[16, 21, 46, 67],
[17, 29, 44, 73, 80],
[18, 37, 40, 65, 82],
[19, 30, 51, 62]],

[[0, 38, 41, 66, 83],
[1, 27, 57, 65],
[2, 37, 50, 79],
[3, 24, 53, 77, 87],
[4, 32, 58, 75],
[5, 35, 59, 64, 84],
[6, 29, 46, 69],
[7, 21, 40, 60],
[8, 26, 44, 76, 85],
[9, 34, 48, 67, 80],
[10, 23, 54, 72],
[11, 39, 43, 78],
[12, 20, 55, 62, 86],
[13, 28, 51, 73],
[14, 36, 56, 71],
[15, 25, 49, 61, 82],
[16, 33, 42, 70],
[17, 22, 47, 68],
[18, 30, 45, 74, 81],
[19, 31, 52, 63]],

[[0, 31, 46, 75, 82],
[1, 20, 42, 67, 84],
[2, 28, 58, 66],
[3, 38, 51, 79],
[4, 25, 54, 78],
[5, 33, 40, 76],
[6, 36, 59, 65, 85],
[7, 30, 47, 70],
[8, 22, 41, 61],
[9, 27, 45, 77, 86],
[10, 35, 49, 68, 81],
[11, 24, 55, 73],
[12, 39, 44, 60],
[13, 21, 56, 63, 87],
[14, 29, 52, 74],
[15, 37, 57, 72],
[16, 26, 50, 62, 83],
[17, 34, 43, 71],
[18, 23, 48, 69],
[19, 32, 53, 64, 80]],

[[0, 24, 49, 70],
[1, 32, 47, 76, 83],
[2, 21, 43, 68, 85],
[3, 29, 40, 67],
[4, 20, 52, 79],
[5, 26, 55, 60],
[6, 34, 41, 77],
[7, 37, 59, 66, 86],
[8, 31, 48, 71],
[9, 23, 42, 62],
[10, 28, 46, 78, 87],
[11, 36, 50, 69, 82],
[12, 25, 56, 74, 80],
[13, 39, 45, 61],
[14, 22, 57, 64],
[15, 30, 53, 75],
[16, 38, 58, 73],
[17, 27, 51, 63, 84],
[18, 35, 44, 72],
[19, 33, 54, 65, 81]],

[[0, 36, 45, 73],
[1, 25, 50, 71],
[2, 33, 48, 77, 84],
[3, 22, 44, 69, 86],
[4, 30, 41, 68, 80],
[5, 21, 53, 79],
[6, 27, 56, 61],
[7, 35, 42, 78],
[8, 38, 59, 67, 87],
[9, 32, 49, 72],
[10, 24, 43, 63],
[11, 29, 47, 60],
[12, 37, 51, 70, 83],
[13, 26, 57, 75, 81],
[14, 39, 46, 62],
[15, 23, 58, 65],
[16, 31, 54, 76],
[17, 20, 40, 74],
[18, 28, 52, 64, 85],
[19, 34, 55, 66, 82]],

[[0, 29, 53, 65, 86],
[1, 37, 46, 74],
[2, 26, 51, 72, 80],
[3, 34, 49, 78, 85],
[4, 23, 45, 70, 87],
[5, 31, 42, 69, 81],
[6, 22, 54, 79],
[7, 28, 57, 62],
[8, 36, 43, 60],
[9, 20, 59, 68],
[10, 33, 50, 73],
[11, 25, 44, 64],
[12, 30, 48, 61],
[13, 38, 52, 71, 84],
[14, 27, 58, 76, 82],
[15, 39, 47, 63],
[16, 24, 40, 66],
[17, 32, 55, 77],
[18, 21, 41, 75],
[19, 35, 56, 67, 83]],

[[0, 22, 42, 76, 80],
[1, 30, 54, 66, 87],
[2, 38, 47, 75],
[3, 27, 52, 73, 81],
[4, 35, 50, 60, 86],
[5, 24, 46, 71],
[6, 32, 43, 70, 82],
[7, 23, 55, 79],
[8, 29, 58, 63],
[9, 37, 44, 61],
[10, 21, 59, 69],
[11, 34, 51, 74],
[12, 26, 45, 65],
[13, 31, 49, 62],
[14, 20, 53, 72, 85],
[15, 28, 40, 77, 83],
[16, 39, 48, 64],
[17, 25, 41, 67],
[18, 33, 56, 78],
[19, 36, 57, 68, 84]],

[[0, 34, 57, 60],
[1, 23, 43, 77, 81],
[2, 31, 55, 67],
[3, 20, 48, 76],
[4, 28, 53, 74, 82],
[5, 36, 51, 61, 87],
[6, 25, 47, 72],
[7, 33, 44, 71, 83],
[8, 24, 56, 79],
[9, 30, 40, 64],
[10, 38, 45, 62, 80],
[11, 22, 59, 70],
[12, 35, 52, 75],
[13, 27, 46, 66],
[14, 32, 50, 63],
[15, 21, 54, 73, 86],
[16, 29, 41, 78, 84],
[17, 39, 49, 65],
[18, 26, 42, 68],
[19, 37, 58, 69, 85]],

[[0, 27, 43, 69],
[1, 35, 58, 61],
[2, 24, 44, 78, 82],
[3, 32, 56, 68],
[4, 21, 49, 77],
[5, 29, 54, 75, 83],
[6, 37, 52, 62],
[7, 26, 48, 73],
[8, 34, 45, 72, 84],
[9, 25, 57, 79],
[10, 31, 41, 65],
[11, 20, 46, 63, 81],
[12, 23, 59, 71],
[13, 36, 53, 76],
[14, 28, 47, 67],
[15, 33, 51, 64],
[16, 22, 55, 74, 87],
[17, 30, 42, 60, 85],
[18, 39, 50, 66, 80],
[19, 38, 40, 70, 86]],

[[0, 20, 47, 61],
[1, 21, 48, 62],
[2, 22, 49, 63],
[3, 23, 50, 64],
[4, 24, 51, 65],
[5, 25, 52, 66],
[6, 26, 53, 67],
[7, 27, 54, 68],
[8, 28, 55, 69, 80],
[9, 29, 56, 70, 81],
[10, 30, 57, 71, 82],
[11, 31, 58, 72, 83],
[12, 32, 40, 73, 84],
[13, 33, 41, 74, 85],
[14, 34, 42, 75, 86],
[15, 35, 43, 76, 87],
[16, 36, 44, 77],
[17, 37, 45, 78],
[18, 38, 46, 60],
[19, 39, 59, 79]]]