[[[0,14,28,42,56,70],
[2,16,30,44,58,72],
[4,18,32,46,60,74],
[6,20,34,48,62,76],
[8,22,36,50,64,78],
[10,24,38,52,66,80],
[12,26,40,54,68,82],
[1,21,31,55,59,77],
[3,23,33,43,61,79],
[5,25,35,45,63,81],
[7,27,37,47,65,83],
[9,15,39,49,67,71],
[11,17,41,51,69,73],
[13,19,29,53,57,75]],

[[0,15,29,43,60,80],
[2,17,31,45,62,82],
[4,19,33,47,64,70],
[6,21,35,49,66,72],
[8,23,37,51,68,74],
[10,25,39,53,56,76],
[12,27,41,55,58,78],
[1,18,28,52,63,71],
[3,20,30,54,65,73],
[5,22,32,42,67,75],
[7,24,34,44,69,77],
[9,26,36,46,57,79],
[11,14,38,48,59,81],
[13,16,40,50,61,83]],

[[0,16,31,48,57,78],
[2,18,33,50,59,80],
[4,20,35,52,61,82],
[6,22,37,54,63,70],
[8,24,39,42,65,72],
[10,26,41,44,67,74],
[12,14,29,46,69,76],
[1,23,40,49,56,73],
[3,25,28,51,58,75],
[5,27,30,53,60,77],
[7,15,32,55,62,79],
[9,17,34,43,64,81],
[11,19,36,45,66,83],
[13,21,38,47,68,71]],

[[0,18,35,53,69,83],
[2,20,37,55,57,71],
[4,22,39,43,59,73],
[6,24,41,45,61,75],
[8,26,29,47,63,77],
[10,14,31,49,65,79],
[12,16,33,51,67,81],
[1,19,34,46,68,80],
[3,21,36,48,56,82],
[5,23,38,50,58,70],
[7,25,40,52,60,72],
[9,27,28,54,62,74],
[11,15,30,42,64,76],
[13,17,32,44,66,78]],

[[0,19,38,44,65,82],
[2,21,40,46,67,70],
[4,23,28,48,69,72],
[6,25,30,50,57,74],
[8,27,32,52,59,76],
[10,15,34,54,61,78],
[12,17,36,42,63,80],
[1,22,29,45,58,79],
[3,24,31,47,60,81],
[5,26,33,49,62,83],
[7,14,35,51,64,71],
[9,16,37,53,66,73],
[11,18,39,55,68,75],
[13,20,41,43,56,77]],

[[0,21,32,54,58,81],
[2,23,34,42,60,83],
[4,25,36,44,62,71],
[6,27,38,46,64,73],
[8,15,40,48,66,75],
[10,17,28,50,68,77],
[12,19,30,52,56,79],
[1,26,35,43,65,78],
[3,14,37,45,67,80],
[5,16,39,47,69,82],
[7,18,41,49,57,70],
[9,20,29,51,59,72],
[11,22,31,53,61,74],
[13,24,33,55,63,76]],

[[0,22,40,51,62,77],
[2,24,28,53,64,79],
[4,26,30,55,66,81],
[6,14,32,43,68,83],
[8,16,34,45,56,71],
[10,18,36,47,58,73],
[12,20,38,49,60,75],
[1,27,39,44,61,70],
[3,15,41,46,63,72],
[5,17,29,48,65,74],
[7,19,31,50,67,76],
[9,21,33,52,69,78],
[11,23,35,54,57,80],
[13,25,37,42,59,82]],

[[0,24,36,49,59,74],
[2,26,38,51,61,76],
[4,14,40,53,63,78],
[6,16,28,55,65,80],
[8,18,30,43,67,82],
[10,20,32,45,69,70],
[12,22,34,47,57,72],
[1,25,41,48,64,83],
[3,27,29,50,66,71],
[5,15,31,52,68,73],
[7,17,33,54,56,75],
[9,19,35,42,58,77],
[11,21,37,44,60,79],
[13,23,39,46,62,81]],

[[0,25,34,55,67,73],
[2,27,36,43,69,75],
[4,15,38,45,57,77],
[6,17,40,47,59,79],
[8,19,28,49,61,81],
[10,21,30,51,63,83],
[12,23,32,53,65,71],
[1,20,33,42,66,74],
[3,22,35,44,68,76],
[5,24,37,46,56,78],
[7,26,39,48,58,80],
[9,14,41,50,60,82],
[11,16,29,52,62,70],
[13,18,31,54,64,72]],

[[0,26,37,52,64,75],
[2,14,39,54,66,77],
[4,16,41,42,68,79],
[6,18,29,44,56,81],
[8,20,31,46,58,83],
[10,22,33,48,60,71],
[12,24,35,50,62,73],
[1,17,38,53,67,72],
[3,19,40,55,69,74],
[5,21,28,43,57,76],
[7,23,30,45,59,78],
[9,25,32,47,61,80],
[11,27,34,49,63,82],
[13,15,36,51,65,70]]

]