[[[0, 1, 2, 3, 4],
[5, 21, 36, 51, 66],
[6, 25, 39, 55, 70],
[8, 29, 43, 73],
[7, 33, 47, 62, 77],
[9, 22, 40, 59, 78],
[10, 26, 37, 63, 74],
[12, 30, 48, 52, 71],
[11, 44, 56, 67],
[13, 24, 46, 65, 72],
[14, 28, 50, 61, 69],
[16, 32, 58, 80],
[15, 35, 42, 54, 76],
[17, 23, 49, 57, 75],
[18, 27, 45, 53, 79],
[20, 31, 41, 64, 68],
[19, 34, 38, 60]],

[[0, 5, 6, 7, 8],
[1, 24, 28, 32, 35],
[2, 42, 46, 50],
[4, 54, 58, 61, 65],
[3, 69, 72, 76, 80],
[9, 21, 39, 77],
[10, 25, 36, 62, 73],
[12, 29, 47, 51, 70],
[11, 33, 43, 55, 66],
[13, 23, 45, 64],
[14, 27, 49, 60, 68],
[16, 31, 38, 57, 79],
[15, 34, 41, 53, 75],
[17, 22, 48, 56, 74],
[18, 26, 44, 52, 78],
[20, 30, 40, 63, 67],
[19, 37, 59, 71]],

[[0, 9, 10, 11, 12],
[1, 23, 27, 31, 34],
[2, 38, 41, 45, 49],
[4, 53, 57, 60, 64],
[3, 68, 75, 79],
[5, 24, 54, 69],
[6, 28, 42, 58, 72],
[8, 32, 46, 61, 76],
[7, 35, 50, 65, 80],
[13, 22, 44, 63, 71],
[14, 26, 48, 59, 67],
[16, 30, 37, 56, 78],
[15, 40, 52, 74],
[17, 21, 47, 55, 73],
[18, 25, 43, 51, 77],
[20, 29, 39, 62, 66],
[19, 33, 36, 70]],

[[0, 13, 14, 15, 16],
[1, 21, 25, 29, 33],
[2, 36, 39, 43, 47],
[4, 51, 55, 62],
[3, 66, 70, 73, 77],
[5, 22, 37, 52, 67],
[6, 26, 40, 56, 71],
[8, 30, 44, 59, 74],
[7, 48, 63, 78],
[9, 23, 41, 60, 79],
[10, 27, 38, 64, 75],
[12, 31, 49, 53],
[11, 34, 45, 57, 68],
[17, 24, 50, 58, 76],
[18, 28, 46, 54, 80],
[20, 32, 42, 65, 69],
[19, 35, 61, 72]],

[[0, 17, 18, 19, 20],
[1, 22, 26, 30],
[2, 37, 40, 44, 48],
[4, 52, 56, 59, 63],
[3, 67, 71, 74, 78],
[5, 23, 38, 53, 68],
[6, 27, 41, 57],
[8, 31, 45, 60, 75],
[7, 34, 49, 64, 79],
[9, 24, 42, 61, 80],
[10, 28, 65, 76],
[12, 32, 50, 54, 72],
[11, 35, 46, 58, 69],
[13, 21, 43, 62, 70],
[14, 25, 47, 66],
[16, 29, 36, 55, 77],
[15, 33, 39, 51, 73]],

[[0, 21, 22, 23, 24],
[4, 8, 12, 16, 20],
[1, 41, 43, 48],
[3, 54, 56, 60, 62],
[2, 69, 70, 74, 79],
[5, 25, 42, 57, 71],
[7, 29, 44, 61, 75],
[6, 33, 49, 63, 80],
[9, 26, 36, 64, 76],
[11, 30, 50, 51],
[10, 45, 58, 66],
[13, 28, 47, 59, 68],
[15, 32, 38, 55, 78],
[14, 35, 40, 53, 73],
[17, 27, 46, 52, 77],
[19, 31, 39, 65, 67],
[18, 34, 37, 72]],

[[0, 25, 26, 27, 28],
[4, 7, 11, 15, 19],
[1, 38, 42, 44, 47],
[3, 52, 58, 64],
[2, 66, 72, 75, 78],
[8, 21, 53, 67],
[6, 29, 45, 59, 76],
[5, 33, 48, 65, 79],
[12, 22, 39, 60, 80],
[10, 30, 49, 54, 70],
[9, 46, 55, 68],
[16, 24, 43, 63],
[14, 32, 37, 57, 77],
[13, 35, 41, 51, 74],
[20, 23, 50, 56, 73],
[18, 31, 40, 62, 69],
[17, 34, 36, 61, 71]],

[[0, 29, 30, 31, 32],
[4, 5, 9, 13, 17],
[1, 36, 40, 46, 49],
[3, 53, 55, 61, 63],
[2, 67, 76, 77],
[6, 21, 37, 54, 68],
[7, 25, 41, 56, 72],
[8, 33, 50, 64, 78],
[10, 22, 42, 79],
[11, 26, 38, 65, 73],
[12, 43, 57, 69],
[14, 24, 45, 62, 71],
[15, 28, 48, 60, 66],
[16, 35, 39, 52, 75],
[18, 23, 47, 58, 74],
[19, 27, 44, 51, 80],
[20, 34, 59, 70]],

[[0, 33, 34, 35],
[4, 6, 10, 14, 18],
[1, 37, 39, 45, 50],
[3, 51, 57, 59, 65],
[2, 68, 71, 73, 80],
[7, 21, 38, 52, 69],
[8, 25, 40, 58],
[5, 29, 46, 60, 74],
[11, 22, 41, 61, 77],
[12, 26, 62, 75],
[9, 30, 47, 53, 72],
[15, 24, 44, 64, 70],
[16, 28, 49, 67],
[13, 32, 36, 56, 79],
[19, 23, 48, 55, 76],
[20, 27, 43, 54, 78],
[17, 31, 42, 63, 66]],

[[0, 36, 37, 38],
[3, 8, 11, 13, 18],
[4, 24, 27, 29],
[2, 54, 55, 59, 64],
[1, 69, 71, 75, 77],
[5, 28, 39, 56],
[7, 30, 43, 60, 76],
[6, 34, 47, 65, 78],
[12, 21, 40, 61, 79],
[10, 31, 48, 51, 72],
[9, 35, 44, 57, 66],
[14, 23, 46, 63, 70],
[15, 26, 50, 68],
[16, 33, 42, 53, 74],
[19, 22, 49, 58, 73],
[20, 25, 45, 52, 80],
[17, 32, 41, 62, 67]],

[[0, 39, 40, 41, 42],
[3, 7, 12, 14, 17],
[4, 23, 28, 30, 33],
[2, 51, 58, 60, 63],
[1, 67, 72, 73, 79],
[8, 24, 36, 52, 68],
[6, 31, 43, 61, 74],
[5, 47, 64, 80],
[9, 25, 37, 65, 75],
[11, 32, 48, 53, 70],
[10, 34, 44, 55, 69],
[15, 22, 46, 62],
[16, 27, 50, 59, 66],
[13, 29, 57, 78],
[18, 21, 49, 56, 76],
[19, 26, 45, 54, 77],
[20, 35, 38, 71]],

[[0, 43, 44, 45, 46],
[3, 5, 10, 16, 19],
[4, 21, 26, 32, 34],
[2, 52, 57, 61, 62],
[1, 68, 70, 76, 78],
[6, 22, 36, 53, 69],
[7, 27, 39, 58, 71],
[8, 35, 47, 63, 79],
[11, 23, 40, 80],
[12, 28, 37, 64, 73],
[9, 29, 48, 54],
[13, 25, 50, 60, 67],
[15, 31, 56, 77],
[14, 42, 51, 75],
[20, 24, 49, 55, 74],
[18, 30, 41, 65, 66],
[17, 33, 38, 59, 72]],

[[0, 47, 48, 49, 50],
[3, 6, 9, 15, 20],
[4, 22, 25, 31, 35],
[2, 53, 56, 65],
[1, 66, 74, 80],
[7, 23, 36, 54, 67],
[8, 26, 39, 57, 72],
[5, 32, 43, 59, 75],
[10, 24, 40, 60, 77],
[11, 27, 37, 62, 76],
[12, 33, 44, 58, 68],
[16, 21, 46, 64, 71],
[14, 30, 55, 79],
[13, 34, 42, 52, 73],
[17, 28, 45, 51, 78],
[19, 29, 41, 63, 69],
[18, 38, 61, 70]],

[[0, 51, 52, 53, 54],
[1, 8, 9, 14, 19],
[2, 24, 26, 31, 33],
[3, 39, 44, 49],
[4, 69, 73, 78],
[5, 27, 40, 55, 72],
[7, 32, 45, 74],
[6, 50, 62, 79],
[10, 21, 41, 59, 80],
[11, 28, 36, 63, 75],
[12, 34, 46, 56, 66],
[15, 23, 43, 65, 71],
[16, 25, 48, 61, 68],
[13, 30, 38, 58, 77],
[20, 22, 47, 57, 76],
[18, 29, 42, 64, 67],
[17, 35, 37, 60, 70]],

[[0, 55, 56, 57, 58],
[1, 7, 10, 13, 20],
[2, 22, 28, 29, 34],
[3, 36, 42, 45, 48],
[4, 68, 72, 74, 77],
[8, 23, 37, 51, 69],
[6, 30, 46, 75],
[5, 35, 49, 62, 78],
[11, 24, 39, 59, 79],
[12, 25, 38, 63, 76],
[9, 31, 50, 52, 70],
[14, 21, 44, 65],
[15, 27, 47, 61, 67],
[16, 41, 54, 73],
[17, 26, 43, 53, 80],
[19, 32, 40, 64, 66],
[18, 33, 60, 71]],

[[0, 59, 60, 61],
[1, 5, 12, 15, 18],
[2, 23, 25, 32],
[3, 37, 41, 46, 47],
[4, 66, 71, 76, 79],
[6, 24, 38, 51, 67],
[7, 26, 42, 55],
[8, 34, 48, 62, 80],
[9, 27, 63, 73],
[11, 29, 49, 52, 72],
[10, 35, 43, 56, 68],
[16, 22, 45, 65, 70],
[14, 31, 36, 58, 78],
[13, 33, 40, 54, 75],
[19, 21, 50, 57, 74],
[20, 28, 44, 53, 77],
[17, 30, 39, 64, 69]],

[[0, 62, 63, 64, 65],
[1, 6, 11, 16, 17],
[2, 21, 27, 30, 35],
[3, 38, 40, 43, 50],
[4, 67, 70, 75, 80],
[7, 22, 51, 68],
[8, 28, 41, 55, 71],
[5, 31, 44, 76],
[12, 23, 42, 59, 77],
[10, 32, 47, 52],
[9, 33, 45, 56, 69],
[13, 26, 49, 61, 66],
[15, 29, 37, 58, 79],
[14, 34, 39, 54, 74],
[18, 24, 48, 57, 73],
[19, 25, 46, 53, 78],
[20, 36, 60, 72]],

[[0, 66, 67, 68, 69],
[2, 8, 10, 15, 17],
[3, 24, 25, 30, 34],
[4, 40, 45, 47],
[1, 54, 57, 63],
[5, 26, 41, 58, 70],
[7, 31, 46, 59, 73],
[6, 35, 48, 64, 77],
[11, 21, 42, 60, 78],
[12, 27, 36, 65, 74],
[9, 32, 49, 51, 71],
[16, 23, 44, 62, 72],
[14, 29, 38, 56, 80],
[13, 39, 53, 76],
[18, 22, 50, 55, 75],
[19, 28, 43, 52, 79],
[20, 33, 37, 61]],

[[0, 70, 71, 72],
[2, 7, 9, 16, 18],
[3, 21, 28, 31],
[4, 37, 42, 43, 49],
[1, 53, 58, 59, 62],
[8, 22, 38, 54, 66],
[6, 32, 44, 60, 73],
[5, 34, 50, 63, 77],
[10, 23, 39, 61, 78],
[11, 25, 64, 74],
[12, 35, 45, 55, 67],
[13, 27, 48, 69],
[15, 30, 36, 57, 80],
[14, 33, 41, 52, 76],
[19, 24, 47, 56, 75],
[20, 26, 46, 51, 79],
[17, 29, 40, 65, 68]],

[[0, 73, 74, 75, 76],
[2, 5, 11, 14, 20],
[3, 22, 27, 32, 33],
[4, 38, 39, 46, 48],
[1, 51, 56, 61, 64],
[6, 23, 52, 66],
[7, 28, 40, 57, 70],
[8, 49, 65, 77],
[12, 24, 41, 78],
[10, 29, 50, 53, 71],
[9, 34, 43, 58, 67],
[15, 21, 45, 63, 72],
[16, 26, 47, 60, 69],
[13, 31, 37, 55, 80],
[17, 25, 44, 54, 79],
[19, 30, 42, 62, 68],
[18, 35, 36, 59]]]