[[[0,1,2,3,4,5],
[6,7,8,9,10,11],
[12,13,14,15,16,17],
[18,19,20,21,22,23],
[24,25,26,27,28,29],
[30,31,32,33,34],
[35,36,37,38,39],
[40,41,42,43,44],
[45,46,47,48,49],
[50,51,52,53,54,55],
[56,57,58,59,60,61],
[62,63,64,65,66,67],
[68,69,70,71,72,73],
[74,75,76,77,78,79],
[80,81,82,83,84,85]],

[[0,7,14,21,28,34],
[6,13,20,27,33,39],
[12,19,26,32,38,44],
[18,25,31,37,43,49],
[24,30,36,42,48,55],
[35,41,47,54,61],
[40,46,53,60,67],
[45,52,59,66,73],
[51,58,65,72,79],
[50,57,64,71,78,85],
[5,56,63,70,77,84],
[4,11,62,69,76,83],
[3,10,17,68,75,82],
[2,9,16,23,74,81],
[1,8,15,22,29,80]],

[[0,8,13,23,32,43],
[6,14,19,29,37,48],
[12,20,25,34,42,54],
[18,26,30,39,47,60],
[24,31,35,44,53,66],
[36,40,49,59,72],
[41,45,55,65,78],
[46,51,61,71,84],
[4,52,57,67,77],
[10,50,58,63,73,83],
[3,16,56,64,69,79],
[9,22,62,70,75,85],
[5,15,28,68,76,81],
[1,11,21,33,74,82],
[2,7,17,27,38,80]],

[[0,9,17,19,31,54],
[6,15,23,25,36,60],
[12,21,29,30,41,66],
[18,27,34,35,46,72],
[24,32,39,40,52,78],
[37,44,45,58,84],
[4,42,49,51,64],
[10,47,55,57,70],
[16,53,61,63,76],
[22,50,59,67,69,82],
[2,28,56,65,73,75],
[8,33,62,71,79,81],
[1,14,38,68,77,85],
[5,7,20,43,74,83],
[3,11,13,26,48,80]],

[[0,10,15,20,30,44],
[6,16,21,26,35,49],
[12,22,27,31,40,55],
[18,28,32,36,45,61],
[24,33,37,41,51,67],
[38,42,46,57,73],
[43,47,52,63,79],
[48,53,58,69,85],
[5,54,59,64,75],
[11,50,60,65,70,81],
[1,17,56,66,71,76],
[7,23,62,72,77,82],
[2,13,29,68,78,83],
[3,8,19,34,74,84],
[4,9,14,25,39,80]],

[[0,11,16,25,41,59],
[6,17,22,30,46,65],
[12,23,28,35,52,71],
[18,29,33,40,58,77],
[24,34,38,45,64,83],
[3,39,43,51,70],
[9,44,48,57,76],
[15,49,54,63,82],
[2,21,55,60,69],
[8,27,50,61,66,75],
[14,32,56,67,72,81],
[1,20,37,62,73,78],
[7,26,42,68,79,84],
[4,13,31,47,74,85],
[5,10,19,36,53,80]],

[[0,22,26,51,73,77],
[6,28,31,57,79,83],
[3,12,33,36,63,85],
[5,9,18,38,41,69],
[11,15,24,43,46,75],
[17,21,48,52,81],
[1,23,27,54,58],
[7,29,32,60,64],
[13,34,37,66,70],
[19,39,42,50,72,76],
[25,44,47,56,78,82],
[2,30,49,53,62,84],
[4,8,35,55,59,68],
[10,14,40,61,65,74],
[16,20,45,67,71,80]],

[[0,27,45,60,76,85],
[5,6,32,51,66,82],
[2,11,12,37,57,72],
[8,17,18,42,63,78],
[14,23,24,47,69,84],
[4,20,29,53,75],
[10,26,34,59,81],
[1,16,31,39,65],
[7,22,36,44,71],
[13,28,41,49,50,77],
[19,33,46,55,56,83],
[3,25,38,52,61,62],
[9,30,43,58,67,68],
[15,35,48,64,73,74],
[21,40,54,70,79,80]],

[[0,29,36,57,65,84],
[4,6,34,41,63,71],
[10,12,39,46,69,77],
[16,18,44,52,75,83],
[3,22,24,49,58,81],
[1,9,28,55,64],
[7,15,33,61,70],
[13,21,38,67,76],
[19,27,43,73,82],
[2,25,32,48,50,79],
[8,30,37,54,56,85],
[5,14,35,42,60,62],
[11,20,40,47,66,68],
[17,26,45,53,72,74],
[23,31,51,59,78,80]],

[[0,38,55,58,71,75],
[6,43,61,64,77,81],
[1,12,48,67,70,83],
[3,7,18,54,73,76],
[9,13,24,60,79,82],
[2,15,19,66,85],
[5,8,21,25,72],
[11,14,27,30,78],
[17,20,32,35,84],
[4,23,26,37,40,50],
[10,29,31,42,45,56],
[16,34,36,47,51,62],
[22,39,41,53,57,68],
[28,44,46,59,63,74],
[33,49,52,65,69,80]]

]
