[[[0, 1, 2, 3, 4],
[5, 21, 37, 53, 69],
[6, 25, 41, 57, 73],
[8, 29, 45, 61, 76],
[7, 33, 49, 65, 80],
[9, 22, 42, 62, 81],
[10, 26, 38, 66, 77],
[12, 30, 50, 54, 74],
[11, 34, 46, 58, 70],
[13, 24, 48, 68, 75],
[14, 28, 52, 64, 72],
[16, 32, 40, 60, 83],
[15, 36, 44, 56, 79],
[17, 23, 51, 59, 78],
[18, 27, 47, 55, 82],
[20, 31, 43, 67, 71],
[19, 35, 39, 63]],

[[0, 5, 6, 7, 8],
[1, 24, 28, 32, 36],
[2, 40, 44, 48, 52],
[4, 56, 60, 64, 68],
[3, 72, 75, 79, 83],
[9, 21, 41, 61, 80],
[10, 25, 37, 65, 76],
[12, 29, 49, 53, 73],
[11, 33, 45, 57, 69],
[13, 23, 47, 67],
[14, 27, 51, 63, 71],
[16, 31, 39, 59, 82],
[15, 35, 43, 55, 78],
[17, 22, 50, 58, 77],
[18, 26, 46, 54, 81],
[20, 30, 42, 66, 70],
[19, 34, 38, 62, 74]],

[[0, 9, 10, 11, 12],
[1, 23, 27, 31, 35],
[2, 39, 43, 47, 51],
[4, 55, 59, 63, 67],
[3, 71, 78, 82],
[5, 24, 40, 56, 72],
[6, 28, 44, 60, 75],
[8, 32, 48, 64, 79],
[7, 36, 52, 68, 83],
[13, 22, 46, 66, 74],
[14, 26, 50, 62, 70],
[16, 30, 38, 58, 81],
[15, 34, 42, 54, 77],
[17, 21, 49, 57, 76],
[18, 25, 45, 53, 80],
[20, 29, 41, 65, 69],
[19, 33, 37, 61, 73]],

[[0, 13, 14, 15, 16],
[1, 21, 25, 29, 33],
[2, 37, 41, 45, 49],
[4, 53, 57, 61, 65],
[3, 69, 73, 76, 80],
[5, 22, 38, 54, 70],
[6, 26, 42, 58, 74],
[8, 30, 46, 62, 77],
[7, 34, 50, 66, 81],
[9, 23, 43, 63, 82],
[10, 27, 39, 67, 78],
[12, 31, 51, 55],
[11, 35, 47, 59, 71],
[17, 24, 52, 60, 79],
[18, 28, 48, 56, 83],
[20, 32, 44, 68, 72],
[19, 36, 40, 64, 75]],

[[0, 17, 18, 19, 20],
[1, 22, 26, 30, 34],
[2, 38, 42, 46, 50],
[4, 54, 58, 62, 66],
[3, 70, 74, 77, 81],
[5, 23, 39, 55, 71],
[6, 27, 43, 59],
[8, 31, 47, 63, 78],
[7, 35, 51, 67, 82],
[9, 24, 44, 64, 83],
[10, 28, 40, 68, 79],
[12, 32, 52, 56, 75],
[11, 36, 48, 60, 72],
[13, 21, 45, 65, 73],
[14, 25, 49, 61, 69],
[16, 29, 37, 57, 80],
[15, 33, 41, 53, 76]],

[[0, 21, 22, 23, 24],
[4, 8, 12, 16, 20],
[1, 40, 43, 45, 50],
[3, 56, 58, 63, 65],
[2, 72, 73, 77, 82],
[5, 25, 44, 59, 74],
[7, 29, 46, 64, 78],
[6, 33, 51, 66, 83],
[9, 26, 37, 67, 79],
[11, 30, 52, 53],
[10, 34, 47, 60, 69],
[13, 28, 49, 62, 71],
[15, 32, 39, 57, 81],
[14, 36, 42, 55, 76],
[17, 27, 48, 54, 80],
[19, 31, 41, 68, 70],
[18, 35, 38, 61, 75]],

[[0, 25, 26, 27, 28],
[4, 7, 11, 15, 19],
[1, 39, 44, 46, 49],
[3, 54, 60, 61, 67],
[2, 69, 75, 78, 81],
[8, 21, 40, 55, 70],
[6, 29, 47, 62, 79],
[5, 33, 50, 68, 82],
[12, 22, 41, 63, 83],
[10, 30, 51, 56, 73],
[9, 34, 48, 57, 71],
[16, 24, 45, 66],
[14, 32, 38, 59, 80],
[13, 36, 43, 53, 77],
[20, 23, 52, 58, 76],
[18, 31, 42, 65, 72],
[17, 35, 37, 64, 74]],

[[0, 29, 30, 31, 32],
[4, 5, 9, 13, 17],
[1, 37, 42, 48, 51],
[3, 55, 57, 64, 66],
[2, 70, 79, 80],
[6, 21, 38, 56, 71],
[7, 25, 43, 58, 75],
[8, 33, 52, 67, 81],
[10, 22, 44, 61, 82],
[11, 26, 39, 68, 76],
[12, 34, 45, 59, 72],
[14, 24, 47, 65, 74],
[15, 28, 50, 63, 69],
[16, 36, 41, 54, 78],
[18, 23, 49, 60, 77],
[19, 27, 46, 53, 83],
[20, 35, 40, 62, 73]],

[[0, 33, 34, 35, 36],
[4, 6, 10, 14, 18],
[1, 38, 41, 47, 52],
[3, 53, 59, 62, 68],
[2, 71, 74, 76, 83],
[7, 21, 39, 54, 72],
[8, 25, 42, 60],
[5, 29, 48, 63, 77],
[11, 22, 43, 64, 80],
[12, 26, 40, 65, 78],
[9, 30, 49, 55, 75],
[15, 24, 46, 67, 73],
[16, 28, 51, 61, 70],
[13, 32, 37, 58, 82],
[19, 23, 50, 57, 79],
[20, 27, 45, 56, 81],
[17, 31, 44, 66, 69]],

[[0, 37, 38, 39, 40],
[3, 8, 11, 13, 18],
[4, 24, 27, 29, 34],
[2, 56, 57, 62, 67],
[1, 72, 74, 78, 80],
[5, 28, 41, 58],
[7, 30, 45, 63, 79],
[6, 35, 49, 68, 81],
[12, 21, 42, 64, 82],
[10, 31, 50, 53, 75],
[9, 36, 46, 59, 69],
[14, 23, 48, 66, 73],
[15, 26, 52, 61, 71],
[16, 33, 44, 55, 77],
[19, 22, 51, 60, 76],
[20, 25, 47, 54, 83],
[17, 32, 43, 65, 70]],

[[0, 41, 42, 43, 44],
[3, 7, 12, 14, 17],
[4, 23, 28, 30, 33],
[2, 53, 60, 63, 66],
[1, 70, 75, 76, 82],
[8, 24, 37, 54, 71],
[6, 31, 45, 64, 77],
[5, 34, 49, 67, 83],
[9, 25, 38, 68, 78],
[11, 32, 50, 55, 73],
[10, 35, 46, 57, 72],
[15, 22, 48, 65],
[16, 27, 52, 62, 69],
[13, 29, 40, 59, 81],
[18, 21, 51, 58, 79],
[19, 26, 47, 56, 80],
[20, 36, 39, 61, 74]],

[[0, 45, 46, 47, 48],
[3, 5, 10, 16, 19],
[4, 21, 26, 32, 35],
[2, 54, 59, 64, 65],
[1, 71, 73, 79, 81],
[6, 22, 37, 55, 72],
[7, 27, 41, 60, 74],
[8, 36, 49, 66, 82],
[11, 23, 42, 61, 83],
[12, 28, 38, 67, 76],
[9, 29, 50, 56],
[13, 25, 52, 63, 70],
[15, 31, 40, 58, 80],
[14, 34, 44, 53, 78],
[20, 24, 51, 57, 77],
[18, 30, 43, 68, 69],
[17, 33, 39, 62, 75]],

[[0, 49, 50, 51, 52],
[3, 6, 9, 15, 20],
[4, 22, 25, 31, 36],
[2, 55, 58, 61, 68],
[1, 69, 77, 83],
[7, 23, 37, 56, 70],
[8, 26, 41, 59, 75],
[5, 32, 45, 62, 78],
[10, 24, 42, 63, 80],
[11, 27, 38, 65, 79],
[12, 33, 46, 60, 71],
[16, 21, 48, 67, 74],
[14, 30, 40, 57, 82],
[13, 35, 44, 54, 76],
[17, 28, 47, 53, 81],
[19, 29, 43, 66, 72],
[18, 34, 39, 64, 73]],

[[0, 53, 54, 55, 56],
[1, 8, 9, 14, 19],
[2, 24, 26, 31, 33],
[3, 40, 41, 46, 51],
[4, 72, 76, 81],
[5, 27, 42, 57, 75],
[7, 32, 47, 61, 77],
[6, 34, 52, 65, 82],
[10, 21, 43, 62, 83],
[11, 28, 37, 66, 78],
[12, 35, 48, 58, 69],
[15, 23, 45, 68, 74],
[16, 25, 50, 64, 71],
[13, 30, 39, 60, 80],
[20, 22, 49, 59, 79],
[18, 29, 44, 67, 70],
[17, 36, 38, 63, 73]],

[[0, 57, 58, 59, 60],
[1, 7, 10, 13, 20],
[2, 22, 28, 29, 35],
[3, 37, 44, 47, 50],
[4, 71, 75, 77, 80],
[8, 23, 38, 53, 72],
[6, 30, 48, 61, 78],
[5, 36, 51, 65, 81],
[11, 24, 41, 62, 82],
[12, 25, 39, 66, 79],
[9, 31, 52, 54, 73],
[14, 21, 46, 68],
[15, 27, 49, 64, 70],
[16, 34, 43, 56, 76],
[17, 26, 45, 55, 83],
[19, 32, 42, 67, 69],
[18, 33, 40, 63, 74]],

[[0, 61, 62, 63, 64],
[1, 5, 12, 15, 18],
[2, 23, 25, 32, 34],
[3, 38, 43, 48, 49],
[4, 69, 74, 79, 82],
[6, 24, 39, 53, 70],
[7, 26, 44, 57],
[8, 35, 50, 65, 83],
[9, 27, 40, 66, 76],
[11, 29, 51, 54, 75],
[10, 36, 45, 58, 71],
[16, 22, 47, 68, 73],
[14, 31, 37, 60, 81],
[13, 33, 42, 56, 78],
[19, 21, 52, 59, 77],
[20, 28, 46, 55, 80],
[17, 30, 41, 67, 72]],

[[0, 65, 66, 67, 68],
[1, 6, 11, 16, 17],
[2, 21, 27, 30, 36],
[3, 39, 42, 45, 52],
[4, 70, 73, 78, 83],
[7, 22, 40, 53, 71],
[8, 28, 43, 57, 74],
[5, 31, 46, 61, 79],
[12, 23, 44, 62, 80],
[10, 32, 49, 54],
[9, 33, 47, 58, 72],
[13, 26, 51, 64, 69],
[15, 29, 38, 60, 82],
[14, 35, 41, 56, 77],
[18, 24, 50, 59, 76],
[19, 25, 48, 55, 81],
[20, 34, 37, 63, 75]],

[[0, 69, 70, 71, 72],
[2, 8, 10, 15, 17],
[3, 24, 25, 30, 35],
[4, 40, 42, 47, 49],
[1, 56, 59, 61, 66],
[5, 26, 43, 60, 73],
[7, 31, 48, 62, 76],
[6, 36, 50, 67, 80],
[11, 21, 44, 63, 81],
[12, 27, 37, 68, 77],
[9, 32, 51, 53, 74],
[16, 23, 46, 65, 75],
[14, 29, 39, 58, 83],
[13, 34, 41, 55, 79],
[18, 22, 52, 57, 78],
[19, 28, 45, 54, 82],
[20, 33, 38, 64]],

[[0, 73, 74, 75],
[2, 7, 9, 16, 18],
[3, 21, 28, 31, 34],
[4, 38, 44, 45, 51],
[1, 55, 60, 62, 65],
[8, 22, 39, 56, 69],
[6, 32, 46, 63, 76],
[5, 35, 52, 66, 80],
[10, 23, 41, 64, 81],
[11, 25, 40, 67, 77],
[12, 36, 47, 57, 70],
[13, 27, 50, 61, 72],
[15, 30, 37, 59, 83],
[14, 33, 43, 54, 79],
[19, 24, 49, 58, 78],
[20, 26, 48, 53, 82],
[17, 29, 42, 68, 71]],

[[0, 76, 77, 78, 79],
[2, 5, 11, 14, 20],
[3, 22, 27, 32, 33],
[4, 39, 41, 48, 50],
[1, 53, 58, 64, 67],
[6, 23, 40, 54, 69],
[7, 28, 42, 59, 73],
[8, 34, 51, 68, 80],
[12, 24, 43, 61, 81],
[10, 29, 52, 55, 74],
[9, 35, 45, 60, 70],
[15, 21, 47, 66, 75],
[16, 26, 49, 63, 72],
[13, 31, 38, 57, 83],
[17, 25, 46, 56, 82],
[19, 30, 44, 65, 71],
[18, 36, 37, 62]],

[[0, 80, 81, 82, 83],
[2, 6, 12, 13, 19],
[3, 23, 26, 29, 36],
[4, 37, 43, 46, 52],
[1, 54, 57, 63, 68],
[7, 24, 38, 55, 69],
[8, 27, 44, 58, 73],
[5, 30, 47, 64, 76],
[9, 28, 39, 65, 77],
[11, 31, 49, 56, 74],
[10, 33, 48, 59, 70],
[14, 22, 45, 67, 75],
[15, 25, 51, 62, 72],
[16, 35, 42, 53, 79],
[20, 21, 50, 60, 78],
[18, 32, 41, 66, 71],
[17, 34, 40, 61]]]