[[[0,14,28,42,55],
[2,16,30,44,57,69],
[4,18,32,46,59,71],
[6,20,34,48,61,73],
[8,22,36,50,63,75],
[10,24,38,51,64,77],
[12,26,40,53,66,79],
[1,21,31,54,58,74],
[3,23,33,43,60,76],
[5,25,35,45,62,78],
[7,27,37,47,80],
[9,15,39,49,65,68],
[11,17,41,67,70],
[13,19,29,52,56,72]],

[[0,15,29,43,59,77],
[2,17,31,45,61,79],
[4,19,33,47,63],
[6,21,35,49,64,69],
[8,23,37,66,71],
[10,25,39,52,55,73],
[12,27,41,54,57,75],
[1,18,28,51,62,68],
[3,20,30,53,70],
[5,22,32,42,65,72],
[7,24,34,44,67,74],
[9,26,36,46,56,76],
[11,14,38,48,58,78],
[13,16,40,50,60,80]],

[[0,16,31,48,56,75],
[2,18,33,50,58,77],
[4,20,35,51,60,79],
[6,22,37,53,62],
[8,24,39,42,69],
[10,26,41,44,65,71],
[12,14,29,46,67,73],
[1,23,40,49,55,70],
[3,25,28,57,72],
[5,27,30,52,59,74],
[7,15,32,54,61,76],
[9,17,34,43,63,78],
[11,19,36,45,64,80],
[13,21,38,47,66,68]],

[[0,18,35,52,67,80],
[2,20,37,54,56,68],
[4,22,39,43,58,70],
[6,24,41,45,60,72],
[8,26,29,47,62,74],
[10,14,31,49,76],
[12,16,33,65,78],
[1,19,34,46,66,77],
[3,21,36,48,55,79],
[5,23,38,50,57],
[7,25,40,51,59,69],
[9,27,28,53,61,71],
[11,15,30,42,63,73],
[13,17,32,44,64,75]],

[[0,19,38,44,79],
[2,21,40,46,65],
[4,23,28,48,67,69],
[6,25,30,50,56,71],
[8,27,32,51,58,73],
[10,15,34,53,60,75],
[12,17,36,42,62,77],
[1,22,29,45,57,76],
[3,24,31,47,59,78],
[5,26,33,49,61,80],
[7,14,35,63,68],
[9,16,37,52,64,70],
[11,18,39,54,66,72],
[13,20,41,43,55,74]],

[[0,21,32,53,57,78],
[2,23,34,42,59,80],
[4,25,36,44,61,68],
[6,27,38,46,63,70],
[8,15,40,48,64,72],
[10,17,28,50,66,74],
[12,19,30,51,55,76],
[1,26,35,43,75],
[3,14,37,45,65,77],
[5,16,39,47,67,79],
[7,18,41,49,56],
[9,20,29,58,69],
[11,22,31,52,60,71],
[13,24,33,54,62,73]],

[[0,22,40,61,74],
[2,24,28,52,63,76],
[4,26,30,54,64,78],
[6,14,32,43,66,80],
[8,16,34,45,55,68],
[10,18,36,47,57,70],
[12,20,38,49,59,72],
[1,27,39,44,60],
[3,15,41,46,62,69],
[5,17,29,48,71],
[7,19,31,50,65,73],
[9,21,33,51,67,75],
[11,23,35,53,56,77],
[13,25,37,42,58,79]],

[[0,24,36,49,58,71],
[2,26,38,60,73],
[4,14,40,52,62,75],
[6,16,28,54,77],
[8,18,30,43,65,79],
[10,20,32,45,67],
[12,22,34,47,56,69],
[1,25,41,48,63,80],
[3,27,29,50,64,68],
[5,15,31,51,66,70],
[7,17,33,53,55,72],
[9,19,35,42,57,74],
[11,21,37,44,59,76],
[13,23,39,46,61,78]],

[[0,25,34,54,65,70],
[2,27,36,43,67,72],
[4,15,38,45,56,74],
[6,17,40,47,58,76],
[8,19,28,49,60,78],
[10,21,30,62,80],
[12,23,32,52,68],
[1,20,33,42,64,71],
[3,22,35,44,66,73],
[5,24,37,46,55,75],
[7,26,39,48,57,77],
[9,14,41,50,59,79],
[11,16,29,51,61],
[13,18,31,53,63,69]]

]
