[[[0,14,28,42,56],
[2,16,30,44,58,70],
[4,18,32,46,60,72],
[6,20,34,48,62,74],
[8,22,36,50,64,76],
[10,24,38,52,65,78],
[12,26,40,54,67,80],
[1,21,31,55,59,75],
[3,23,33,43,61,77],
[5,25,35,45,63,79],
[7,27,37,47,81],
[9,15,39,49,66,69],
[11,17,41,51,68,71],
[13,19,29,53,57,73]],

[[0,15,29,43,60,78],
[2,17,31,45,62,80],
[4,19,33,47,64],
[6,21,35,49,65,70],
[8,23,37,51,67,72],
[10,25,39,53,56,74],
[12,27,41,55,58,76],
[1,18,28,52,63,69],
[3,20,30,54,71],
[5,22,32,42,66,73],
[7,24,34,44,68,75],
[9,26,36,46,57,77],
[11,14,38,48,59,79],
[13,16,40,50,61,81]],

[[0,16,31,48,57,76],
[2,18,33,50,59,78],
[4,20,35,52,61,80],
[6,22,37,54,63],
[8,24,39,42,70],
[10,26,41,44,66,72],
[12,14,29,46,68,74],
[1,23,40,49,56,71],
[3,25,28,51,58,73],
[5,27,30,53,60,75],
[7,15,32,55,62,77],
[9,17,34,43,64,79],
[11,19,36,45,65,81],
[13,21,38,47,67,69]],

[[0,18,35,53,68,81],
[2,20,37,55,57,69],
[4,22,39,43,59,71],
[6,24,41,45,61,73],
[8,26,29,47,63,75],
[10,14,31,49,77],
[12,16,33,51,66,79],
[1,19,34,46,67,78],
[3,21,36,48,56,80],
[5,23,38,50,58],
[7,25,40,52,60,70],
[9,27,28,54,62,72],
[11,15,30,42,64,74],
[13,17,32,44,65,76]],

[[0,19,38,44,80],
[2,21,40,46,66],
[4,23,28,48,68,70],
[6,25,30,50,57,72],
[8,27,32,52,59,74],
[10,15,34,54,61,76],
[12,17,36,42,63,78],
[1,22,29,45,58,77],
[3,24,31,47,60,79],
[5,26,33,49,62,81],
[7,14,35,51,64,69],
[9,16,37,53,65,71],
[11,18,39,55,67,73],
[13,20,41,43,56,75]],

[[0,21,32,54,58,79],
[2,23,34,42,60,81],
[4,25,36,44,62,69],
[6,27,38,46,64,71],
[8,15,40,48,65,73],
[10,17,28,50,67,75],
[12,19,30,52,56,77],
[1,26,35,43,76],
[3,14,37,45,66,78],
[5,16,39,47,68,80],
[7,18,41,49,57],
[9,20,29,51,59,70],
[11,22,31,53,61,72],
[13,24,33,55,63,74]],

[[0,22,40,51,62,75],
[2,24,28,53,64,77],
[4,26,30,55,65,79],
[6,14,32,43,67,81],
[8,16,34,45,56,69],
[10,18,36,47,58,71],
[12,20,38,49,60,73],
[1,27,39,44,61],
[3,15,41,46,63,70],
[5,17,29,48,72],
[7,19,31,50,66,74],
[9,21,33,52,68,76],
[11,23,35,54,57,78],
[13,25,37,42,59,80]],

[[0,24,36,49,59,72],
[2,26,38,51,61,74],
[4,14,40,53,63,76],
[6,16,28,55,78],
[8,18,30,43,66,80],
[10,20,32,45,68],
[12,22,34,47,57,70],
[1,25,41,48,64,81],
[3,27,29,50,65,69],
[5,15,31,52,67,71],
[7,17,33,54,56,73],
[9,19,35,42,58,75],
[11,21,37,44,60,77],
[13,23,39,46,62,79]],

[[0,25,34,55,66,71],
[2,27,36,43,68,73],
[4,15,38,45,57,75],
[6,17,40,47,59,77],
[8,19,28,49,61,79],
[10,21,30,51,63,81],
[12,23,32,53,69],
[1,20,33,42,65,72],
[3,22,35,44,67,74],
[5,24,37,46,56,76],
[7,26,39,48,58,78],
[9,14,41,50,60,80],
[11,16,29,52,62],
[13,18,31,54,64,70]]

]