[[[0,1,2,3,4,5],
[6,7,8,9,10,11],
[12,13,14,15,16,17],
[18,19,20,21,22,23],
[24,25,26,27,28,29],
[30,31,32,33,34,35],
[36,37,38,39,40,41],
[42,43,44,45,46],
[47,48,49,50,51],
[52,53,54,55,56,57],
[58,59,60,61,62,63],
[64,65,66,67,68,69],
[70,71,72,73,74,75],
[76,77,78,79,80,81],
[82,83,84,85,86,87]],

[[0,7,14,21,28,35],
[6,13,20,27,34,41],
[12,19,26,33,40,46],
[18,25,32,39,45,51],
[24,31,38,44,50,57],
[30,37,43,49,56,63],
[36,42,48,55,62,69],
[47,54,61,68,75],
[53,60,67,74,81],
[52,59,66,73,80,87],
[5,58,65,72,79,86],
[4,11,64,71,78,85],
[3,10,17,70,77,84],
[2,9,16,23,76,83],
[1,8,15,22,29,82]],

[[0,8,13,23,33,45],
[6,14,19,29,39,50],
[12,20,25,35,44,56],
[18,26,31,41,49,62],
[24,32,37,46,55,68],
[30,38,42,51,61,74],
[36,43,47,57,67,80],
[48,53,63,73,86],
[4,54,59,69,79],
[10,52,60,65,75,85],
[3,16,58,66,71,81],
[9,22,64,72,77,87],
[5,15,28,70,78,83],
[1,11,21,34,76,84],
[2,7,17,27,40,82]],

[[0,9,17,19,32,56],
[6,15,23,25,38,62],
[12,21,29,31,43,68],
[18,27,35,37,48,74],
[24,33,41,42,54,80],
[30,39,46,47,60,86],
[4,36,44,51,53,66],
[10,49,57,59,72],
[16,55,63,65,78],
[22,52,61,69,71,84],
[2,28,58,67,75,77],
[8,34,64,73,81,83],
[1,14,40,70,79,87],
[5,7,20,45,76,85],
[3,11,13,26,50,82]],

[[0,10,15,20,31,46],
[6,16,21,26,37,51],
[12,22,27,32,42,57],
[18,28,33,38,47,63],
[24,34,39,43,53,69],
[30,40,44,48,59,75],
[36,45,49,54,65,81],
[50,55,60,71,87],
[5,56,61,66,77],
[11,52,62,67,72,83],
[1,17,58,68,73,78],
[7,23,64,74,79,84],
[2,13,29,70,80,85],
[3,8,19,35,76,86],
[4,9,14,25,41,82]],

[[0,11,16,25,43,61],
[6,17,22,31,48,67],
[12,23,28,37,54,73],
[18,29,34,42,60,79],
[24,35,40,47,66,85],
[3,30,41,45,53,72],
[9,36,46,50,59,78],
[15,51,56,65,84],
[2,21,57,62,71],
[8,27,52,63,68,77],
[14,33,58,69,74,83],
[1,20,39,64,75,80],
[7,26,44,70,81,86],
[4,13,32,49,76,87],
[5,10,19,38,55,82]],

[[0,22,26,53,75,79],
[6,28,32,59,81,85],
[3,12,34,38,65,87],
[5,9,18,40,43,71],
[11,15,24,45,48,77],
[17,21,30,50,54,83],
[1,23,27,36,56,60],
[7,29,33,62,66],
[13,35,39,68,72],
[19,41,44,52,74,78],
[25,46,49,58,80,84],
[2,31,51,55,64,86],
[4,8,37,57,61,70],
[10,14,42,63,67,76],
[16,20,47,69,73,82]],

[[0,27,47,62,78,87],
[5,6,33,53,68,84],
[2,11,12,39,59,74],
[8,17,18,44,65,80],
[14,23,24,49,71,86],
[4,20,29,30,55,77],
[10,26,35,36,61,83],
[1,16,32,41,67],
[7,22,38,46,73],
[13,28,43,51,52,79],
[19,34,48,57,58,85],
[3,25,40,54,63,64],
[9,31,45,60,69,70],
[15,37,50,66,75,76],
[21,42,56,72,81,82]],

[[0,29,38,59,67,86],
[4,6,35,43,65,73],
[10,12,41,48,71,79],
[16,18,46,54,77,85],
[3,22,24,51,60,83],
[1,9,28,30,57,66],
[7,15,34,36,63,72],
[13,21,40,69,78],
[19,27,45,75,84],
[2,25,33,50,52,81],
[8,31,39,56,58,87],
[5,14,37,44,62,64],
[11,20,42,49,68,70],
[17,26,47,55,74,76],
[23,32,53,61,80,82]],

[[0,40,57,60,73,77],
[6,45,63,66,79,83],
[1,12,50,69,72,85],
[3,7,18,56,75,78],
[9,13,24,62,81,84],
[2,15,19,30,68,87],
[5,8,21,25,36,74],
[11,14,27,31,80],
[17,20,33,37,86],
[4,23,26,39,42,52],
[10,29,32,44,47,58],
[16,35,38,49,53,64],
[22,41,43,55,59,70],
[28,46,48,61,65,76],
[34,51,54,67,71,82]]

]
