[[[0, 19, 38, 57, 76, 95],
[1, 20, 40, 60, 80, 100],
[2, 21, 42, 63, 84, 105],
[3, 22, 44, 66, 88, 110],
[4, 23, 46, 69, 92, 96],
[5, 24, 48, 72, 77, 101],
[6, 25, 50, 75, 81, 106],
[7, 26, 52, 59, 85, 111],
[8, 27, 54, 62, 89, 97],
[9, 28, 56, 65, 93, 102],
[10, 29, 39, 68, 78, 107],
[11, 30, 41, 71, 82],
[12, 31, 43, 74, 86, 98],
[13, 32, 45, 58, 90, 103],
[14, 33, 47, 61, 94, 108],
[15, 34, 49, 64, 79],
[16, 35, 51, 67, 83, 99],
[17, 36, 53, 70, 87, 104],
[18, 37, 55, 73, 91, 109]],

[[0, 20, 39, 58, 77, 96],
[1, 21, 41, 61, 81, 101],
[2, 22, 43, 64, 85, 106],
[3, 23, 45, 67, 89, 111],
[4, 24, 47, 70, 93, 97],
[5, 25, 49, 73, 78, 102],
[6, 26, 51, 57, 82, 107],
[7, 27, 53, 60, 86],
[8, 28, 55, 63, 90, 98],
[9, 29, 38, 66, 94, 103],
[10, 30, 40, 69, 79, 108],
[11, 31, 42, 72, 83],
[12, 32, 44, 75, 87, 99],
[13, 33, 46, 59, 91, 104],
[14, 34, 48, 62, 76, 109],
[15, 35, 50, 65, 80, 95],
[16, 36, 52, 68, 84, 100],
[17, 37, 54, 71, 88, 105],
[18, 19, 56, 74, 92, 110]],

[[0, 21, 40, 59, 78, 97],
[1, 22, 42, 62, 82, 102],
[2, 23, 44, 65, 86, 107],
[3, 24, 46, 68, 90],
[4, 25, 48, 71, 94, 98],
[5, 26, 50, 74, 79, 103],
[6, 27, 52, 58, 83, 108],
[7, 28, 54, 61, 87],
[8, 29, 56, 64, 91, 99],
[9, 30, 39, 67, 76, 104],
[10, 31, 41, 70, 80, 109],
[11, 32, 43, 73, 84, 95],
[12, 33, 45, 57, 88, 100],
[13, 34, 47, 60, 92, 105],
[14, 35, 49, 63, 77, 110],
[15, 36, 51, 66, 81, 96],
[16, 37, 53, 69, 85, 101],
[17, 19, 55, 72, 89, 106],
[18, 20, 38, 75, 93, 111]],

[[0, 22, 41, 60, 79, 98],
[1, 23, 43, 63, 83, 103],
[2, 24, 45, 66, 87, 108],
[3, 25, 47, 69, 91],
[4, 26, 49, 72, 76, 99],
[5, 27, 51, 75, 80, 104],
[6, 28, 53, 59, 84, 109],
[7, 29, 55, 62, 88, 95],
[8, 30, 38, 65, 92, 100],
[9, 31, 40, 68, 77, 105],
[10, 32, 42, 71, 81, 110],
[11, 33, 44, 74, 85, 96],
[12, 34, 46, 58, 89, 101],
[13, 35, 48, 61, 93, 106],
[14, 36, 50, 64, 78, 111],
[15, 37, 52, 67, 82, 97],
[16, 19, 54, 70, 86, 102],
[17, 20, 56, 73, 90, 107],
[18, 21, 39, 57, 94]],

[[0, 23, 42, 61, 80, 99],
[1, 24, 44, 64, 84, 104],
[2, 25, 46, 67, 88, 109],
[3, 26, 48, 70, 92, 95],
[4, 27, 50, 73, 77, 100],
[5, 28, 52, 57, 81, 105],
[6, 29, 54, 60, 85, 110],
[7, 30, 56, 63, 89, 96],
[8, 31, 39, 66, 93, 101],
[9, 32, 41, 69, 78, 106],
[10, 33, 43, 72, 82, 111],
[11, 34, 45, 75, 86, 97],
[12, 35, 47, 59, 90, 102],
[13, 36, 49, 62, 94, 107],
[14, 37, 51, 65, 79],
[15, 19, 53, 68, 83, 98],
[16, 20, 55, 71, 87, 103],
[17, 21, 38, 74, 91, 108],
[18, 22, 40, 58, 76]],

[[0, 24, 43, 62, 81, 100],
[1, 25, 45, 65, 85, 105],
[2, 26, 47, 68, 89, 110],
[3, 27, 49, 71, 93, 96],
[4, 28, 51, 74, 78, 101],
[5, 29, 53, 58, 82, 106],
[6, 30, 55, 61, 86, 111],
[7, 31, 38, 64, 90, 97],
[8, 32, 40, 67, 94, 102],
[9, 33, 42, 70, 79, 107],
[10, 34, 44, 73, 83],
[11, 35, 46, 57, 87, 98],
[12, 36, 48, 60, 91, 103],
[13, 37, 50, 63, 76, 108],
[14, 19, 52, 66, 80],
[15, 20, 54, 69, 84, 99],
[16, 21, 56, 72, 88, 104],
[17, 22, 39, 75, 92, 109],
[18, 23, 41, 59, 77, 95]],

[[0, 25, 44, 63, 82, 101],
[1, 26, 46, 66, 86, 106],
[2, 27, 48, 69, 90, 111],
[3, 28, 50, 72, 94, 97],
[4, 29, 52, 75, 79, 102],
[5, 30, 54, 59, 83, 107],
[6, 31, 56, 62, 87],
[7, 32, 39, 65, 91, 98],
[8, 33, 41, 68, 76, 103],
[9, 34, 43, 71, 80, 108],
[10, 35, 45, 74, 84],
[11, 36, 47, 58, 88, 99],
[12, 37, 49, 61, 92, 104],
[13, 19, 51, 64, 77, 109],
[14, 20, 53, 67, 81, 95],
[15, 21, 55, 70, 85, 100],
[16, 22, 38, 73, 89, 105],
[17, 23, 40, 57, 93, 110],
[18, 24, 42, 60, 78, 96]],

[[0, 26, 45, 64, 83, 102],
[1, 27, 47, 67, 87, 107],
[2, 28, 49, 70, 91],
[3, 29, 51, 73, 76, 98],
[4, 30, 53, 57, 80, 103],
[5, 31, 55, 60, 84, 108],
[6, 32, 38, 63, 88],
[7, 33, 40, 66, 92, 99],
[8, 34, 42, 69, 77, 104],
[9, 35, 44, 72, 81, 109],
[10, 36, 46, 75, 85, 95],
[11, 37, 48, 59, 89, 100],
[12, 19, 50, 62, 93, 105],
[13, 20, 52, 65, 78, 110],
[14, 21, 54, 68, 82, 96],
[15, 22, 56, 71, 86, 101],
[16, 23, 39, 74, 90, 106],
[17, 24, 41, 58, 94, 111],
[18, 25, 43, 61, 79, 97]],

[[0, 27, 46, 65, 84, 103],
[1, 28, 48, 68, 88, 108],
[2, 29, 50, 71, 92],
[3, 30, 52, 74, 77, 99],
[4, 31, 54, 58, 81, 104],
[5, 32, 56, 61, 85, 109],
[6, 33, 39, 64, 89, 95],
[7, 34, 41, 67, 93, 100],
[8, 35, 43, 70, 78, 105],
[9, 36, 45, 73, 82, 110],
[10, 37, 47, 57, 86, 96],
[11, 19, 49, 60, 90, 101],
[12, 20, 51, 63, 94, 106],
[13, 21, 53, 66, 79, 111],
[14, 22, 55, 69, 83, 97],
[15, 23, 38, 72, 87, 102],
[16, 24, 40, 75, 91, 107],
[17, 25, 42, 59, 76],
[18, 26, 44, 62, 80, 98]],

[[0, 28, 47, 66, 85, 104],
[1, 29, 49, 69, 89, 109],
[2, 30, 51, 72, 93, 95],
[3, 31, 53, 75, 78, 100],
[4, 32, 55, 59, 82, 105],
[5, 33, 38, 62, 86, 110],
[6, 34, 40, 65, 90, 96],
[7, 35, 42, 68, 94, 101],
[8, 36, 44, 71, 79, 106],
[9, 37, 46, 74, 83, 111],
[10, 19, 48, 58, 87, 97],
[11, 20, 50, 61, 91, 102],
[12, 21, 52, 64, 76, 107],
[13, 22, 54, 67, 80],
[14, 23, 56, 70, 84, 98],
[15, 24, 39, 73, 88, 103],
[16, 25, 41, 57, 92, 108],
[17, 26, 43, 60, 77],
[18, 27, 45, 63, 81, 99]],

[[0, 29, 48, 67, 86, 105],
[1, 30, 50, 70, 90, 110],
[2, 31, 52, 73, 94, 96],
[3, 32, 54, 57, 79, 101],
[4, 33, 56, 60, 83, 106],
[5, 34, 39, 63, 87, 111],
[6, 35, 41, 66, 91, 97],
[7, 36, 43, 69, 76, 102],
[8, 37, 45, 72, 80, 107],
[9, 19, 47, 75, 84],
[10, 20, 49, 59, 88, 98],
[11, 21, 51, 62, 92, 103],
[12, 22, 53, 65, 77, 108],
[13, 23, 55, 68, 81],
[14, 24, 38, 71, 85, 99],
[15, 25, 40, 74, 89, 104],
[16, 26, 42, 58, 93, 109],
[17, 27, 44, 61, 78, 95],
[18, 28, 46, 64, 82, 100]],

[[0, 30, 49, 68, 87, 106],
[1, 31, 51, 71, 91, 111],
[2, 32, 53, 74, 76, 97],
[3, 33, 55, 58, 80, 102],
[4, 34, 38, 61, 84, 107],
[5, 35, 40, 64, 88],
[6, 36, 42, 67, 92, 98],
[7, 37, 44, 70, 77, 103],
[8, 19, 46, 73, 81, 108],
[9, 20, 48, 57, 85],
[10, 21, 50, 60, 89, 99],
[11, 22, 52, 63, 93, 104],
[12, 23, 54, 66, 78, 109],
[13, 24, 56, 69, 82, 95],
[14, 25, 39, 72, 86, 100],
[15, 26, 41, 75, 90, 105],
[16, 27, 43, 59, 94, 110],
[17, 28, 45, 62, 79, 96],
[18, 29, 47, 65, 83, 101]],

[[0, 31, 50, 69, 88, 107],
[1, 32, 52, 72, 92],
[2, 33, 54, 75, 77, 98],
[3, 34, 56, 59, 81, 103],
[4, 35, 39, 62, 85, 108],
[5, 36, 41, 65, 89],
[6, 37, 43, 68, 93, 99],
[7, 19, 45, 71, 78, 104],
[8, 20, 47, 74, 82, 109],
[9, 21, 49, 58, 86, 95],
[10, 22, 51, 61, 90, 100],
[11, 23, 53, 64, 94, 105],
[12, 24, 55, 67, 79, 110],
[13, 25, 38, 70, 83, 96],
[14, 26, 40, 73, 87, 101],
[15, 27, 42, 57, 91, 106],
[16, 28, 44, 60, 76, 111],
[17, 29, 46, 63, 80, 97],
[18, 30, 48, 66, 84, 102]],

[[0, 32, 51, 70, 89, 108],
[1, 33, 53, 73, 93],
[2, 34, 55, 57, 78, 99],
[3, 35, 38, 60, 82, 104],
[4, 36, 40, 63, 86, 109],
[5, 37, 42, 66, 90, 95],
[6, 19, 44, 69, 94, 100],
[7, 20, 46, 72, 79, 105],
[8, 21, 48, 75, 83, 110],
[9, 22, 50, 59, 87, 96],
[10, 23, 52, 62, 91, 101],
[11, 24, 54, 65, 76, 106],
[12, 25, 56, 68, 80, 111],
[13, 26, 39, 71, 84, 97],
[14, 27, 41, 74, 88, 102],
[15, 28, 43, 58, 92, 107],
[16, 29, 45, 61, 77],
[17, 30, 47, 64, 81, 98],
[18, 31, 49, 67, 85, 103]],

[[0, 33, 52, 71, 90, 109],
[1, 34, 54, 74, 94, 95],
[2, 35, 56, 58, 79, 100],
[3, 36, 39, 61, 83, 105],
[4, 37, 41, 64, 87, 110],
[5, 19, 43, 67, 91, 96],
[6, 20, 45, 70, 76, 101],
[7, 21, 47, 73, 80, 106],
[8, 22, 49, 57, 84, 111],
[9, 23, 51, 60, 88, 97],
[10, 24, 53, 63, 92, 102],
[11, 25, 55, 66, 77, 107],
[12, 26, 38, 69, 81],
[13, 27, 40, 72, 85, 98],
[14, 28, 42, 75, 89, 103],
[15, 29, 44, 59, 93, 108],
[16, 30, 46, 62, 78],
[17, 31, 48, 65, 82, 99],
[18, 32, 50, 68, 86, 104]],

[[0, 34, 53, 72, 91, 110],
[1, 35, 55, 75, 76, 96],
[2, 36, 38, 59, 80, 101],
[3, 37, 40, 62, 84, 106],
[4, 19, 42, 65, 88, 111],
[5, 20, 44, 68, 92, 97],
[6, 21, 46, 71, 77, 102],
[7, 22, 48, 74, 81, 107],
[8, 23, 50, 58, 85],
[9, 24, 52, 61, 89, 98],
[10, 25, 54, 64, 93, 103],
[11, 26, 56, 67, 78, 108],
[12, 27, 39, 70, 82],
[13, 28, 41, 73, 86, 99],
[14, 29, 43, 57, 90, 104],
[15, 30, 45, 60, 94, 109],
[16, 31, 47, 63, 79, 95],
[17, 32, 49, 66, 83, 100],
[18, 33, 51, 69, 87, 105]],

[[0, 35, 54, 73, 92, 111],
[1, 36, 56, 57, 77, 97],
[2, 37, 39, 60, 81, 102],
[3, 19, 41, 63, 85, 107],
[4, 20, 43, 66, 89],
[5, 21, 45, 69, 93, 98],
[6, 22, 47, 72, 78, 103],
[7, 23, 49, 75, 82, 108],
[8, 24, 51, 59, 86],
[9, 25, 53, 62, 90, 99],
[10, 26, 55, 65, 94, 104],
[11, 27, 38, 68, 79, 109],
[12, 28, 40, 71, 83, 95],
[13, 29, 42, 74, 87, 100],
[14, 30, 44, 58, 91, 105],
[15, 31, 46, 61, 76, 110],
[16, 32, 48, 64, 80, 96],
[17, 33, 50, 67, 84, 101],
[18, 34, 52, 70, 88, 106]],

[[0, 36, 55, 74, 93],
[1, 37, 38, 58, 78, 98],
[2, 19, 40, 61, 82, 103],
[3, 20, 42, 64, 86, 108],
[4, 21, 44, 67, 90],
[5, 22, 46, 70, 94, 99],
[6, 23, 48, 73, 79, 104],
[7, 24, 50, 57, 83, 109],
[8, 25, 52, 60, 87, 95],
[9, 26, 54, 63, 91, 100],
[10, 27, 56, 66, 76, 105],
[11, 28, 39, 69, 80, 110],
[12, 29, 41, 72, 84, 96],
[13, 30, 43, 75, 88, 101],
[14, 31, 45, 59, 92, 106],
[15, 32, 47, 62, 77, 111],
[16, 33, 49, 65, 81, 97],
[17, 34, 51, 68, 85, 102],
[18, 35, 53, 71, 89, 107]],

[[0, 37, 56, 75, 94],
[1, 19, 39, 59, 79, 99],
[2, 20, 41, 62, 83, 104],
[3, 21, 43, 65, 87, 109],
[4, 22, 45, 68, 91, 95],
[5, 23, 47, 71, 76, 100],
[6, 24, 49, 74, 80, 105],
[7, 25, 51, 58, 84, 110],
[8, 26, 53, 61, 88, 96],
[9, 27, 55, 64, 92, 101],
[10, 28, 38, 67, 77, 106],
[11, 29, 40, 70, 81, 111],
[12, 30, 42, 73, 85, 97],
[13, 31, 44, 57, 89, 102],
[14, 32, 46, 60, 93, 107],
[15, 33, 48, 63, 78],
[16, 34, 50, 66, 82, 98],
[17, 35, 52, 69, 86, 103],
[18, 36, 54, 72, 90, 108]]]