[[[0, 21, 42, 63, 84],
[1, 24, 48, 73, 97, 105],
[2, 26, 51, 83, 96, 109],
[3, 28, 60, 82, 94, 108],
[4, 36, 58, 81, 91, 107],
[5, 32, 46, 76, 85],
[6, 41, 50, 79, 101],
[7, 22, 59, 72, 99],
[8, 34, 61, 75, 93],
[9, 38, 43, 70, 102],
[10, 27, 45, 64, 89, 114],
[11, 33, 56, 80, 87, 106],
[12, 40, 55, 71, 90],
[13, 25, 53, 68, 103],
[14, 23, 52, 78, 95],
[15, 31, 44, 77, 92],
[16, 29, 62, 69, 98],
[17, 35, 54, 74, 100, 113],
[18, 37, 57, 67, 104, 112],
[19, 39, 49, 66, 86, 111],
[20, 30, 47, 65, 88, 110]],

[[0, 31, 48, 66, 89, 110],
[1, 22, 43, 64, 85],
[2, 25, 49, 74, 98, 105],
[3, 27, 52, 63, 97, 109],
[4, 29, 61, 83, 95, 108],
[5, 37, 59, 82, 92, 107],
[6, 33, 47, 77, 86],
[7, 21, 51, 80, 102],
[8, 23, 60, 73, 100],
[9, 35, 62, 76, 94],
[10, 39, 44, 71, 103],
[11, 28, 46, 65, 90, 114],
[12, 34, 57, 81, 88, 106],
[13, 41, 56, 72, 91],
[14, 26, 54, 69, 104],
[15, 24, 53, 79, 96],
[16, 32, 45, 78, 93],
[17, 30, 42, 70, 99],
[18, 36, 55, 75, 101, 113],
[19, 38, 58, 68, 84, 112],
[20, 40, 50, 67, 87, 111]],

[[0, 41, 51, 68, 88, 111],
[1, 32, 49, 67, 90, 110],
[2, 23, 44, 65, 86],
[3, 26, 50, 75, 99, 105],
[4, 28, 53, 64, 98, 109],
[5, 30, 62, 63, 96, 108],
[6, 38, 60, 83, 93, 107],
[7, 34, 48, 78, 87],
[8, 22, 52, 81, 103],
[9, 24, 61, 74, 101],
[10, 36, 42, 77, 95],
[11, 40, 45, 72, 104],
[12, 29, 47, 66, 91, 114],
[13, 35, 58, 82, 89, 106],
[14, 21, 57, 73, 92],
[15, 27, 55, 70, 84],
[16, 25, 54, 80, 97],
[17, 33, 46, 79, 94],
[18, 31, 43, 71, 100],
[19, 37, 56, 76, 102, 113],
[20, 39, 59, 69, 85, 112]],

[[0, 40, 60, 70, 86, 112],
[1, 21, 52, 69, 89, 111],
[2, 33, 50, 68, 91, 110],
[3, 24, 45, 66, 87],
[4, 27, 51, 76, 100, 105],
[5, 29, 54, 65, 99, 109],
[6, 31, 42, 64, 97, 108],
[7, 39, 61, 63, 94, 107],
[8, 35, 49, 79, 88],
[9, 23, 53, 82, 104],
[10, 25, 62, 75, 102],
[11, 37, 43, 78, 96],
[12, 41, 46, 73, 84],
[13, 30, 48, 67, 92, 114],
[14, 36, 59, 83, 90, 106],
[15, 22, 58, 74, 93],
[16, 28, 56, 71, 85],
[17, 26, 55, 81, 98],
[18, 34, 47, 80, 95],
[19, 32, 44, 72, 101],
[20, 38, 57, 77, 103, 113]],

[[0, 39, 58, 78, 104, 113],
[1, 41, 61, 71, 87, 112],
[2, 22, 53, 70, 90, 111],
[3, 34, 51, 69, 92, 110],
[4, 25, 46, 67, 88],
[5, 28, 52, 77, 101, 105],
[6, 30, 55, 66, 100, 109],
[7, 32, 43, 65, 98, 108],
[8, 40, 62, 64, 95, 107],
[9, 36, 50, 80, 89],
[10, 24, 54, 83, 84],
[11, 26, 42, 76, 103],
[12, 38, 44, 79, 97],
[13, 21, 47, 74, 85],
[14, 31, 49, 68, 93, 114],
[15, 37, 60, 63, 91, 106],
[16, 23, 59, 75, 94],
[17, 29, 57, 72, 86],
[18, 27, 56, 82, 99],
[19, 35, 48, 81, 96],
[20, 33, 45, 73, 102]],

[[0, 34, 46, 74, 103],
[1, 40, 59, 79, 84, 113],
[2, 21, 62, 72, 88, 112],
[3, 23, 54, 71, 91, 111],
[4, 35, 52, 70, 93, 110],
[5, 26, 47, 68, 89],
[6, 29, 53, 78, 102, 105],
[7, 31, 56, 67, 101, 109],
[8, 33, 44, 66, 99, 108],
[9, 41, 42, 65, 96, 107],
[10, 37, 51, 81, 90],
[11, 25, 55, 63, 85],
[12, 27, 43, 77, 104],
[13, 39, 45, 80, 98],
[14, 22, 48, 75, 86],
[15, 32, 50, 69, 94, 114],
[16, 38, 61, 64, 92, 106],
[17, 24, 60, 76, 95],
[18, 30, 58, 73, 87],
[19, 28, 57, 83, 100],
[20, 36, 49, 82, 97]],

[[0, 37, 50, 83, 98],
[1, 35, 47, 75, 104],
[2, 41, 60, 80, 85, 113],
[3, 22, 42, 73, 89, 112],
[4, 24, 55, 72, 92, 111],
[5, 36, 53, 71, 94, 110],
[6, 27, 48, 69, 90],
[7, 30, 54, 79, 103, 105],
[8, 32, 57, 68, 102, 109],
[9, 34, 45, 67, 100, 108],
[10, 21, 43, 66, 97, 107],
[11, 38, 52, 82, 91],
[12, 26, 56, 64, 86],
[13, 28, 44, 78, 84],
[14, 40, 46, 81, 99],
[15, 23, 49, 76, 87],
[16, 33, 51, 70, 95, 114],
[17, 39, 62, 65, 93, 106],
[18, 25, 61, 77, 96],
[19, 31, 59, 74, 88],
[20, 29, 58, 63, 101]],

[[0, 30, 59, 64, 102],
[1, 38, 51, 63, 99],
[2, 36, 48, 76, 84],
[3, 21, 61, 81, 86, 113],
[4, 23, 43, 74, 90, 112],
[5, 25, 56, 73, 93, 111],
[6, 37, 54, 72, 95, 110],
[7, 28, 49, 70, 91],
[8, 31, 55, 80, 104, 105],
[9, 33, 58, 69, 103, 109],
[10, 35, 46, 68, 101, 108],
[11, 22, 44, 67, 98, 107],
[12, 39, 53, 83, 92],
[13, 27, 57, 65, 87],
[14, 29, 45, 79, 85],
[15, 41, 47, 82, 100],
[16, 24, 50, 77, 88],
[17, 34, 52, 71, 96, 114],
[18, 40, 42, 66, 94, 106],
[19, 26, 62, 78, 97],
[20, 32, 60, 75, 89]],

[[0, 33, 61, 76, 90],
[1, 31, 60, 65, 103],
[2, 39, 52, 64, 100],
[3, 37, 49, 77, 85],
[4, 22, 62, 82, 87, 113],
[5, 24, 44, 75, 91, 112],
[6, 26, 57, 74, 94, 111],
[7, 38, 55, 73, 96, 110],
[8, 29, 50, 71, 92],
[9, 32, 56, 81, 84, 105],
[10, 34, 59, 70, 104, 109],
[11, 36, 47, 69, 102, 108],
[12, 23, 45, 68, 99, 107],
[13, 40, 54, 63, 93],
[14, 28, 58, 66, 88],
[15, 30, 46, 80, 86],
[16, 21, 48, 83, 101],
[17, 25, 51, 78, 89],
[18, 35, 53, 72, 97, 114],
[19, 41, 43, 67, 95, 106],
[20, 27, 42, 79, 98]],

[[0, 28, 43, 80, 99],
[1, 34, 62, 77, 91],
[2, 32, 61, 66, 104],
[3, 40, 53, 65, 101],
[4, 38, 50, 78, 86],
[5, 23, 42, 83, 88, 113],
[6, 25, 45, 76, 92, 112],
[7, 27, 58, 75, 95, 111],
[8, 39, 56, 74, 97, 110],
[9, 30, 51, 72, 93],
[10, 33, 57, 82, 85, 105],
[11, 35, 60, 71, 84, 109],
[12, 37, 48, 70, 103, 108],
[13, 24, 46, 69, 100, 107],
[14, 41, 55, 64, 94],
[15, 29, 59, 67, 89],
[16, 31, 47, 81, 87],
[17, 22, 49, 63, 102],
[18, 26, 52, 79, 90],
[19, 36, 54, 73, 98, 114],
[20, 21, 44, 68, 96, 106]],

[[0, 22, 45, 69, 97, 106],
[1, 29, 44, 81, 100],
[2, 35, 42, 78, 92],
[3, 33, 62, 67, 84],
[4, 41, 54, 66, 102],
[5, 39, 51, 79, 87],
[6, 24, 43, 63, 89, 113],
[7, 26, 46, 77, 93, 112],
[8, 28, 59, 76, 96, 111],
[9, 40, 57, 75, 98, 110],
[10, 31, 52, 73, 94],
[11, 34, 58, 83, 86, 105],
[12, 36, 61, 72, 85, 109],
[13, 38, 49, 71, 104, 108],
[14, 25, 47, 70, 101, 107],
[15, 21, 56, 65, 95],
[16, 30, 60, 68, 90],
[17, 32, 48, 82, 88],
[18, 23, 50, 64, 103],
[19, 27, 53, 80, 91],
[20, 37, 55, 74, 99, 114]],

[[0, 38, 56, 75, 100, 114],
[1, 23, 46, 70, 98, 106],
[2, 30, 45, 82, 101],
[3, 36, 43, 79, 93],
[4, 34, 42, 68, 85],
[5, 21, 55, 67, 103],
[6, 40, 52, 80, 88],
[7, 25, 44, 64, 90, 113],
[8, 27, 47, 78, 94, 112],
[9, 29, 60, 77, 97, 111],
[10, 41, 58, 76, 99, 110],
[11, 32, 53, 74, 95],
[12, 35, 59, 63, 87, 105],
[13, 37, 62, 73, 86, 109],
[14, 39, 50, 72, 84, 108],
[15, 26, 48, 71, 102, 107],
[16, 22, 57, 66, 96],
[17, 31, 61, 69, 91],
[18, 33, 49, 83, 89],
[19, 24, 51, 65, 104],
[20, 28, 54, 81, 92]],

[[0, 29, 55, 82, 93],
[1, 39, 57, 76, 101, 114],
[2, 24, 47, 71, 99, 106],
[3, 31, 46, 83, 102],
[4, 37, 44, 80, 94],
[5, 35, 43, 69, 86],
[6, 22, 56, 68, 104],
[7, 41, 53, 81, 89],
[8, 26, 45, 65, 91, 113],
[9, 28, 48, 79, 95, 112],
[10, 30, 61, 78, 98, 111],
[11, 21, 59, 77, 100, 110],
[12, 33, 54, 75, 96],
[13, 36, 60, 64, 88, 105],
[14, 38, 42, 74, 87, 109],
[15, 40, 51, 73, 85, 108],
[16, 27, 49, 72, 103, 107],
[17, 23, 58, 67, 97],
[18, 32, 62, 70, 92],
[19, 34, 50, 63, 90],
[20, 25, 52, 66, 84]],

[[0, 26, 53, 67, 85],
[1, 30, 56, 83, 94],
[2, 40, 58, 77, 102, 114],
[3, 25, 48, 72, 100, 106],
[4, 32, 47, 63, 103],
[5, 38, 45, 81, 95],
[6, 36, 44, 70, 87],
[7, 23, 57, 69, 84],
[8, 21, 54, 82, 90],
[9, 27, 46, 66, 92, 113],
[10, 29, 49, 80, 96, 112],
[11, 31, 62, 79, 99, 111],
[12, 22, 60, 78, 101, 110],
[13, 34, 55, 76, 97],
[14, 37, 61, 65, 89, 105],
[15, 39, 43, 75, 88, 109],
[16, 41, 52, 74, 86, 108],
[17, 28, 50, 73, 104, 107],
[18, 24, 59, 68, 98],
[19, 33, 42, 71, 93],
[20, 35, 51, 64, 91]],

[[0, 36, 52, 65, 92],
[1, 27, 54, 68, 86],
[2, 31, 57, 63, 95],
[3, 41, 59, 78, 103, 114],
[4, 26, 49, 73, 101, 106],
[5, 33, 48, 64, 104],
[6, 39, 46, 82, 96],
[7, 37, 45, 71, 88],
[8, 24, 58, 70, 85],
[9, 22, 55, 83, 91],
[10, 28, 47, 67, 93, 113],
[11, 30, 50, 81, 97, 112],
[12, 32, 42, 80, 100, 111],
[13, 23, 61, 79, 102, 110],
[14, 35, 56, 77, 98],
[15, 38, 62, 66, 90, 105],
[16, 40, 44, 76, 89, 109],
[17, 21, 53, 75, 87, 108],
[18, 29, 51, 74, 84, 107],
[19, 25, 60, 69, 99],
[20, 34, 43, 72, 94]],

[[0, 35, 44, 73, 95],
[1, 37, 53, 66, 93],
[2, 28, 55, 69, 87],
[3, 32, 58, 64, 96],
[4, 21, 60, 79, 104, 114],
[5, 27, 50, 74, 102, 106],
[6, 34, 49, 65, 84],
[7, 40, 47, 83, 97],
[8, 38, 46, 72, 89],
[9, 25, 59, 71, 86],
[10, 23, 56, 63, 92],
[11, 29, 48, 68, 94, 113],
[12, 31, 51, 82, 98, 112],
[13, 33, 43, 81, 101, 111],
[14, 24, 62, 80, 103, 110],
[15, 36, 57, 78, 99],
[16, 39, 42, 67, 91, 105],
[17, 41, 45, 77, 90, 109],
[18, 22, 54, 76, 88, 108],
[19, 30, 52, 75, 85, 107],
[20, 26, 61, 70, 100]],

[[0, 27, 62, 71, 101],
[1, 36, 45, 74, 96],
[2, 38, 54, 67, 94],
[3, 29, 56, 70, 88],
[4, 33, 59, 65, 97],
[5, 22, 61, 80, 84, 114],
[6, 28, 51, 75, 103, 106],
[7, 35, 50, 66, 85],
[8, 41, 48, 63, 98],
[9, 39, 47, 73, 90],
[10, 26, 60, 72, 87],
[11, 24, 57, 64, 93],
[12, 30, 49, 69, 95, 113],
[13, 32, 52, 83, 99, 112],
[14, 34, 44, 82, 102, 111],
[15, 25, 42, 81, 104, 110],
[16, 37, 58, 79, 100],
[17, 40, 43, 68, 92, 105],
[18, 21, 46, 78, 91, 109],
[19, 23, 55, 77, 89, 108],
[20, 31, 53, 76, 86, 107]],

[[0, 32, 54, 77, 87, 107],
[1, 28, 42, 72, 102],
[2, 37, 46, 75, 97],
[3, 39, 55, 68, 95],
[4, 30, 57, 71, 89],
[5, 34, 60, 66, 98],
[6, 23, 62, 81, 85, 114],
[7, 29, 52, 76, 104, 106],
[8, 36, 51, 67, 86],
[9, 21, 49, 64, 99],
[10, 40, 48, 74, 91],
[11, 27, 61, 73, 88],
[12, 25, 58, 65, 94],
[13, 31, 50, 70, 96, 113],
[14, 33, 53, 63, 100, 112],
[15, 35, 45, 83, 103, 111],
[16, 26, 43, 82, 84, 110],
[17, 38, 59, 80, 101],
[18, 41, 44, 69, 93, 105],
[19, 22, 47, 79, 92, 109],
[20, 24, 56, 78, 90, 108]],

[[0, 25, 57, 79, 91, 108],
[1, 33, 55, 78, 88, 107],
[2, 29, 43, 73, 103],
[3, 38, 47, 76, 98],
[4, 40, 56, 69, 96],
[5, 31, 58, 72, 90],
[6, 35, 61, 67, 99],
[7, 24, 42, 82, 86, 114],
[8, 30, 53, 77, 84, 106],
[9, 37, 52, 68, 87],
[10, 22, 50, 65, 100],
[11, 41, 49, 75, 92],
[12, 28, 62, 74, 89],
[13, 26, 59, 66, 95],
[14, 32, 51, 71, 97, 113],
[15, 34, 54, 64, 101, 112],
[16, 36, 46, 63, 104, 111],
[17, 27, 44, 83, 85, 110],
[18, 39, 60, 81, 102],
[19, 21, 45, 70, 94, 105],
[20, 23, 48, 80, 93, 109]],

[[0, 24, 49, 81, 94, 109],
[1, 26, 58, 80, 92, 108],
[2, 34, 56, 79, 89, 107],
[3, 30, 44, 74, 104],
[4, 39, 48, 77, 99],
[5, 41, 57, 70, 97],
[6, 32, 59, 73, 91],
[7, 36, 62, 68, 100],
[8, 25, 43, 83, 87, 114],
[9, 31, 54, 78, 85, 106],
[10, 38, 53, 69, 88],
[11, 23, 51, 66, 101],
[12, 21, 50, 76, 93],
[13, 29, 42, 75, 90],
[14, 27, 60, 67, 96],
[15, 33, 52, 72, 98, 113],
[16, 35, 55, 65, 102, 112],
[17, 37, 47, 64, 84, 111],
[18, 28, 45, 63, 86, 110],
[19, 40, 61, 82, 103],
[20, 22, 46, 71, 95, 105]],

[[0, 23, 47, 72, 96, 105],
[1, 25, 50, 82, 95, 109],
[2, 27, 59, 81, 93, 108],
[3, 35, 57, 80, 90, 107],
[4, 31, 45, 75, 84],
[5, 40, 49, 78, 100],
[6, 21, 58, 71, 98],
[7, 33, 60, 74, 92],
[8, 37, 42, 69, 101],
[9, 26, 44, 63, 88, 114],
[10, 32, 55, 79, 86, 106],
[11, 39, 54, 70, 89],
[12, 24, 52, 67, 102],
[13, 22, 51, 77, 94],
[14, 30, 43, 76, 91],
[15, 28, 61, 68, 97],
[16, 34, 53, 73, 99, 113],
[17, 36, 56, 66, 103, 112],
[18, 38, 48, 65, 85, 111],
[19, 29, 46, 64, 87, 110],
[20, 41, 62, 83, 104]]]