[[[0,1,2,3,4,5],
[6,7,8,9,10,11],
[12,13,14,15,16,17],
[18,19,20,21,22],
[23,24,25,26,27],
[28,29,30,31,32],
[33,34,35,36,37],
[38,39,40,41,42],
[43,44,45,46,47],
[48,49,50,51,52],
[53,54,55,56,57],
[58,59,60,61,62],
[63,64,65,66,67],
[68,69,70,71,72],
[73,74,75,76,77],
[78,79,80,81,82],
[83,84,85,86,87],
[88,89,90,91,92],
[93,94,95,96,97],
[98,99,100,101,102],
[103,104,105,106,107],
[108,109,110,111,112]],

[[0,7,14,20,26,32],
[6,13,19,25,31,37],
[12,18,24,30,36,42],
[23,29,35,41,47],
[28,34,40,46,52],
[33,39,45,51,57],
[38,44,50,56,62],
[43,49,55,61,67],
[48,54,60,66,72],
[53,59,65,71,77],
[58,64,70,76,82],
[63,69,75,81,87],
[68,74,80,86,92],
[73,79,85,91,97],
[78,84,90,96,102],
[83,89,95,101,107],
[88,94,100,106,112],
[5,93,99,105,111],
[4,11,98,104,110],
[3,10,17,103,109],
[2,9,16,22,108],
[1,8,15,21,27]],

[[0,8,13,22,30,41],
[6,14,18,27,35,46],
[12,19,23,32,40,51],
[24,28,37,45,56],
[29,33,42,50,61],
[34,38,47,55,66],
[39,43,52,60,71],
[44,48,57,65,76],
[49,53,62,70,81],
[54,58,67,75,86],
[59,63,72,80,91],
[64,68,77,85,96],
[69,73,82,90,101],
[74,78,87,95,106],
[79,83,92,100,111],
[4,84,88,97,105],
[10,89,93,102,110],
[3,16,94,98,107],
[9,21,99,103,112],
[5,15,26,104,108],
[1,11,20,31,109],
[2,7,17,25,36]],

[[0,9,17,18,29,51],
[6,15,22,23,34,56],
[12,20,27,28,39,61],
[25,32,33,44,66],
[30,37,38,49,71],
[35,42,43,54,76],
[40,47,48,59,81],
[45,52,53,64,86],
[50,57,58,69,91],
[55,62,63,74,96],
[60,67,68,79,101],
[65,72,73,84,106],
[70,77,78,89,111],
[4,75,82,83,94],
[10,80,87,88,99],
[16,85,92,93,104],
[21,90,97,98,109],
[2,26,95,102,103],
[8,31,100,107,108],
[1,14,36,105,112],
[5,7,19,41,110],
[3,11,13,24,46]],

[[0,10,15,19,28,42],
[6,16,20,24,33,47],
[12,21,25,29,38,52],
[26,30,34,43,57],
[31,35,39,48,62],
[36,40,44,53,67],
[41,45,49,58,72],
[46,50,54,63,77],
[51,55,59,68,82],
[56,60,64,73,87],
[61,65,69,78,92],
[66,70,74,83,97],
[71,75,79,88,102],
[76,80,84,93,107],
[81,85,89,98,112],
[5,86,90,94,103],
[11,91,95,99,108],
[1,17,96,100,104],
[7,22,101,105,109],
[2,13,27,106,110],
[3,8,18,32,111],
[4,9,14,23,37]],

[[0,11,16,23,39,50],
[6,17,21,28,44,55],
[12,22,26,33,49,60],
[27,31,38,54,65],
[32,36,43,59,70],
[37,41,48,64,75],
[42,46,53,69,80],
[47,51,58,74,85],
[52,56,63,79,90],
[57,61,68,84,95],
[62,66,73,89,100],
[67,71,78,94,105],
[72,76,83,99,110],
[3,77,81,88,104],
[9,82,86,93,109],
[2,15,87,91,98],
[8,20,92,96,103],
[14,25,97,101,108],
[1,19,30,102,106],
[7,24,35,107,111],
[4,13,29,40,112],
[5,10,18,34,45]],

[[0,21,24,40,43,62],
[6,26,29,45,48,67],
[12,31,34,50,53,72],
[36,39,55,58,77],
[41,44,60,63,82],
[46,49,65,68,87],
[51,54,70,73,92],
[56,59,75,78,97],
[61,64,80,83,102],
[66,69,85,88,107],
[71,74,90,93,112],
[5,76,79,95,98],
[11,81,84,100,103],
[17,86,89,105,108],
[1,22,91,94,110],
[3,7,27,96,99],
[9,13,32,101,104],
[15,18,37,106,109],
[2,20,23,42,111],
[4,8,25,28,47],
[10,14,30,33,52],
[16,19,35,38,57]],

[[0,25,34,48,61,77],
[6,30,39,53,66,82],
[12,35,44,58,71,87],
[40,49,63,76,92],
[45,54,68,81,97],
[50,59,73,86,102],
[55,64,78,91,107],
[60,69,83,96,112],
[5,65,74,88,101],
[11,70,79,93,106],
[17,75,84,98,111],
[4,22,80,89,103],
[10,27,85,94,108],
[1,16,32,90,99],
[7,21,37,95,104],
[13,26,42,100,109],
[2,18,31,47,105],
[8,23,36,52,110],
[3,14,28,41,57],
[9,19,33,46,62],
[15,24,38,51,67],
[20,29,43,56,72]],

[[0,27,33,55,69,76],
[6,32,38,60,74,81],
[12,37,43,65,79,86],
[42,48,70,84,91],
[47,53,75,89,96],
[52,58,80,94,101],
[57,63,85,99,106],
[62,68,90,104,111],
[4,67,73,95,109],
[2,10,72,78,100],
[8,16,77,83,105],
[14,21,82,88,110],
[3,19,26,87,93],
[9,24,31,92,98],
[15,29,36,97,103],
[20,34,41,102,108],
[1,25,39,46,107],
[7,30,44,51,112],
[5,13,35,49,56],
[11,18,40,54,61],
[17,23,45,59,66],
[22,28,50,64,71]],

[[0,31,44,52,68,75],
[6,36,49,57,73,80],
[12,41,54,62,78,85],
[46,59,67,83,90],
[51,64,72,88,95],
[56,69,77,93,100],
[61,74,82,98,105],
[66,79,87,103,110],
[3,71,84,92,108],
[1,9,76,89,97],
[7,15,81,94,102],
[13,20,86,99,107],
[18,25,91,104,112],
[5,23,30,96,109],
[2,11,28,35,101],
[8,17,33,40,106],
[14,22,38,45,111],
[4,19,27,43,50],
[10,24,32,48,55],
[16,29,37,53,60],
[21,34,42,58,65],
[26,39,47,63,70]],

[[0,35,67,74,91,103],
[6,40,72,79,96,108],
[1,12,45,77,84,101],
[7,50,82,89,106],
[13,55,87,94,111],
[4,18,60,92,99],
[10,23,65,97,104],
[16,28,70,102,109],
[2,21,33,75,107],
[8,26,38,80,112],
[5,14,31,43,85],
[11,19,36,48,90],
[17,24,41,53,95],
[22,29,46,58,100],
[27,34,51,63,105],
[32,39,56,68,110],
[3,37,44,61,73],
[9,42,49,66,78],
[15,47,54,71,83],
[20,52,59,76,88],
[25,57,64,81,93],
[30,62,69,86,98]],

[[0,36,47,60,88,109],
[2,6,41,52,65,93],
[8,12,46,57,70,98],
[14,51,62,75,103],
[19,56,67,80,108],
[1,24,61,72,85],
[7,29,66,77,90],
[13,34,71,82,95],
[18,39,76,87,100],
[23,44,81,92,105],
[28,49,86,97,110],
[3,33,54,91,102],
[9,38,59,96,107],
[15,43,64,101,112],
[5,20,48,69,106],
[11,25,53,74,111],
[4,17,30,58,79],
[10,22,35,63,84],
[16,27,40,68,89],
[21,32,45,73,94],
[26,37,50,78,99],
[31,42,55,83,104]],

[[0,37,54,80,96,98],
[6,42,59,85,101,103],
[12,47,64,90,106,108],
[1,52,69,95,111],
[4,7,57,74,100],
[10,13,62,79,105],
[16,18,67,84,110],
[3,21,23,72,89],
[9,26,28,77,94],
[15,31,33,82,99],
[20,36,38,87,104],
[25,41,43,92,109],
[2,30,46,48,97],
[8,35,51,53,102],
[14,40,56,58,107],
[19,45,61,63,112],
[5,24,50,66,68],
[11,29,55,71,73],
[17,34,60,76,78],
[22,39,65,81,83],
[27,44,70,86,88],
[32,49,75,91,93]],

[[0,38,46,64,92,110],
[3,6,43,51,69,97],
[9,12,48,56,74,102],
[15,53,61,79,107],
[20,58,66,84,112],
[5,25,63,71,89],
[11,30,68,76,94],
[17,35,73,81,99],
[22,40,78,86,104],
[27,45,83,91,109],
[2,32,50,88,96],
[8,37,55,93,101],
[14,42,60,98,106],
[19,47,65,103,111],
[4,24,52,70,108],
[1,10,29,57,75],
[7,16,34,62,80],
[13,21,39,67,85],
[18,26,44,72,90],
[23,31,49,77,95],
[28,36,54,82,100],
[33,41,59,87,105]]

]
