[[[0,39,51,67,81],
[19,20,41,71,87],
[13,24,59,72,92],
[10,26,58,79,98],
[15,29,48,68,99],
[2,36,40,62,96,100],
[14,37,54,77,80,101],
[3,25,45,60,83,102],
[6,30,55,76,84,103],
[4,33,57,69,90,104],
[9,35,46,73,85,105],
[1,28,44,70,94,106],
[7,38,53,63,89,107],
[11,32,42,66,95,108],
[16,34,52,65,93,109],
[17,23,56,75,88,110],
[5,22,50,78,97,111],
[12,21,47,64,82,112],
[8,27,49,74,91,113],
[18,31,43,61,86,114]],

[[1,39,52,68,82],
[19,21,42,72,88],
[14,25,59,73,93],
[11,27,40,79,80],
[16,30,49,69,99],
[3,37,41,63,97,100],
[15,38,55,78,81,101],
[4,26,46,61,84,102],
[7,31,56,77,85,103],
[5,34,58,70,91,104],
[10,36,47,74,86,105],
[2,29,45,71,95,106],
[8,20,54,64,90,107],
[12,33,43,67,96,108],
[17,35,53,66,94,109],
[18,24,57,76,89,110],
[6,23,51,60,98,111],
[13,22,48,65,83,112],
[9,28,50,75,92,113],
[0,32,44,62,87,114]],

[[2,39,53,69,83],
[19,22,43,73,89],
[15,26,59,74,94],
[12,28,41,79,81],
[17,31,50,70,99],
[4,38,42,64,98,100],
[16,20,56,60,82,101],
[5,27,47,62,85,102],
[8,32,57,78,86,103],
[6,35,40,71,92,104],
[11,37,48,75,87,105],
[3,30,46,72,96,106],
[9,21,55,65,91,107],
[13,34,44,68,97,108],
[18,36,54,67,95,109],
[0,25,58,77,90,110],
[7,24,52,61,80,111],
[14,23,49,66,84,112],
[10,29,51,76,93,113],
[1,33,45,63,88,114]],

[[3,39,54,70,84],
[19,23,44,74,90],
[16,27,59,75,95],
[13,29,42,79,82],
[18,32,51,71,99],
[5,20,43,65,80,100],
[17,21,57,61,83,101],
[6,28,48,63,86,102],
[9,33,58,60,87,103],
[7,36,41,72,93,104],
[12,38,49,76,88,105],
[4,31,47,73,97,106],
[10,22,56,66,92,107],
[14,35,45,69,98,108],
[0,37,55,68,96,109],
[1,26,40,78,91,110],
[8,25,53,62,81,111],
[15,24,50,67,85,112],
[11,30,52,77,94,113],
[2,34,46,64,89,114]],

[[4,39,55,71,85],
[19,24,45,75,91],
[17,28,59,76,96],
[14,30,43,79,83],
[0,33,52,72,99],
[6,21,44,66,81,100],
[18,22,58,62,84,101],
[7,29,49,64,87,102],
[10,34,40,61,88,103],
[8,37,42,73,94,104],
[13,20,50,77,89,105],
[5,32,48,74,98,106],
[11,23,57,67,93,107],
[15,36,46,70,80,108],
[1,38,56,69,97,109],
[2,27,41,60,92,110],
[9,26,54,63,82,111],
[16,25,51,68,86,112],
[12,31,53,78,95,113],
[3,35,47,65,90,114]],

[[5,39,56,72,86],
[19,25,46,76,92],
[18,29,59,77,97],
[15,31,44,79,84],
[1,34,53,73,99],
[7,22,45,67,82,100],
[0,23,40,63,85,101],
[8,30,50,65,88,102],
[11,35,41,62,89,103],
[9,38,43,74,95,104],
[14,21,51,78,90,105],
[6,33,49,75,80,106],
[12,24,58,68,94,107],
[16,37,47,71,81,108],
[2,20,57,70,98,109],
[3,28,42,61,93,110],
[10,27,55,64,83,111],
[17,26,52,69,87,112],
[13,32,54,60,96,113],
[4,36,48,66,91,114]],

[[6,39,57,73,87],
[19,26,47,77,93],
[0,30,59,78,98],
[16,32,45,79,85],
[2,35,54,74,99],
[8,23,46,68,83,100],
[1,24,41,64,86,101],
[9,31,51,66,89,102],
[12,36,42,63,90,103],
[10,20,44,75,96,104],
[15,22,52,60,91,105],
[7,34,50,76,81,106],
[13,25,40,69,95,107],
[17,38,48,72,82,108],
[3,21,58,71,80,109],
[4,29,43,62,94,110],
[11,28,56,65,84,111],
[18,27,53,70,88,112],
[14,33,55,61,97,113],
[5,37,49,67,92,114]],

[[7,39,58,74,88],
[19,27,48,78,94],
[1,31,59,60,80],
[17,33,46,79,86],
[3,36,55,75,99],
[9,24,47,69,84,100],
[2,25,42,65,87,101],
[10,32,52,67,90,102],
[13,37,43,64,91,103],
[11,21,45,76,97,104],
[16,23,53,61,92,105],
[8,35,51,77,82,106],
[14,26,41,70,96,107],
[18,20,49,73,83,108],
[4,22,40,72,81,109],
[5,30,44,63,95,110],
[12,29,57,66,85,111],
[0,28,54,71,89,112],
[15,34,56,62,98,113],
[6,38,50,68,93,114]],

[[8,39,40,75,89],
[19,28,49,60,95],
[2,32,59,61,81],
[18,34,47,79,87],
[4,37,56,76,99],
[10,25,48,70,85,100],
[3,26,43,66,88,101],
[11,33,53,68,91,102],
[14,38,44,65,92,103],
[12,22,46,77,98,104],
[17,24,54,62,93,105],
[9,36,52,78,83,106],
[15,27,42,71,97,107],
[0,21,50,74,84,108],
[5,23,41,73,82,109],
[6,31,45,64,96,110],
[13,30,58,67,86,111],
[1,29,55,72,90,112],
[16,35,57,63,80,113],
[7,20,51,69,94,114]],

[[9,39,41,76,90],
[19,29,50,61,96],
[3,33,59,62,82],
[0,35,48,79,88],
[5,38,57,77,99],
[11,26,49,71,86,100],
[4,27,44,67,89,101],
[12,34,54,69,92,102],
[15,20,45,66,93,103],
[13,23,47,78,80,104],
[18,25,55,63,94,105],
[10,37,53,60,84,106],
[16,28,43,72,98,107],
[1,22,51,75,85,108],
[6,24,42,74,83,109],
[7,32,46,65,97,110],
[14,31,40,68,87,111],
[2,30,56,73,91,112],
[17,36,58,64,81,113],
[8,21,52,70,95,114]],

[[10,39,42,77,91],
[19,30,51,62,97],
[4,34,59,63,83],
[1,36,49,79,89],
[6,20,58,78,99],
[12,27,50,72,87,100],
[5,28,45,68,90,101],
[13,35,55,70,93,102],
[16,21,46,67,94,103],
[14,24,48,60,81,104],
[0,26,56,64,95,105],
[11,38,54,61,85,106],
[17,29,44,73,80,107],
[2,23,52,76,86,108],
[7,25,43,75,84,109],
[8,33,47,66,98,110],
[15,32,41,69,88,111],
[3,31,57,74,92,112],
[18,37,40,65,82,113],
[9,22,53,71,96,114]],

[[11,39,43,78,92],
[19,31,52,63,98],
[5,35,59,64,84],
[2,37,50,79,90],
[7,21,40,60,99],
[13,28,51,73,88,100],
[6,29,46,69,91,101],
[14,36,56,71,94,102],
[17,22,47,68,95,103],
[15,25,49,61,82,104],
[1,27,57,65,96,105],
[12,20,55,62,86,106],
[18,30,45,74,81,107],
[3,24,53,77,87,108],
[8,26,44,76,85,109],
[9,34,48,67,80,110],
[16,33,42,70,89,111],
[4,32,58,75,93,112],
[0,38,41,66,83,113],
[10,23,54,72,97,114]],

[[12,39,44,60,93],
[19,32,53,64,80],
[6,36,59,65,85],
[3,38,51,79,91],
[8,22,41,61,99],
[14,29,52,74,89,100],
[7,30,47,70,92,101],
[15,37,57,72,95,102],
[18,23,48,69,96,103],
[16,26,50,62,83,104],
[2,28,58,66,97,105],
[13,21,56,63,87,106],
[0,31,46,75,82,107],
[4,25,54,78,88,108],
[9,27,45,77,86,109],
[10,35,49,68,81,110],
[17,34,43,71,90,111],
[5,33,40,76,94,112],
[1,20,42,67,84,113],
[11,24,55,73,98,114]],

[[13,39,45,61,94],
[19,33,54,65,81],
[7,37,59,66,86],
[4,20,52,79,92],
[9,23,42,62,99],
[15,30,53,75,90,100],
[8,31,48,71,93,101],
[16,38,58,73,96,102],
[0,24,49,70,97,103],
[17,27,51,63,84,104],
[3,29,40,67,98,105],
[14,22,57,64,88,106],
[1,32,47,76,83,107],
[5,26,55,60,89,108],
[10,28,46,78,87,109],
[11,36,50,69,82,110],
[18,35,44,72,91,111],
[6,34,41,77,95,112],
[2,21,43,68,85,113],
[12,25,56,74,80,114]],

[[14,39,46,62,95],
[19,34,55,66,82],
[8,38,59,67,87],
[5,21,53,79,93],
[10,24,43,63,99],
[16,31,54,76,91,100],
[9,32,49,72,94,101],
[17,20,40,74,97,102],
[1,25,50,71,98,103],
[18,28,52,64,85,104],
[4,30,41,68,80,105],
[15,23,58,65,89,106],
[2,33,48,77,84,107],
[6,27,56,61,90,108],
[11,29,47,60,88,109],
[12,37,51,70,83,110],
[0,36,45,73,92,111],
[7,35,42,78,96,112],
[3,22,44,69,86,113],
[13,26,57,75,81,114]],

[[15,39,47,63,96],
[19,35,56,67,83],
[9,20,59,68,88],
[6,22,54,79,94],
[11,25,44,64,99],
[17,32,55,77,92,100],
[10,33,50,73,95,101],
[18,21,41,75,98,102],
[2,26,51,72,80,103],
[0,29,53,65,86,104],
[5,31,42,69,81,105],
[16,24,40,66,90,106],
[3,34,49,78,85,107],
[7,28,57,62,91,108],
[12,30,48,61,89,109],
[13,38,52,71,84,110],
[1,37,46,74,93,111],
[8,36,43,60,97,112],
[4,23,45,70,87,113],
[14,27,58,76,82,114]],

[[16,39,48,64,97],
[19,36,57,68,84],
[10,21,59,69,89],
[7,23,55,79,95],
[12,26,45,65,99],
[18,33,56,78,93,100],
[11,34,51,74,96,101],
[0,22,42,76,80,102],
[3,27,52,73,81,103],
[1,30,54,66,87,104],
[6,32,43,70,82,105],
[17,25,41,67,91,106],
[4,35,50,60,86,107],
[8,29,58,63,92,108],
[13,31,49,62,90,109],
[14,20,53,72,85,110],
[2,38,47,75,94,111],
[9,37,44,61,98,112],
[5,24,46,71,88,113],
[15,28,40,77,83,114]],

[[17,39,49,65,98],
[19,37,58,69,85],
[11,22,59,70,90],
[8,24,56,79,96],
[13,27,46,66,99],
[0,34,57,60,94,100],
[12,35,52,75,97,101],
[1,23,43,77,81,102],
[4,28,53,74,82,103],
[2,31,55,67,88,104],
[7,33,44,71,83,105],
[18,26,42,68,92,106],
[5,36,51,61,87,107],
[9,30,40,64,93,108],
[14,32,50,63,91,109],
[15,21,54,73,86,110],
[3,20,48,76,95,111],
[10,38,45,62,80,112],
[6,25,47,72,89,113],
[16,29,41,78,84,114]],

[[18,39,50,66,80],
[19,38,40,70,86],
[12,23,59,71,91],
[9,25,57,79,97],
[14,28,47,67,99],
[1,35,58,61,95,100],
[13,36,53,76,98,101],
[2,24,44,78,82,102],
[5,29,54,75,83,103],
[3,32,56,68,89,104],
[8,34,45,72,84,105],
[0,27,43,69,93,106],
[6,37,52,62,88,107],
[10,31,41,65,94,108],
[15,33,51,64,92,109],
[16,22,55,74,87,110],
[4,21,49,77,96,111],
[11,20,46,63,81,112],
[7,26,48,73,90,113],
[17,30,42,60,85,114]]

]
