[[[0,19,38],
[1,7,11],
[2,3,14],
[4,6,9],
[20,26,30],
[21,22,33],
[23,25,28],
[39,45,49],
[40,41,52],
[42,44,47],
[8,37,50],
[16,36,43],
[13,34,48],
[18,31,46],
[17,24,54],
[15,29,51],
[12,27,56],
[5,35,55],
[10,32,53],
[58,77,96],
[59,65,69],
[60,61,72],
[62,64,67],
[78,84,88],
[79,80,91],
[81,83,86],
[97,103,107],
[98,99,110],
[100,102,105],
[66,76,108],
[74,94,101],
[71,92,106],
[57,89,104],
[75,82,112],
[73,87,109],
[70,85,95],
[63,93,113],
[68,90,111]],

[[19,57,95],
[1,64,68],
[14,59,60],
[6,61,66],
[26,77,87],
[21,79,90],
[23,82,85],
[45,96,106],
[40,98,109],
[42,101,104],
[37,65,107],
[16,93,100],
[13,91,105],
[18,88,103],
[54,74,81],
[15,86,108],
[12,84,113],
[5,92,112],
[32,67,110],
[20,39,58],
[2,8,69],
[3,4,72],
[7,10,62],
[27,31,78],
[22,34,80],
[24,29,83],
[46,50,97],
[41,53,99],
[43,48,102],
[9,51,76],
[17,44,94],
[35,49,71],
[0,47,89],
[25,55,75],
[30,52,73],
[28,38,70],
[36,56,63],
[11,33,111]],

[[38,57,76],
[11,58,64],
[3,59,71],
[9,61,63],
[30,77,83],
[22,78,90],
[25,80,85],
[39,102,106],
[41,97,109],
[47,99,101],
[8,94,107],
[36,73,100],
[48,70,91],
[46,75,88],
[17,81,111],
[29,72,108],
[27,69,113],
[35,62,112],
[10,89,110],
[1,20,96],
[2,12,65],
[4,15,60],
[5,7,67],
[21,31,84],
[23,34,79],
[24,26,86],
[40,50,103],
[42,53,98],
[43,45,105],
[19,51,66],
[37,44,74],
[14,49,92],
[0,32,104],
[18,55,82],
[16,52,87],
[13,28,95],
[6,56,93],
[33,54,68]],

[[0,76,95],
[7,58,68],
[2,60,71],
[4,63,66],
[20,83,87],
[33,78,79],
[28,80,82],
[49,96,102],
[52,97,98],
[44,99,104],
[50,65,94],
[43,73,93],
[34,70,105],
[31,75,103],
[24,74,111],
[51,72,86],
[56,69,84],
[55,62,92],
[53,67,89],
[1,39,77],
[8,12,59],
[3,15,61],
[5,10,64],
[21,27,88],
[22,23,91],
[26,29,81],
[40,46,107],
[41,42,110],
[45,48,100],
[9,19,108],
[17,37,101],
[14,35,106],
[32,47,57],
[18,25,112],
[16,30,109],
[13,38,85],
[6,36,113],
[11,54,90]],

[[2,21,40],
[3,9,13],
[4,5,16],
[6,8,11],
[22,28,32],
[23,24,35],
[25,27,30],
[41,47,51],
[42,43,54],
[44,46,49],
[10,20,52],
[18,19,45],
[15,36,50],
[1,33,48],
[0,26,56],
[17,31,53],
[14,29,39],
[7,37,38],
[12,34,55],
[61,80,99],
[62,68,72],
[63,64,75],
[65,67,70],
[81,87,91],
[82,83,94],
[84,86,89],
[100,106,110],
[101,102,113],
[103,105,108],
[69,79,111],
[58,78,104],
[74,76,109],
[60,92,107],
[59,85,96],
[57,90,112],
[73,88,98],
[66,77,97],
[71,93,95]],

[[40,59,78],
[13,60,66],
[4,62,73],
[11,63,65],
[32,79,85],
[24,80,92],
[25,84,87],
[51,98,104],
[43,99,111],
[44,103,106],
[52,67,77],
[18,76,102],
[50,72,93],
[1,90,105],
[0,83,113],
[31,74,110],
[39,71,86],
[38,64,94],
[12,91,112],
[23,42,61],
[5,15,68],
[6,7,75],
[8,10,70],
[30,34,81],
[26,37,82],
[27,29,89],
[49,53,100],
[45,56,101],
[46,48,108],
[22,54,69],
[21,47,58],
[17,19,109],
[3,35,107],
[2,28,96],
[33,55,57],
[16,41,88],
[9,20,97],
[14,36,95]],

[[2,78,97],
[9,60,70],
[16,61,62],
[6,65,68],
[22,85,89],
[35,80,81],
[27,82,87],
[47,98,108],
[42,100,111],
[46,101,106],
[10,77,109],
[19,75,102],
[15,93,107],
[33,58,105],
[56,57,83],
[53,74,88],
[14,86,96],
[37,64,95],
[34,69,112],
[4,23,99],
[5,11,72],
[7,18,63],
[8,13,67],
[24,30,91],
[25,26,94],
[29,32,84],
[43,49,110],
[44,45,113],
[48,51,103],
[12,54,79],
[1,21,104],
[17,52,76],
[3,50,92],
[28,39,59],
[0,55,90],
[31,41,73],
[20,40,66],
[36,38,71]],

[[21,59,97],
[3,66,70],
[5,61,73],
[8,63,68],
[28,79,89],
[23,81,92],
[30,82,84],
[41,104,108],
[54,99,100],
[49,101,103],
[20,67,109],
[45,75,76],
[36,72,107],
[48,58,90],
[26,57,113],
[17,88,110],
[29,71,96],
[7,94,95],
[55,69,91],
[4,42,80],
[11,15,62],
[6,18,64],
[10,13,65],
[24,34,87],
[25,37,83],
[27,32,86],
[43,53,106],
[44,56,102],
[46,51,105],
[12,22,111],
[1,47,78],
[19,52,74],
[35,50,60],
[2,39,85],
[0,33,112],
[16,31,98],
[9,40,77],
[14,38,93]],

[[8,27,46],
[0,9,15],
[3,10,11],
[12,14,17],
[19,28,34],
[22,29,30],
[31,33,36],
[38,47,53],
[41,48,49],
[50,52,55],
[16,26,39],
[5,25,51],
[2,23,56],
[7,20,54],
[6,32,43],
[4,37,40],
[1,35,45],
[13,24,44],
[18,21,42],
[73,92,111],
[61,65,74],
[57,68,75],
[58,60,63],
[80,84,93],
[76,87,94],
[77,79,82],
[99,103,112],
[95,106,113],
[96,98,101],
[62,91,104],
[70,90,97],
[67,88,102],
[72,85,100],
[71,78,108],
[69,83,105],
[66,81,110],
[59,89,109],
[64,86,107]],

[[8,84,103],
[0,66,72],
[3,67,68],
[12,71,74],
[19,85,91],
[22,86,87],
[36,88,90],
[38,104,110],
[41,105,106],
[55,107,109],
[16,83,96],
[5,82,108],
[2,80,113],
[7,77,111],
[43,63,89],
[40,61,94],
[45,58,92],
[24,70,101],
[21,75,99],
[35,54,73],
[4,17,65],
[11,18,57],
[1,6,60],
[23,27,93],
[30,37,76],
[20,25,79],
[42,46,112],
[49,56,95],
[39,44,98],
[34,47,62],
[13,33,97],
[10,31,102],
[15,28,100],
[14,51,78],
[26,48,69],
[9,53,81],
[32,52,59],
[29,50,64]],

[[46,65,84],
[9,57,72],
[10,60,68],
[17,69,71],
[28,76,91],
[29,79,87],
[33,88,93],
[47,95,110],
[49,98,105],
[52,107,112],
[26,73,96],
[51,62,82],
[23,59,113],
[20,64,111],
[6,89,100],
[37,61,97],
[35,58,102],
[44,70,81],
[18,78,99],
[16,54,92],
[4,8,74],
[0,11,75],
[1,3,63],
[27,36,80],
[19,30,94],
[22,25,77],
[42,55,103],
[38,56,106],
[39,41,101],
[5,34,104],
[13,40,90],
[31,45,67],
[15,43,85],
[14,21,108],
[12,48,83],
[24,53,66],
[2,32,109],
[7,50,86]],

[[27,65,103],
[15,57,66],
[11,60,67],
[14,69,74],
[34,76,85],
[30,79,86],
[31,90,93],
[53,95,104],
[48,98,106],
[50,109,112],
[39,73,83],
[25,62,108],
[56,59,80],
[54,64,77],
[32,63,100],
[4,94,97],
[1,92,102],
[13,81,101],
[42,75,78],
[16,35,111],
[8,17,61],
[0,18,68],
[3,6,58],
[23,36,84],
[19,37,87],
[20,22,82],
[46,55,99],
[38,49,113],
[41,44,96],
[5,47,91],
[33,40,70],
[10,45,88],
[28,43,72],
[21,51,71],
[12,26,105],
[9,24,110],
[2,52,89],
[7,29,107]],

[[13,32,51],
[1,5,14],
[8,15,16],
[0,3,17],
[20,24,33],
[27,34,35],
[19,22,36],
[39,43,52],
[46,53,54],
[38,41,55],
[2,31,44],
[10,30,56],
[7,28,42],
[12,25,40],
[11,37,48],
[9,23,45],
[6,21,50],
[18,29,49],
[4,26,47],
[64,83,102],
[65,71,75],
[59,66,67],
[68,70,73],
[84,90,94],
[78,85,86],
[87,89,92],
[103,109,113],
[97,104,105],
[106,108,111],
[72,82,95],
[61,81,107],
[58,79,112],
[63,76,110],
[62,88,99],
[60,93,96],
[57,91,101],
[69,80,100],
[74,77,98]],

[[32,70,108],
[14,58,62],
[15,65,73],
[3,57,74],
[33,77,81],
[34,84,92],
[22,76,93],
[52,96,100],
[54,103,110],
[41,95,112],
[31,59,101],
[10,87,113],
[7,85,99],
[40,69,82],
[11,94,105],
[23,66,102],
[6,78,107],
[29,75,106],
[4,83,104],
[26,45,64],
[8,18,71],
[2,9,67],
[13,16,68],
[27,37,90],
[21,28,86],
[30,35,89],
[46,56,109],
[47,48,97],
[49,51,111],
[25,38,72],
[24,50,61],
[1,55,79],
[19,53,63],
[5,42,88],
[36,39,60],
[0,44,91],
[12,43,80],
[17,20,98]],

[[51,70,89],
[5,58,71],
[16,65,72],
[0,60,74],
[20,81,90],
[35,84,91],
[36,76,79],
[43,96,109],
[53,103,111],
[55,95,98],
[2,88,101],
[56,67,87],
[28,64,99],
[25,69,97],
[37,68,105],
[45,66,80],
[50,63,78],
[18,86,106],
[47,61,83],
[7,26,102],
[8,14,75],
[9,10,59],
[11,13,73],
[27,33,94],
[21,29,85],
[30,32,92],
[46,52,113],
[40,48,104],
[49,54,108],
[15,38,82],
[4,24,107],
[1,22,112],
[6,19,110],
[31,42,62],
[3,39,93],
[34,44,57],
[12,23,100],
[17,41,77]],

[[13,89,108],
[1,62,71],
[8,72,73],
[17,57,60],
[24,77,90],
[27,91,92],
[19,79,93],
[39,100,109],
[46,110,111],
[38,98,112],
[44,59,88],
[30,67,113],
[42,64,85],
[12,82,97],
[48,68,94],
[9,80,102],
[21,63,107],
[49,75,86],
[26,61,104],
[7,45,83],
[14,18,65],
[2,10,66],
[11,16,70],
[33,37,84],
[28,29,78],
[32,35,87],
[52,56,103],
[40,47,105],
[51,54,106],
[15,25,95],
[4,50,81],
[22,55,58],
[6,53,76],
[5,31,99],
[3,36,96],
[0,34,101],
[23,43,69],
[20,41,74]],

[[14,33,52],
[2,6,15],
[9,16,17],
[1,4,18],
[21,25,34],
[28,35,36],
[20,23,37],
[40,44,53],
[47,54,55],
[39,42,56],
[3,32,45],
[11,31,38],
[8,29,43],
[13,26,41],
[12,19,49],
[10,24,46],
[7,22,51],
[0,30,50],
[5,27,48],
[66,85,104],
[58,67,73],
[61,68,69],
[70,72,75],
[77,86,92],
[80,87,88],
[89,91,94],
[96,105,111],
[99,106,107],
[108,110,113],
[74,84,97],
[63,83,109],
[60,81,95],
[65,78,112],
[64,90,101],
[62,76,98],
[59,93,103],
[71,82,102],
[57,79,100]],

[[52,71,90],
[15,59,63],
[9,73,74],
[1,61,75],
[34,78,82],
[35,85,93],
[23,77,94],
[53,97,101],
[54,104,112],
[42,96,113],
[45,60,89],
[38,68,88],
[8,86,100],
[41,70,83],
[12,76,106],
[46,67,81],
[7,79,108],
[0,87,107],
[27,62,105],
[28,47,66],
[10,16,58],
[4,11,69],
[13,18,72],
[20,29,92],
[30,31,80],
[32,37,91],
[39,48,111],
[49,50,99],
[51,56,110],
[17,40,84],
[6,26,109],
[3,24,95],
[21,55,65],
[33,44,64],
[5,19,98],
[2,36,103],
[14,25,102],
[22,43,57]],

[[14,90,109],
[6,59,72],
[17,66,73],
[4,58,75],
[21,82,91],
[36,85,92],
[37,77,80],
[44,97,110],
[47,111,112],
[56,96,99],
[3,89,102],
[31,68,95],
[29,65,100],
[13,83,98],
[19,69,106],
[10,81,103],
[22,64,108],
[50,57,87],
[48,62,84],
[9,28,104],
[1,16,67],
[11,12,61],
[15,18,70],
[20,35,86],
[23,30,88],
[32,34,94],
[39,54,105],
[42,49,107],
[51,53,113],
[27,40,74],
[26,52,63],
[24,38,60],
[8,55,78],
[7,33,101],
[5,41,76],
[2,46,93],
[25,45,71],
[0,43,79]],

[[33,71,109],
[2,63,72],
[16,66,74],
[18,58,61],
[25,78,91],
[28,92,93],
[20,80,94],
[40,101,110],
[55,104,111],
[39,99,113],
[32,60,102],
[11,88,95],
[43,65,86],
[26,70,98],
[49,69,76],
[24,67,103],
[51,64,79],
[30,57,107],
[5,84,105],
[9,47,85],
[1,10,73],
[4,12,68],
[13,15,75],
[29,35,77],
[23,31,87],
[34,37,89],
[48,54,96],
[42,50,106],
[53,56,108],
[17,27,97],
[6,52,83],
[3,38,81],
[8,21,112],
[7,44,90],
[19,41,62],
[36,46,59],
[14,45,82],
[0,22,100]],

[[18,37,56],
[0,6,10],
[1,2,13],
[3,5,8],
[19,25,29],
[20,21,32],
[22,24,27],
[38,44,48],
[39,40,51],
[41,43,46],
[7,36,49],
[15,35,42],
[12,33,47],
[17,30,45],
[16,23,53],
[14,28,50],
[11,26,55],
[4,34,54],
[9,31,52],
[74,93,112],
[62,66,75],
[57,58,69],
[59,61,64],
[81,85,94],
[76,77,88],
[78,80,83],
[100,104,113],
[95,96,107],
[97,99,102],
[63,92,105],
[71,91,98],
[68,89,103],
[73,86,101],
[72,79,109],
[70,84,106],
[67,82,111],
[60,90,110],
[65,87,108]],

[[18,94,113],
[10,57,63],
[13,58,59],
[3,62,65],
[19,82,86],
[21,77,89],
[24,79,84],
[38,101,105],
[40,96,108],
[43,98,103],
[36,64,106],
[35,72,99],
[12,90,104],
[30,74,102],
[16,80,110],
[14,85,107],
[11,83,112],
[4,91,111],
[52,66,88],
[17,55,93],
[5,9,75],
[0,1,69],
[2,7,61],
[28,37,81],
[20,31,76],
[23,26,78],
[47,56,100],
[39,50,95],
[42,45,97],
[6,48,92],
[34,41,71],
[32,46,68],
[29,44,73],
[15,22,109],
[27,49,70],
[25,54,67],
[33,53,60],
[8,51,87]],

[[56,75,94],
[6,57,67],
[1,59,70],
[8,60,62],
[25,76,86],
[20,78,89],
[27,79,81],
[44,95,105],
[39,97,108],
[46,98,100],
[7,93,106],
[15,92,99],
[33,69,104],
[45,74,87],
[23,73,110],
[28,71,107],
[55,68,83],
[34,61,111],
[9,88,109],
[17,36,112],
[5,18,66],
[0,12,58],
[2,4,64],
[24,37,85],
[19,31,77],
[21,26,80],
[43,47,113],
[38,50,96],
[40,42,102],
[35,48,63],
[14,41,91],
[11,32,103],
[16,29,101],
[22,52,72],
[13,49,84],
[10,54,82],
[3,53,90],
[30,51,65]],

[[37,75,113],
[0,63,67],
[2,58,70],
[5,60,65],
[29,76,82],
[32,77,78],
[22,81,84],
[48,95,101],
[51,96,97],
[41,100,103],
[49,64,93],
[42,72,92],
[47,69,90],
[17,87,102],
[53,73,80],
[50,71,85],
[26,68,112],
[54,61,91],
[31,66,109],
[36,55,74],
[9,18,62],
[1,12,57],
[4,7,59],
[24,28,94],
[19,20,88],
[21,23,83],
[43,56,104],
[38,39,107],
[40,45,99],
[6,35,105],
[14,34,98],
[11,46,89],
[16,44,86],
[15,52,79],
[13,27,106],
[10,25,111],
[3,33,110],
[8,30,108]],

[[15,34,53],
[3,7,16],
[10,17,18],
[0,2,5],
[22,26,35],
[29,36,37],
[19,21,24],
[41,45,54],
[48,55,56],
[38,40,43],
[4,33,46],
[12,32,39],
[9,30,44],
[14,27,42],
[13,20,50],
[11,25,47],
[8,23,52],
[1,31,51],
[6,28,49],
[68,87,106],
[60,69,75],
[63,70,71],
[58,72,74],
[79,88,94],
[82,89,90],
[77,91,93],
[98,107,113],
[101,108,109],
[96,110,112],
[57,86,99],
[65,85,111],
[62,83,97],
[67,80,95],
[66,92,103],
[64,78,100],
[61,76,105],
[73,84,104],
[59,81,102]],

[[53,72,91],
[3,64,73],
[10,74,75],
[0,59,62],
[22,83,92],
[36,86,94],
[21,76,81],
[45,98,111],
[48,112,113],
[40,95,100],
[46,61,90],
[32,69,96],
[30,66,101],
[14,84,99],
[50,70,77],
[47,68,82],
[52,65,80],
[1,88,108],
[28,63,106],
[11,49,87],
[12,18,60],
[6,13,71],
[15,17,58],
[31,37,79],
[25,33,89],
[20,34,93],
[41,56,107],
[44,51,109],
[39,55,110],
[29,42,57],
[8,54,85],
[5,26,97],
[23,38,67],
[9,35,103],
[7,43,78],
[4,19,105],
[16,27,104],
[2,24,102]],

[[15,91,110],
[16,60,64],
[18,67,74],
[2,57,62],
[26,79,92],
[37,86,93],
[19,78,81],
[54,98,102],
[56,105,112],
[43,95,97],
[33,61,103],
[39,69,89],
[9,87,101],
[42,71,84],
[20,70,107],
[11,82,104],
[23,65,109],
[51,58,88],
[6,85,106],
[30,49,68],
[3,12,75],
[13,14,63],
[1,17,72],
[22,31,94],
[25,32,90],
[34,36,77],
[41,50,113],
[44,52,108],
[53,55,96],
[0,29,99],
[8,28,111],
[5,40,83],
[10,38,80],
[35,46,66],
[7,21,100],
[4,48,76],
[27,47,73],
[24,45,59]],

[[34,72,110],
[7,60,73],
[17,67,75],
[5,57,59],
[35,79,83],
[29,93,94],
[24,76,78],
[41,102,111],
[55,105,113],
[38,97,100],
[4,90,103],
[12,89,96],
[44,66,87],
[27,71,99],
[13,77,107],
[25,68,104],
[8,80,109],
[31,58,108],
[49,63,85],
[11,30,106],
[3,18,69],
[6,14,70],
[1,15,74],
[22,37,88],
[32,33,82],
[20,36,91],
[50,56,98],
[51,52,101],
[39,53,112],
[0,42,86],
[28,54,65],
[26,40,62],
[10,23,95],
[9,46,92],
[21,43,64],
[19,48,61],
[16,47,84],
[2,45,81]],

[[3,22,41],
[4,10,14],
[5,6,17],
[7,9,12],
[23,29,33],
[24,25,36],
[26,28,31],
[42,48,52],
[43,44,55],
[45,47,50],
[11,21,53],
[0,20,46],
[16,37,51],
[2,34,49],
[1,27,38],
[18,32,54],
[15,30,40],
[8,19,39],
[13,35,56],
[63,82,101],
[64,70,74],
[58,65,66],
[67,69,72],
[83,89,93],
[77,84,85],
[86,88,91],
[102,108,112],
[96,103,104],
[105,107,110],
[71,81,113],
[60,80,106],
[57,78,111],
[62,94,109],
[61,87,98],
[59,92,95],
[75,90,100],
[68,79,99],
[73,76,97]],

[[3,79,98],
[10,61,71],
[6,62,74],
[7,66,69],
[29,80,90],
[36,81,82],
[28,83,88],
[48,99,109],
[55,100,101],
[47,102,107],
[11,78,110],
[0,77,103],
[37,73,108],
[2,91,106],
[1,84,95],
[18,89,111],
[30,72,97],
[19,65,96],
[56,70,92],
[25,44,63],
[13,17,64],
[8,9,58],
[12,15,67],
[26,32,93],
[20,27,85],
[31,34,86],
[45,51,112],
[39,46,104],
[50,53,105],
[14,24,113],
[23,49,60],
[21,54,57],
[5,52,94],
[4,41,87],
[35,38,59],
[33,43,75],
[22,42,68],
[16,40,76]],

[[22,60,98],
[4,67,71],
[17,62,63],
[12,64,66],
[33,80,86],
[24,82,93],
[31,83,85],
[52,99,105],
[44,100,112],
[50,102,104],
[21,68,110],
[46,57,77],
[51,73,94],
[49,59,91],
[27,58,95],
[32,75,111],
[40,72,87],
[8,76,96],
[35,70,113],
[6,25,101],
[7,13,74],
[1,9,65],
[10,15,69],
[26,36,89],
[20,28,84],
[29,34,88],
[45,55,108],
[39,47,103],
[48,53,107],
[14,56,81],
[3,23,106],
[0,54,78],
[5,37,109],
[30,41,61],
[2,38,92],
[18,43,90],
[11,42,79],
[16,19,97]],

[[41,60,79],
[14,61,67],
[5,63,74],
[9,64,69],
[23,86,90],
[25,81,93],
[26,85,88],
[42,105,109],
[43,101,112],
[45,104,107],
[53,68,78],
[20,57,103],
[16,94,108],
[34,59,106],
[38,58,84],
[54,75,89],
[15,87,97],
[39,65,76],
[13,92,113],
[6,44,82],
[7,17,70],
[1,8,66],
[10,12,72],
[32,36,83],
[27,28,77],
[29,31,91],
[51,55,102],
[46,47,96],
[48,50,110],
[24,56,71],
[3,49,80],
[0,21,111],
[37,52,62],
[4,30,98],
[2,35,95],
[18,33,100],
[11,22,99],
[19,40,73]],

[[12,31,50],
[0,4,13],
[7,14,15],
[2,16,18],
[19,23,32],
[26,33,34],
[21,35,37],
[38,42,51],
[45,52,53],
[40,54,56],
[1,30,43],
[9,29,55],
[6,27,41],
[11,24,39],
[10,36,47],
[8,22,44],
[5,20,49],
[17,28,48],
[3,25,46],
[62,81,100],
[63,69,73],
[57,64,65],
[66,68,71],
[82,88,92],
[76,83,84],
[85,87,90],
[101,107,111],
[95,102,103],
[104,106,109],
[70,80,112],
[59,79,105],
[75,77,110],
[61,93,108],
[60,86,97],
[58,91,113],
[74,89,99],
[67,78,98],
[72,94,96]],

[[12,88,107],
[0,61,70],
[14,64,72],
[2,73,75],
[19,80,89],
[33,83,91],
[35,78,94],
[38,99,108],
[52,102,110],
[56,97,111],
[43,58,87],
[55,66,86],
[41,63,84],
[39,68,81],
[36,67,104],
[44,65,79],
[20,62,106],
[17,85,105],
[3,82,103],
[5,24,100],
[6,16,69],
[7,8,57],
[9,11,71],
[25,31,92],
[26,27,76],
[28,30,90],
[50,54,101],
[45,46,95],
[47,49,109],
[13,23,112],
[22,48,59],
[18,53,77],
[4,51,93],
[29,40,60],
[1,34,113],
[32,42,74],
[10,21,98],
[15,37,96]],

[[31,69,107],
[4,57,70],
[15,64,71],
[16,59,75],
[23,76,89],
[34,83,90],
[21,92,94],
[42,95,108],
[53,102,109],
[54,97,113],
[30,58,100],
[29,66,112],
[27,63,98],
[11,81,96],
[47,67,93],
[8,79,101],
[5,77,106],
[48,74,85],
[46,60,82],
[24,43,62],
[6,12,73],
[0,7,65],
[9,14,68],
[25,35,88],
[19,26,84],
[28,33,87],
[44,50,111],
[38,45,103],
[49,52,104],
[13,55,80],
[2,22,105],
[18,20,110],
[36,51,61],
[3,40,86],
[1,56,91],
[17,32,99],
[10,41,78],
[37,39,72]],

[[50,69,88],
[13,57,61],
[7,71,72],
[18,59,73],
[32,76,80],
[26,90,91],
[37,78,92],
[51,95,99],
[45,109,110],
[40,111,113],
[1,87,100],
[9,86,112],
[6,84,98],
[24,68,96],
[10,93,104],
[22,65,101],
[49,62,77],
[28,74,105],
[25,60,103],
[5,43,81],
[12,16,63],
[0,8,64],
[11,14,66],
[31,35,82],
[19,27,83],
[30,33,85],
[44,54,107],
[38,46,102],
[47,52,106],
[23,55,70],
[2,48,79],
[20,53,75],
[4,36,108],
[3,29,97],
[34,56,58],
[17,42,89],
[21,41,67],
[15,39,94]],

[[10,29,48],
[2,11,17],
[5,12,13],
[0,14,16],
[21,30,36],
[24,31,32],
[19,33,35],
[40,49,55],
[43,50,51],
[38,52,54],
[18,28,41],
[7,27,53],
[4,25,39],
[9,22,56],
[8,34,45],
[6,20,42],
[3,37,47],
[15,26,46],
[1,23,44],
[58,83,106],
[59,84,107],
[60,85,108],
[62,87,110],
[66,91,95],
[74,80,103],
[71,77,100],
[65,90,113],
[72,78,101],
[67,92,96],
[57,82,105],
[75,81,104],
[73,79,102],
[69,94,98],
[61,86,109],
[64,89,112],
[70,76,99],
[63,88,111],
[68,93,97]],

[[10,86,105],
[2,68,74],
[5,69,70],
[14,57,73],
[21,87,93],
[31,81,89],
[33,76,92],
[40,106,112],
[51,100,107],
[52,95,111],
[41,75,85],
[7,84,110],
[25,61,96],
[22,66,113],
[34,65,102],
[42,63,77],
[47,60,94],
[46,72,83],
[1,80,101],
[26,49,58],
[27,50,59],
[3,28,108],
[30,53,62],
[9,38,91],
[17,23,103],
[20,43,71],
[8,56,90],
[15,44,78],
[35,39,67],
[0,48,82],
[18,24,104],
[16,45,79],
[12,37,98],
[4,29,109],
[32,55,64],
[13,19,99],
[6,54,88],
[11,36,97]],

[[29,67,105],
[11,59,74],
[12,62,70],
[0,71,73],
[30,78,93],
[32,81,88],
[19,90,92],
[49,97,112],
[43,107,108],
[38,109,111],
[18,85,98],
[27,64,110],
[39,61,82],
[56,66,79],
[45,65,91],
[6,77,99],
[3,94,104],
[15,83,103],
[23,58,101],
[1,26,106],
[2,50,84],
[28,51,60],
[5,53,87],
[9,34,95],
[17,46,80],
[14,20,100],
[8,33,113],
[21,44,72],
[10,35,96],
[25,48,57],
[24,47,75],
[16,22,102],
[37,41,69],
[4,52,86],
[7,55,89],
[13,42,76],
[31,54,63],
[36,40,68]],

[[48,67,86],
[17,59,68],
[13,62,69],
[16,57,71],
[36,78,87],
[24,88,89],
[35,76,90],
[55,97,106],
[50,100,108],
[54,95,109],
[28,75,98],
[53,64,84],
[4,82,96],
[9,79,113],
[8,91,102],
[20,63,99],
[37,60,104],
[26,72,103],
[44,58,80],
[1,49,83],
[2,27,107],
[3,51,85],
[5,30,110],
[34,38,66],
[23,46,74],
[14,43,77],
[33,56,65],
[15,21,101],
[10,39,92],
[0,25,105],
[18,47,81],
[22,45,73],
[12,41,94],
[29,52,61],
[7,32,112],
[19,42,70],
[6,31,111],
[11,40,93]],

[[2,33,41],
[3,34,42],
[4,35,43],
[6,37,45],
[10,22,49],
[18,30,38],
[15,27,54],
[9,21,48],
[16,28,55],
[11,23,50],
[1,32,40],
[0,31,39],
[17,29,56],
[13,25,52],
[5,36,44],
[8,20,47],
[14,26,53],
[7,19,46],
[12,24,51],
[61,85,101],
[62,86,102],
[63,87,103],
[65,89,105],
[69,93,109],
[58,82,98],
[74,79,95],
[68,92,108],
[75,80,96],
[70,94,110],
[60,84,100],
[59,83,99],
[57,81,97],
[72,77,112],
[64,88,104],
[67,91,107],
[73,78,113],
[66,90,106],
[71,76,111]],

[[33,59,98],
[42,60,91],
[43,61,92],
[45,63,94],
[10,79,106],
[30,75,95],
[15,84,111],
[48,66,78],
[16,85,112],
[11,80,107],
[40,58,89],
[39,57,88],
[17,86,113],
[25,70,109],
[44,62,93],
[47,65,77],
[53,71,83],
[19,64,103],
[12,81,108],
[4,28,101],
[5,29,102],
[6,46,87],
[8,32,105],
[36,52,69],
[1,41,82],
[22,38,74],
[35,51,68],
[18,23,96],
[13,37,110],
[3,27,100],
[2,26,99],
[0,24,97],
[20,55,72],
[7,31,104],
[34,50,67],
[21,56,73],
[9,49,90],
[14,54,76]],

[[41,59,90],
[3,91,99],
[35,61,100],
[37,63,102],
[22,67,106],
[18,87,95],
[54,72,84],
[9,78,105],
[28,73,112],
[50,68,80],
[32,58,97],
[31,57,96],
[56,74,86],
[52,70,82],
[5,93,101],
[20,65,104],
[26,71,110],
[46,64,76],
[24,69,108],
[4,44,85],
[29,45,62],
[6,30,103],
[8,48,89],
[12,36,109],
[1,25,98],
[17,38,79],
[11,51,92],
[23,39,75],
[13,53,94],
[27,43,60],
[2,42,83],
[0,40,81],
[15,55,77],
[7,47,88],
[10,34,107],
[16,21,113],
[33,49,66],
[14,19,111]],

[[2,90,98],
[34,60,99],
[4,92,100],
[6,94,102],
[49,67,79],
[38,75,87],
[27,72,111],
[21,66,105],
[55,73,85],
[23,68,107],
[1,89,97],
[0,88,96],
[29,74,113],
[13,82,109],
[36,62,101],
[8,77,104],
[14,83,110],
[7,76,103],
[51,69,81],
[28,44,61],
[5,45,86],
[30,46,63],
[32,48,65],
[12,52,93],
[25,41,58],
[17,22,95],
[11,35,108],
[18,39,80],
[37,53,70],
[3,43,84],
[26,42,59],
[24,40,57],
[15,20,112],
[31,47,64],
[10,50,91],
[16,56,78],
[9,33,106],
[19,54,71]],

[[7,30,39],
[8,31,40],
[9,32,41],
[11,34,43],
[15,19,47],
[4,27,55],
[1,24,52],
[14,37,46],
[2,25,53],
[16,20,48],
[6,29,38],
[5,28,56],
[3,26,54],
[18,22,50],
[10,33,42],
[13,36,45],
[0,23,51],
[12,35,44],
[17,21,49],
[71,79,97],
[72,80,98],
[73,81,99],
[75,83,101],
[60,87,105],
[68,76,113],
[65,92,110],
[59,86,104],
[66,93,111],
[61,88,106],
[70,78,96],
[69,77,95],
[67,94,112],
[63,90,108],
[74,82,100],
[58,85,103],
[64,91,109],
[57,84,102],
[62,89,107]],

[[30,64,96],
[40,65,88],
[41,66,89],
[11,91,100],
[47,72,76],
[4,84,112],
[52,58,81],
[37,71,103],
[25,59,110],
[20,73,105],
[6,86,95],
[28,62,113],
[26,60,111],
[50,75,79],
[42,67,90],
[36,70,102],
[0,80,108],
[35,69,101],
[21,74,106],
[14,22,97],
[15,23,98],
[16,24,99],
[18,44,83],
[3,48,87],
[19,56,68],
[8,53,92],
[2,29,104],
[9,54,93],
[31,49,61],
[13,39,78],
[12,38,77],
[10,55,94],
[33,51,63],
[17,43,82],
[1,46,85],
[7,34,109],
[27,45,57],
[5,32,107]],

[[39,64,87],
[31,65,97],
[9,89,98],
[34,68,100],
[19,72,104],
[55,61,84],
[1,81,109],
[14,94,103],
[53,59,82],
[16,77,105],
[29,63,95],
[5,85,113],
[3,83,111],
[18,79,107],
[33,67,99],
[45,70,93],
[23,57,108],
[12,92,101],
[17,78,106],
[22,40,71],
[15,41,80],
[24,42,73],
[26,44,75],
[30,48,60],
[11,56,76],
[8,35,110],
[2,47,86],
[36,54,66],
[4,49,88],
[13,21,96],
[20,38,69],
[10,37,112],
[6,51,90],
[25,43,74],
[28,46,58],
[7,52,91],
[0,27,102],
[32,50,62]],

[[7,87,96],
[8,88,97],
[32,66,98],
[43,68,91],
[15,76,104],
[27,61,112],
[24,58,109],
[46,71,94],
[2,82,110],
[48,73,77],
[38,63,86],
[56,62,85],
[54,60,83],
[22,75,107],
[10,90,99],
[13,93,102],
[51,57,80],
[44,69,92],
[49,74,78],
[14,40,79],
[23,41,72],
[16,42,81],
[18,26,101],
[3,30,105],
[11,19,113],
[35,53,65],
[29,47,59],
[9,36,111],
[4,31,106],
[21,39,70],
[12,20,95],
[37,55,67],
[6,33,108],
[17,25,100],
[1,28,103],
[34,52,64],
[0,45,84],
[5,50,89]],

[[9,25,42],
[10,26,43],
[11,27,44],
[13,29,46],
[17,33,50],
[6,22,39],
[3,19,55],
[16,32,49],
[4,20,56],
[18,34,51],
[8,24,41],
[7,23,40],
[5,21,38],
[1,36,53],
[12,28,45],
[15,31,48],
[2,37,54],
[14,30,47],
[0,35,52],
[68,77,102],
[69,78,103],
[70,79,104],
[72,81,106],
[57,85,110],
[65,93,99],
[62,90,96],
[75,84,109],
[63,91,97],
[58,86,111],
[67,76,101],
[66,94,100],
[64,92,98],
[60,88,113],
[71,80,105],
[74,83,108],
[61,89,95],
[73,82,107],
[59,87,112]],

[[25,66,99],
[43,67,83],
[44,68,84],
[46,70,86],
[17,90,107],
[22,63,96],
[3,76,112],
[49,73,89],
[4,77,113],
[18,91,108],
[41,65,81],
[40,64,80],
[5,78,95],
[36,58,110],
[45,69,85],
[48,72,88],
[54,59,94],
[30,71,104],
[0,92,109],
[11,20,102],
[12,21,103],
[13,47,79],
[15,24,106],
[28,53,57],
[8,42,93],
[33,39,62],
[27,52,75],
[6,34,97],
[1,29,111],
[10,19,101],
[9,37,100],
[7,35,98],
[31,56,60],
[14,23,105],
[26,51,74],
[32,38,61],
[16,50,82],
[2,55,87]],

[[42,66,82],
[10,83,100],
[27,68,101],
[29,70,103],
[33,74,107],
[6,79,96],
[55,60,76],
[16,89,106],
[20,61,113],
[51,75,91],
[24,65,98],
[23,64,97],
[38,62,78],
[53,58,93],
[12,85,102],
[31,72,105],
[37,59,111],
[47,71,87],
[35,57,109],
[11,45,77],
[21,46,69],
[13,22,104],
[15,49,81],
[0,28,110],
[8,36,99],
[5,39,90],
[18,52,84],
[34,40,63],
[1,54,86],
[19,44,67],
[9,43,94],
[7,41,92],
[3,56,88],
[14,48,80],
[17,26,108],
[4,32,95],
[25,50,73],
[2,30,112]],

[[9,82,99],
[26,67,100],
[11,84,101],
[13,86,103],
[50,74,90],
[39,63,79],
[19,60,112],
[32,73,106],
[56,61,77],
[34,75,108],
[8,81,98],
[7,80,97],
[21,62,95],
[1,93,110],
[28,69,102],
[15,88,105],
[2,94,111],
[14,87,104],
[52,57,92],
[20,45,68],
[12,46,78],
[22,47,70],
[24,49,72],
[0,53,85],
[36,42,65],
[5,33,96],
[18,27,109],
[6,40,91],
[29,54,58],
[10,44,76],
[37,43,66],
[35,41,64],
[3,31,113],
[23,48,71],
[17,51,83],
[4,38,89],
[16,25,107],
[30,55,59]],

[[3,21,52],
[4,22,53],
[5,23,54],
[7,25,56],
[11,29,41],
[0,37,49],
[16,34,46],
[10,28,40],
[17,35,47],
[12,30,42],
[2,20,51],
[1,19,50],
[18,36,48],
[14,32,44],
[6,24,55],
[9,27,39],
[15,33,45],
[8,26,38],
[13,31,43],
[63,80,104],
[64,81,105],
[65,82,106],
[67,84,108],
[71,88,112],
[60,77,101],
[57,93,98],
[70,87,111],
[58,94,99],
[72,89,113],
[62,79,103],
[61,78,102],
[59,76,100],
[74,91,96],
[66,83,107],
[69,86,110],
[75,92,97],
[68,85,109],
[73,90,95]],

[[52,60,78],
[4,79,110],
[5,80,111],
[7,82,113],
[29,68,98],
[49,57,94],
[34,73,103],
[10,85,97],
[35,74,104],
[30,69,99],
[2,77,108],
[1,76,107],
[36,75,105],
[44,71,89],
[6,81,112],
[9,84,96],
[15,90,102],
[38,65,83],
[31,70,100],
[23,47,63],
[24,48,64],
[8,25,106],
[27,51,67],
[14,55,88],
[3,20,101],
[0,41,93],
[13,54,87],
[37,42,58],
[32,56,72],
[22,46,62],
[21,45,61],
[19,43,59],
[17,39,91],
[26,50,66],
[12,53,86],
[18,40,92],
[11,28,109],
[16,33,95]],

[[3,78,109],
[22,61,110],
[54,62,80],
[56,64,82],
[41,68,86],
[37,57,106],
[16,91,103],
[28,67,97],
[47,74,92],
[12,87,99],
[51,59,77],
[50,58,76],
[18,93,105],
[14,89,101],
[24,63,112],
[39,66,84],
[45,72,90],
[8,83,95],
[43,70,88],
[6,23,104],
[7,48,81],
[25,49,65],
[10,27,108],
[31,55,71],
[20,44,60],
[0,36,98],
[13,30,111],
[1,42,94],
[15,32,113],
[5,46,79],
[4,21,102],
[2,19,100],
[17,34,96],
[9,26,107],
[29,53,69],
[35,40,75],
[11,52,85],
[33,38,73]],

[[21,60,109],
[53,61,79],
[23,62,111],
[25,64,113],
[11,86,98],
[0,94,106],
[46,73,91],
[40,67,85],
[17,92,104],
[42,69,87],
[20,59,108],
[19,58,107],
[48,75,93],
[32,71,101],
[55,63,81],
[27,66,96],
[33,72,102],
[26,65,95],
[13,88,100],
[6,47,80],
[7,24,105],
[8,49,82],
[10,51,84],
[14,31,112],
[3,44,77],
[36,41,57],
[30,54,70],
[1,37,99],
[15,56,89],
[5,22,103],
[4,45,78],
[2,43,76],
[34,39,74],
[9,50,83],
[12,29,110],
[18,35,97],
[28,52,68],
[16,38,90]]

]
