[[[0,1,2,3,4,5],
[6,7,8,9,10],
[11,12,13,14,15],
[16,17,18,19,20],
[21,22,23,24,25],
[26,27,28,29,30],
[31,32,33,34,35],
[36,37,38,39,40],
[41,42,43,44,45],
[46,47,48,49,50],
[51,52,53,54,55],
[56,57,58,59,60],
[61,62,63,64,65],
[66,67,68,69,70],
[71,72,73,74,75],
[76,77,78,79,80],
[81,82,83,84,85],
[86,87,88,89,90],
[91,92,93,94,95],
[96,97,98,99,100],
[101,102,103,104,105],
[106,107,108,109,110]],

[[0,6,12,18,24,30],
[11,17,23,29,35],
[16,22,28,34,40],
[21,27,33,39,45],
[26,32,38,44,50],
[31,37,43,49,55],
[36,42,48,54,60],
[41,47,53,59,65],
[46,52,58,64,70],
[51,57,63,69,75],
[56,62,68,74,80],
[61,67,73,79,85],
[66,72,78,84,90],
[71,77,83,89,95],
[76,82,88,94,100],
[81,87,93,99,105],
[86,92,98,104,110],
[5,91,97,103,109],
[4,10,96,102,108],
[3,9,15,101,107],
[2,8,14,20,106],
[1,7,13,19,25]],

[[0,7,11,20,28,39],
[12,16,25,33,44],
[17,21,30,38,49],
[22,26,35,43,54],
[27,31,40,48,59],
[32,36,45,53,64],
[37,41,50,58,69],
[42,46,55,63,74],
[47,51,60,68,79],
[52,56,65,73,84],
[57,61,70,78,89],
[62,66,75,83,94],
[67,71,80,88,99],
[72,76,85,93,104],
[77,81,90,98,109],
[4,82,86,95,103],
[9,87,91,100,108],
[3,14,92,96,105],
[8,19,97,101,110],
[5,13,24,102,106],
[1,10,18,29,107],
[2,6,15,23,34]],

[[0,8,15,16,27,49],
[13,20,21,32,54],
[18,25,26,37,59],
[23,30,31,42,64],
[28,35,36,47,69],
[33,40,41,52,74],
[38,45,46,57,79],
[43,50,51,62,84],
[48,55,56,67,89],
[53,60,61,72,94],
[58,65,66,77,99],
[63,70,71,82,104],
[68,75,76,87,109],
[4,73,80,81,92],
[9,78,85,86,97],
[14,83,90,91,102],
[19,88,95,96,107],
[2,24,93,100,101],
[7,29,98,105,106],
[1,12,34,103,110],
[5,6,17,39,108],
[3,10,11,22,44]],

[[0,9,13,17,26,40],
[14,18,22,31,45],
[19,23,27,36,50],
[24,28,32,41,55],
[29,33,37,46,60],
[34,38,42,51,65],
[39,43,47,56,70],
[44,48,52,61,75],
[49,53,57,66,80],
[54,58,62,71,85],
[59,63,67,76,90],
[64,68,72,81,95],
[69,73,77,86,100],
[74,78,82,91,105],
[79,83,87,96,110],
[5,84,88,92,101],
[10,89,93,97,106],
[1,15,94,98,102],
[6,20,99,103,107],
[2,11,25,104,108],
[3,7,16,30,109],
[4,8,12,21,35]],

[[0,10,14,21,37,48],
[15,19,26,42,53],
[20,24,31,47,58],
[25,29,36,52,63],
[30,34,41,57,68],
[35,39,46,62,73],
[40,44,51,67,78],
[45,49,56,72,83],
[50,54,61,77,88],
[55,59,66,82,93],
[60,64,71,87,98],
[65,69,76,92,103],
[70,74,81,97,108],
[3,75,79,86,102],
[8,80,84,91,107],
[2,13,85,89,96],
[7,18,90,94,101],
[12,23,95,99,106],
[1,17,28,100,104],
[6,22,33,105,109],
[4,11,27,38,110],
[5,9,16,32,43]],

[[0,19,22,38,41,60],
[24,27,43,46,65],
[29,32,48,51,70],
[34,37,53,56,75],
[39,42,58,61,80],
[44,47,63,66,85],
[49,52,68,71,90],
[54,57,73,76,95],
[59,62,78,81,100],
[64,67,83,86,105],
[69,72,88,91,110],
[5,74,77,93,96],
[10,79,82,98,101],
[15,84,87,103,106],
[1,20,89,92,108],
[3,6,25,94,97],
[8,11,30,99,102],
[13,16,35,104,107],
[2,18,21,40,109],
[4,7,23,26,45],
[9,12,28,31,50],
[14,17,33,36,55]],

[[0,23,32,46,59,75],
[28,37,51,64,80],
[33,42,56,69,85],
[38,47,61,74,90],
[43,52,66,79,95],
[48,57,71,84,100],
[53,62,76,89,105],
[58,67,81,94,110],
[5,63,72,86,99],
[10,68,77,91,104],
[15,73,82,96,109],
[4,20,78,87,101],
[9,25,83,92,106],
[1,14,30,88,97],
[6,19,35,93,102],
[11,24,40,98,107],
[2,16,29,45,103],
[7,21,34,50,108],
[3,12,26,39,55],
[8,17,31,44,60],
[13,22,36,49,65],
[18,27,41,54,70]],

[[0,25,31,53,67,74],
[30,36,58,72,79],
[35,41,63,77,84],
[40,46,68,82,89],
[45,51,73,87,94],
[50,56,78,92,99],
[55,61,83,97,104],
[60,66,88,102,109],
[4,65,71,93,107],
[2,9,70,76,98],
[7,14,75,81,103],
[12,19,80,86,108],
[3,17,24,85,91],
[8,22,29,90,96],
[13,27,34,95,101],
[18,32,39,100,106],
[1,23,37,44,105],
[6,28,42,49,110],
[5,11,33,47,54],
[10,16,38,52,59],
[15,21,43,57,64],
[20,26,48,62,69]],

[[0,29,42,50,66,73],
[34,47,55,71,78],
[39,52,60,76,83],
[44,57,65,81,88],
[49,62,70,86,93],
[54,67,75,91,98],
[59,72,80,96,103],
[64,77,85,101,108],
[3,69,82,90,106],
[1,8,74,87,95],
[6,13,79,92,100],
[11,18,84,97,105],
[16,23,89,102,110],
[5,21,28,94,107],
[2,10,26,33,99],
[7,15,31,38,104],
[12,20,36,43,109],
[4,17,25,41,48],
[9,22,30,46,53],
[14,27,35,51,58],
[19,32,40,56,63],
[24,37,45,61,68]],

[[0,33,65,72,89,101],
[38,70,77,94,106],
[1,43,75,82,99],
[6,48,80,87,104],
[11,53,85,92,109],
[4,16,58,90,97],
[9,21,63,95,102],
[14,26,68,100,107],
[2,19,31,73,105],
[7,24,36,78,110],
[5,12,29,41,83],
[10,17,34,46,88],
[15,22,39,51,93],
[20,27,44,56,98],
[25,32,49,61,103],
[30,37,54,66,108],
[3,35,42,59,71],
[8,40,47,64,76],
[13,45,52,69,81],
[18,50,57,74,86],
[23,55,62,79,91],
[28,60,67,84,96]],

[[0,34,45,58,86,107],
[2,39,50,63,91],
[7,44,55,68,96],
[12,49,60,73,101],
[17,54,65,78,106],
[1,22,59,70,83],
[6,27,64,75,88],
[11,32,69,80,93],
[16,37,74,85,98],
[21,42,79,90,103],
[26,47,84,95,108],
[3,31,52,89,100],
[8,36,57,94,105],
[13,41,62,99,110],
[5,18,46,67,104],
[10,23,51,72,109],
[4,15,28,56,77],
[9,20,33,61,82],
[14,25,38,66,87],
[19,30,43,71,92],
[24,35,48,76,97],
[29,40,53,81,102]],

[[0,35,52,78,94,96],
[40,57,83,99,101],
[45,62,88,104,106],
[1,50,67,93,109],
[4,6,55,72,98],
[9,11,60,77,103],
[14,16,65,82,108],
[3,19,21,70,87],
[8,24,26,75,92],
[13,29,31,80,97],
[18,34,36,85,102],
[23,39,41,90,107],
[2,28,44,46,95],
[7,33,49,51,100],
[12,38,54,56,105],
[17,43,59,61,110],
[5,22,48,64,66],
[10,27,53,69,71],
[15,32,58,74,76],
[20,37,63,79,81],
[25,42,68,84,86],
[30,47,73,89,91]],

[[0,36,44,62,90,108],
[3,41,49,67,95],
[8,46,54,72,100],
[13,51,59,77,105],
[18,56,64,82,110],
[5,23,61,69,87],
[10,28,66,74,92],
[15,33,71,79,97],
[20,38,76,84,102],
[25,43,81,89,107],
[2,30,48,86,94],
[7,35,53,91,99],
[12,40,58,96,104],
[17,45,63,101,109],
[4,22,50,68,106],
[1,9,27,55,73],
[6,14,32,60,78],
[11,19,37,65,83],
[16,24,42,70,88],
[21,29,47,75,93],
[26,34,52,80,98],
[31,39,57,85,103]]

]
