[[[0,1,2,3,4,5],
[6,7,8,9,10,11],
[12,13,14,15,16],
[17,18,19,20,21],
[22,23,24,25,26],
[27,28,29,30,31],
[32,33,34,35,36],
[37,38,39,40,41],
[42,43,44,45,46],
[47,48,49,50,51],
[52,53,54,55,56],
[57,58,59,60,61],
[62,63,64,65,66],
[67,68,69,70,71],
[72,73,74,75,76],
[77,78,79,80,81],
[82,83,84,85,86],
[87,88,89,90,91],
[92,93,94,95,96],
[97,98,99,100,101],
[102,103,104,105,106],
[107,108,109,110,111]],

[[0,7,13,19,25,31],
[6,12,18,24,30,36],
[17,23,29,35,41],
[22,28,34,40,46],
[27,33,39,45,51],
[32,38,44,50,56],
[37,43,49,55,61],
[42,48,54,60,66],
[47,53,59,65,71],
[52,58,64,70,76],
[57,63,69,75,81],
[62,68,74,80,86],
[67,73,79,85,91],
[72,78,84,90,96],
[77,83,89,95,101],
[82,88,94,100,106],
[87,93,99,105,111],
[5,92,98,104,110],
[4,11,97,103,109],
[3,10,16,102,108],
[2,9,15,21,107],
[1,8,14,20,26]],

[[0,8,12,21,29,40],
[6,13,17,26,34,45],
[18,22,31,39,50],
[23,27,36,44,55],
[28,32,41,49,60],
[33,37,46,54,65],
[38,42,51,59,70],
[43,47,56,64,75],
[48,52,61,69,80],
[53,57,66,74,85],
[58,62,71,79,90],
[63,67,76,84,95],
[68,72,81,89,100],
[73,77,86,94,105],
[78,82,91,99,110],
[4,83,87,96,104],
[10,88,92,101,109],
[3,15,93,97,106],
[9,20,98,102,111],
[5,14,25,103,107],
[1,11,19,30,108],
[2,7,16,24,35]],

[[0,9,16,17,28,50],
[6,14,21,22,33,55],
[19,26,27,38,60],
[24,31,32,43,65],
[29,36,37,48,70],
[34,41,42,53,75],
[39,46,47,58,80],
[44,51,52,63,85],
[49,56,57,68,90],
[54,61,62,73,95],
[59,66,67,78,100],
[64,71,72,83,105],
[69,76,77,88,110],
[4,74,81,82,93],
[10,79,86,87,98],
[15,84,91,92,103],
[20,89,96,97,108],
[2,25,94,101,102],
[8,30,99,106,107],
[1,13,35,104,111],
[5,7,18,40,109],
[3,11,12,23,45]],

[[0,10,14,18,27,41],
[6,15,19,23,32,46],
[20,24,28,37,51],
[25,29,33,42,56],
[30,34,38,47,61],
[35,39,43,52,66],
[40,44,48,57,71],
[45,49,53,62,76],
[50,54,58,67,81],
[55,59,63,72,86],
[60,64,68,77,91],
[65,69,73,82,96],
[70,74,78,87,101],
[75,79,83,92,106],
[80,84,88,97,111],
[5,85,89,93,102],
[11,90,94,98,107],
[1,16,95,99,103],
[7,21,100,104,108],
[2,12,26,105,109],
[3,8,17,31,110],
[4,9,13,22,36]],

[[0,11,15,22,38,49],
[6,16,20,27,43,54],
[21,25,32,48,59],
[26,30,37,53,64],
[31,35,42,58,69],
[36,40,47,63,74],
[41,45,52,68,79],
[46,50,57,73,84],
[51,55,62,78,89],
[56,60,67,83,94],
[61,65,72,88,99],
[66,70,77,93,104],
[71,75,82,98,109],
[3,76,80,87,103],
[9,81,85,92,108],
[2,14,86,90,97],
[8,19,91,95,102],
[13,24,96,100,107],
[1,18,29,101,105],
[7,23,34,106,110],
[4,12,28,39,111],
[5,10,17,33,44]],

[[0,20,23,39,42,61],
[6,25,28,44,47,66],
[30,33,49,52,71],
[35,38,54,57,76],
[40,43,59,62,81],
[45,48,64,67,86],
[50,53,69,72,91],
[55,58,74,77,96],
[60,63,79,82,101],
[65,68,84,87,106],
[70,73,89,92,111],
[5,75,78,94,97],
[11,80,83,99,102],
[16,85,88,104,107],
[1,21,90,93,109],
[3,7,26,95,98],
[9,12,31,100,103],
[14,17,36,105,108],
[2,19,22,41,110],
[4,8,24,27,46],
[10,13,29,32,51],
[15,18,34,37,56]],

[[0,24,33,47,60,76],
[6,29,38,52,65,81],
[34,43,57,70,86],
[39,48,62,75,91],
[44,53,67,80,96],
[49,58,72,85,101],
[54,63,77,90,106],
[59,68,82,95,111],
[5,64,73,87,100],
[11,69,78,92,105],
[16,74,83,97,110],
[4,21,79,88,102],
[10,26,84,93,107],
[1,15,31,89,98],
[7,20,36,94,103],
[12,25,41,99,108],
[2,17,30,46,104],
[8,22,35,51,109],
[3,13,27,40,56],
[9,18,32,45,61],
[14,23,37,50,66],
[19,28,42,55,71]],

[[0,26,32,54,68,75],
[6,31,37,59,73,80],
[36,42,64,78,85],
[41,47,69,83,90],
[46,52,74,88,95],
[51,57,79,93,100],
[56,62,84,98,105],
[61,67,89,103,110],
[4,66,72,94,108],
[2,10,71,77,99],
[8,15,76,82,104],
[13,20,81,87,109],
[3,18,25,86,92],
[9,23,30,91,97],
[14,28,35,96,102],
[19,33,40,101,107],
[1,24,38,45,106],
[7,29,43,50,111],
[5,12,34,48,55],
[11,17,39,53,60],
[16,22,44,58,65],
[21,27,49,63,70]],

[[0,30,43,51,67,74],
[6,35,48,56,72,79],
[40,53,61,77,84],
[45,58,66,82,89],
[50,63,71,87,94],
[55,68,76,92,99],
[60,73,81,97,104],
[65,78,86,102,109],
[3,70,83,91,107],
[1,9,75,88,96],
[7,14,80,93,101],
[12,19,85,98,106],
[17,24,90,103,111],
[5,22,29,95,108],
[2,11,27,34,100],
[8,16,32,39,105],
[13,21,37,44,110],
[4,18,26,42,49],
[10,23,31,47,54],
[15,28,36,52,59],
[20,33,41,57,64],
[25,38,46,62,69]],

[[0,34,66,73,90,102],
[6,39,71,78,95,107],
[1,44,76,83,100],
[7,49,81,88,105],
[12,54,86,93,110],
[4,17,59,91,98],
[10,22,64,96,103],
[15,27,69,101,108],
[2,20,32,74,106],
[8,25,37,79,111],
[5,13,30,42,84],
[11,18,35,47,89],
[16,23,40,52,94],
[21,28,45,57,99],
[26,33,50,62,104],
[31,38,55,67,109],
[3,36,43,60,72],
[9,41,48,65,77],
[14,46,53,70,82],
[19,51,58,75,87],
[24,56,63,80,92],
[29,61,68,85,97]],

[[0,35,46,59,87,108],
[2,6,40,51,64,92],
[8,45,56,69,97],
[13,50,61,74,102],
[18,55,66,79,107],
[1,23,60,71,84],
[7,28,65,76,89],
[12,33,70,81,94],
[17,38,75,86,99],
[22,43,80,91,104],
[27,48,85,96,109],
[3,32,53,90,101],
[9,37,58,95,106],
[14,42,63,100,111],
[5,19,47,68,105],
[11,24,52,73,110],
[4,16,29,57,78],
[10,21,34,62,83],
[15,26,39,67,88],
[20,31,44,72,93],
[25,36,49,77,98],
[30,41,54,82,103]],

[[0,36,53,79,95,97],
[6,41,58,84,100,102],
[46,63,89,105,107],
[1,51,68,94,110],
[4,7,56,73,99],
[10,12,61,78,104],
[15,17,66,83,109],
[3,20,22,71,88],
[9,25,27,76,93],
[14,30,32,81,98],
[19,35,37,86,103],
[24,40,42,91,108],
[2,29,45,47,96],
[8,34,50,52,101],
[13,39,55,57,106],
[18,44,60,62,111],
[5,23,49,65,67],
[11,28,54,70,72],
[16,33,59,75,77],
[21,38,64,80,82],
[26,43,69,85,87],
[31,48,74,90,92]],

[[0,37,45,63,91,109],
[3,6,42,50,68,96],
[9,47,55,73,101],
[14,52,60,78,106],
[19,57,65,83,111],
[5,24,62,70,88],
[11,29,67,75,93],
[16,34,72,80,98],
[21,39,77,85,103],
[26,44,82,90,108],
[2,31,49,87,95],
[8,36,54,92,100],
[13,41,59,97,105],
[18,46,64,102,110],
[4,23,51,69,107],
[1,10,28,56,74],
[7,15,33,61,79],
[12,20,38,66,84],
[17,25,43,71,89],
[22,30,48,76,94],
[27,35,53,81,99],
[32,40,58,86,104]]

]
