[[[0,1,2,3,4,5],
[6,7,8,9,10,11],
[12,13,14,15,16,17],
[18,19,20,21,22,23],
[24,25,26,27,28],
[29,30,31,32,33],
[34,35,36,37,38],
[39,40,41,42,43],
[44,45,46,47,48],
[49,50,51,52,53],
[54,55,56,57,58],
[59,60,61,62,63],
[64,65,66,67,68],
[69,70,71,72,73],
[74,75,76,77,78],
[79,80,81,82,83],
[84,85,86,87,88],
[89,90,91,92,93],
[94,95,96,97,98],
[99,100,101,102,103],
[104,105,106,107,108],
[109,110,111,112,113]],

[[0,7,14,21,27,33],
[6,13,20,26,32,38],
[12,19,25,31,37,43],
[18,24,30,36,42,48],
[29,35,41,47,53],
[34,40,46,52,58],
[39,45,51,57,63],
[44,50,56,62,68],
[49,55,61,67,73],
[54,60,66,72,78],
[59,65,71,77,83],
[64,70,76,82,88],
[69,75,81,87,93],
[74,80,86,92,98],
[79,85,91,97,103],
[84,90,96,102,108],
[89,95,101,107,113],
[5,94,100,106,112],
[4,11,99,105,111],
[3,10,17,104,110],
[2,9,16,23,109],
[1,8,15,22,28]],

[[0,8,13,23,31,42],
[6,14,19,28,36,47],
[12,20,24,33,41,52],
[18,25,29,38,46,57],
[30,34,43,51,62],
[35,39,48,56,67],
[40,44,53,61,72],
[45,49,58,66,77],
[50,54,63,71,82],
[55,59,68,76,87],
[60,64,73,81,92],
[65,69,78,86,97],
[70,74,83,91,102],
[75,79,88,96,107],
[80,84,93,101,112],
[4,85,89,98,106],
[10,90,94,103,111],
[3,16,95,99,108],
[9,22,100,104,113],
[5,15,27,105,109],
[1,11,21,32,110],
[2,7,17,26,37]],

[[0,9,17,19,30,52],
[6,15,23,24,35,57],
[12,21,28,29,40,62],
[18,26,33,34,45,67],
[31,38,39,50,72],
[36,43,44,55,77],
[41,48,49,60,82],
[46,53,54,65,87],
[51,58,59,70,92],
[56,63,64,75,97],
[61,68,69,80,102],
[66,73,74,85,107],
[71,78,79,90,112],
[4,76,83,84,95],
[10,81,88,89,100],
[16,86,93,94,105],
[22,91,98,99,110],
[2,27,96,103,104],
[8,32,101,108,109],
[1,14,37,106,113],
[5,7,20,42,111],
[3,11,13,25,47]],

[[0,10,15,20,29,43],
[6,16,21,25,34,48],
[12,22,26,30,39,53],
[18,27,31,35,44,58],
[32,36,40,49,63],
[37,41,45,54,68],
[42,46,50,59,73],
[47,51,55,64,78],
[52,56,60,69,83],
[57,61,65,74,88],
[62,66,70,79,93],
[67,71,75,84,98],
[72,76,80,89,103],
[77,81,85,94,108],
[82,86,90,99,113],
[5,87,91,95,104],
[11,92,96,100,109],
[1,17,97,101,105],
[7,23,102,106,110],
[2,13,28,107,111],
[3,8,19,33,112],
[4,9,14,24,38]],

[[0,11,16,24,40,51],
[6,17,22,29,45,56],
[12,23,27,34,50,61],
[18,28,32,39,55,66],
[33,37,44,60,71],
[38,42,49,65,76],
[43,47,54,70,81],
[48,52,59,75,86],
[53,57,64,80,91],
[58,62,69,85,96],
[63,67,74,90,101],
[68,72,79,95,106],
[73,77,84,100,111],
[3,78,82,89,105],
[9,83,87,94,110],
[2,15,88,92,99],
[8,21,93,97,104],
[14,26,98,102,109],
[1,20,31,103,107],
[7,25,36,108,112],
[4,13,30,41,113],
[5,10,19,35,46]],

[[0,22,25,41,44,63],
[6,27,30,46,49,68],
[12,32,35,51,54,73],
[18,37,40,56,59,78],
[42,45,61,64,83],
[47,50,66,69,88],
[52,55,71,74,93],
[57,60,76,79,98],
[62,65,81,84,103],
[67,70,86,89,108],
[72,75,91,94,113],
[5,77,80,96,99],
[11,82,85,101,104],
[17,87,90,106,109],
[1,23,92,95,111],
[3,7,28,97,100],
[9,13,33,102,105],
[15,19,38,107,110],
[2,21,24,43,112],
[4,8,26,29,48],
[10,14,31,34,53],
[16,20,36,39,58]],

[[0,26,35,49,62,78],
[6,31,40,54,67,83],
[12,36,45,59,72,88],
[18,41,50,64,77,93],
[46,55,69,82,98],
[51,60,74,87,103],
[56,65,79,92,108],
[61,70,84,97,113],
[5,66,75,89,102],
[11,71,80,94,107],
[17,76,85,99,112],
[4,23,81,90,104],
[10,28,86,95,109],
[1,16,33,91,100],
[7,22,38,96,105],
[13,27,43,101,110],
[2,19,32,48,106],
[8,24,37,53,111],
[3,14,29,42,58],
[9,20,34,47,63],
[15,25,39,52,68],
[21,30,44,57,73]],

[[0,28,34,56,70,77],
[6,33,39,61,75,82],
[12,38,44,66,80,87],
[18,43,49,71,85,92],
[48,54,76,90,97],
[53,59,81,95,102],
[58,64,86,100,107],
[63,69,91,105,112],
[4,68,74,96,110],
[2,10,73,79,101],
[8,16,78,84,106],
[14,22,83,89,111],
[3,20,27,88,94],
[9,25,32,93,99],
[15,30,37,98,104],
[21,35,42,103,109],
[1,26,40,47,108],
[7,31,45,52,113],
[5,13,36,50,57],
[11,19,41,55,62],
[17,24,46,60,67],
[23,29,51,65,72]],

[[0,32,45,53,69,76],
[6,37,50,58,74,81],
[12,42,55,63,79,86],
[18,47,60,68,84,91],
[52,65,73,89,96],
[57,70,78,94,101],
[62,75,83,99,106],
[67,80,88,104,111],
[3,72,85,93,109],
[1,9,77,90,98],
[7,15,82,95,103],
[13,21,87,100,108],
[19,26,92,105,113],
[5,24,31,97,110],
[2,11,29,36,102],
[8,17,34,41,107],
[14,23,39,46,112],
[4,20,28,44,51],
[10,25,33,49,56],
[16,30,38,54,61],
[22,35,43,59,66],
[27,40,48,64,71]],

[[0,36,68,75,92,104],
[6,41,73,80,97,109],
[1,12,46,78,85,102],
[7,18,51,83,90,107],
[13,56,88,95,112],
[4,19,61,93,100],
[10,24,66,98,105],
[16,29,71,103,110],
[2,22,34,76,108],
[8,27,39,81,113],
[5,14,32,44,86],
[11,20,37,49,91],
[17,25,42,54,96],
[23,30,47,59,101],
[28,35,52,64,106],
[33,40,57,69,111],
[3,38,45,62,74],
[9,43,50,67,79],
[15,48,55,72,84],
[21,53,60,77,89],
[26,58,65,82,94],
[31,63,70,87,99]],

[[0,37,48,61,89,110],
[2,6,42,53,66,94],
[8,12,47,58,71,99],
[14,18,52,63,76,104],
[20,57,68,81,109],
[1,25,62,73,86],
[7,30,67,78,91],
[13,35,72,83,96],
[19,40,77,88,101],
[24,45,82,93,106],
[29,50,87,98,111],
[3,34,55,92,103],
[9,39,60,97,108],
[15,44,65,102,113],
[5,21,49,70,107],
[11,26,54,75,112],
[4,17,31,59,80],
[10,23,36,64,85],
[16,28,41,69,90],
[22,33,46,74,95],
[27,38,51,79,100],
[32,43,56,84,105]],

[[0,38,55,81,97,99],
[6,43,60,86,102,104],
[12,48,65,91,107,109],
[1,18,53,70,96,112],
[4,7,58,75,101],
[10,13,63,80,106],
[16,19,68,85,111],
[3,22,24,73,90],
[9,27,29,78,95],
[15,32,34,83,100],
[21,37,39,88,105],
[26,42,44,93,110],
[2,31,47,49,98],
[8,36,52,54,103],
[14,41,57,59,108],
[20,46,62,64,113],
[5,25,51,67,69],
[11,30,56,72,74],
[17,35,61,77,79],
[23,40,66,82,84],
[28,45,71,87,89],
[33,50,76,92,94]],

[[0,39,47,65,93,111],
[3,6,44,52,70,98],
[9,12,49,57,75,103],
[15,18,54,62,80,108],
[21,59,67,85,113],
[5,26,64,72,90],
[11,31,69,77,95],
[17,36,74,82,100],
[23,41,79,87,105],
[28,46,84,92,110],
[2,33,51,89,97],
[8,38,56,94,102],
[14,43,61,99,107],
[20,48,66,104,112],
[4,25,53,71,109],
[1,10,30,58,76],
[7,16,35,63,81],
[13,22,40,68,86],
[19,27,45,73,91],
[24,32,50,78,96],
[29,37,55,83,101],
[34,42,60,88,106]]

]
