[[[0, 24, 48, 72, 96],
[1, 26, 51, 76, 101],
[2, 27, 58, 73, 104],
[3, 25, 57, 77, 109],
[4, 33, 59, 90],
[5, 35, 56, 94],
[6, 46, 64, 87, 107],
[7, 44, 67, 83, 110],
[8, 31, 61, 95, 100],
[9, 29, 62, 91, 97],
[10, 43, 70, 92, 108],
[11, 41, 69, 88, 105],
[12, 47, 49, 85, 102],
[13, 45, 50, 81, 99],
[14, 32, 53, 75],
[15, 34, 54, 79, 112],
[16, 28, 68, 82],
[17, 30, 71, 86],
[18, 36, 65, 93, 98],
[19, 38, 66, 89, 103],
[20, 37, 55, 80, 111],
[21, 39, 52, 84, 106],
[22, 42, 60, 78],
[23, 40, 63, 74]],

[[0, 27, 50, 77, 100],
[1, 25, 49, 73, 97],
[2, 24, 56, 76, 108],
[3, 26, 59, 72, 105],
[4, 34, 57, 95],
[5, 32, 58, 91, 112],
[6, 45, 66, 82, 111],
[7, 47, 65, 86, 106],
[8, 28, 63, 90, 96],
[9, 30, 60, 94, 101],
[10, 40, 68, 89, 104],
[11, 42, 71, 93, 109],
[12, 44, 51, 80, 98],
[13, 46, 48, 84, 103],
[14, 35, 55, 78],
[15, 33, 52, 74],
[16, 31, 70, 87],
[17, 29, 69, 83],
[18, 39, 67, 88, 102],
[19, 37, 64, 92, 99],
[20, 38, 53, 85, 107],
[21, 36, 54, 81, 110],
[22, 41, 62, 75],
[23, 43, 61, 79]],

[[0, 25, 56, 75, 106],
[1, 27, 59, 79, 111],
[2, 26, 50, 74, 98],
[3, 24, 49, 78, 103],
[4, 44, 66, 85, 105],
[5, 46, 65, 81, 108],
[6, 35, 57, 88],
[7, 33, 58, 92],
[8, 41, 68, 94, 110],
[9, 43, 71, 90, 107],
[10, 29, 63, 93, 102],
[11, 31, 60, 89, 99],
[12, 34, 55, 73],
[13, 32, 52, 77],
[14, 45, 51, 87, 100],
[15, 47, 48, 83, 97],
[16, 38, 67, 95, 96],
[17, 36, 64, 91, 101],
[18, 30, 70, 80],
[19, 28, 69, 84, 112],
[20, 40, 62, 76],
[21, 42, 61, 72],
[22, 39, 53, 82, 109],
[23, 37, 54, 86, 104]],

[[0, 26, 58, 78, 110],
[1, 24, 57, 74, 107],
[2, 25, 48, 79, 102],
[3, 27, 51, 75, 99],
[4, 47, 64, 80, 109],
[5, 45, 67, 84, 104],
[6, 32, 59, 93],
[7, 34, 56, 89],
[8, 42, 70, 91, 106],
[9, 40, 69, 95, 111],
[10, 30, 61, 88, 98],
[11, 28, 62, 92, 103],
[12, 33, 53, 76],
[13, 35, 54, 72],
[14, 46, 49, 82, 96],
[15, 44, 50, 86, 101],
[16, 37, 65, 90, 100],
[17, 39, 66, 94, 97],
[18, 29, 68, 85],
[19, 31, 71, 81],
[20, 43, 60, 73],
[21, 41, 63, 77, 112],
[22, 36, 55, 87, 105],
[23, 38, 52, 83, 108]],

[[0, 37, 63, 94],
[1, 39, 60, 90, 112],
[2, 42, 68, 83, 111],
[3, 40, 71, 87, 106],
[4, 28, 52, 76, 100],
[5, 30, 55, 72, 97],
[6, 31, 62, 77, 108],
[7, 29, 61, 73, 105],
[8, 43, 53, 81, 98],
[9, 41, 54, 85, 103],
[10, 36, 49, 79],
[11, 38, 50, 75],
[12, 27, 57, 91, 96],
[13, 25, 58, 95, 101],
[14, 47, 66, 88, 104],
[15, 45, 65, 92, 109],
[16, 33, 51, 84, 107],
[17, 35, 48, 80, 110],
[18, 46, 56, 74],
[19, 44, 59, 78],
[20, 24, 64, 86],
[21, 26, 67, 82],
[22, 32, 69, 89, 102],
[23, 34, 70, 93, 99]],

[[0, 38, 61, 91],
[1, 36, 62, 95],
[2, 41, 70, 86, 107],
[3, 43, 69, 82, 110],
[4, 31, 54, 73, 96],
[5, 29, 53, 77, 101],
[6, 28, 60, 72, 104],
[7, 30, 63, 76, 109],
[8, 40, 55, 84, 102],
[9, 42, 52, 80, 99],
[10, 39, 51, 74],
[11, 37, 48, 78, 112],
[12, 24, 59, 94, 100],
[13, 26, 56, 90, 97],
[14, 44, 64, 93, 108],
[15, 46, 67, 89, 105],
[16, 34, 49, 81, 111],
[17, 32, 50, 85, 106],
[18, 45, 58, 79],
[19, 47, 57, 75],
[20, 27, 66, 83],
[21, 25, 65, 87],
[22, 35, 71, 92, 98],
[23, 33, 68, 88, 103]],

[[0, 40, 70, 81, 109],
[1, 42, 69, 85, 104],
[2, 39, 61, 92],
[3, 37, 62, 88],
[4, 29, 60, 79, 110],
[5, 31, 63, 75, 107],
[6, 30, 54, 78, 102],
[7, 28, 53, 74, 99],
[8, 38, 51, 77],
[9, 36, 48, 73],
[10, 41, 55, 83, 96],
[11, 43, 52, 87, 101],
[12, 45, 64, 90, 106],
[13, 47, 67, 94, 111],
[14, 25, 59, 89, 98],
[15, 27, 56, 93, 103],
[16, 44, 58, 72],
[17, 46, 57, 76, 112],
[18, 35, 49, 86, 105],
[19, 33, 50, 82, 108],
[20, 34, 71, 91, 100],
[21, 32, 68, 95, 97],
[22, 26, 66, 84],
[23, 24, 65, 80]],

[[0, 43, 68, 84, 105],
[1, 41, 71, 80, 108],
[2, 36, 63, 89],
[3, 38, 60, 93],
[4, 30, 62, 74, 106],
[5, 28, 61, 78, 111],
[6, 29, 52, 75, 98],
[7, 31, 55, 79, 103],
[8, 37, 49, 72],
[9, 39, 50, 76],
[10, 42, 53, 86, 100],
[11, 40, 54, 82, 97],
[12, 46, 66, 95, 110],
[13, 44, 65, 91, 107],
[14, 26, 57, 92, 102],
[15, 24, 58, 88, 99],
[16, 47, 56, 77],
[17, 45, 59, 73],
[18, 32, 51, 83, 109],
[19, 34, 48, 87, 104],
[20, 33, 69, 94, 96],
[21, 35, 70, 90, 101],
[22, 25, 64, 81],
[23, 27, 67, 85, 112]],

[[0, 36, 52, 90, 103],
[1, 38, 55, 94, 98],
[2, 44, 49, 77, 106],
[3, 46, 50, 73, 111],
[4, 45, 63, 88],
[5, 47, 60, 92],
[6, 26, 68, 86, 99],
[7, 24, 71, 82, 102],
[8, 32, 56, 80, 104],
[9, 34, 59, 84, 109],
[10, 35, 66, 81, 112],
[11, 33, 65, 85],
[12, 41, 67, 74, 97],
[13, 43, 64, 78, 100],
[14, 30, 48, 95],
[15, 28, 51, 91],
[16, 39, 69, 79, 108],
[17, 37, 70, 75, 105],
[18, 27, 54, 76],
[19, 25, 53, 72],
[20, 31, 57, 93, 110],
[21, 29, 58, 89, 107],
[22, 40, 61, 83, 101],
[23, 42, 62, 87, 96]],

[[0, 39, 54, 95, 99],
[1, 37, 53, 91, 102],
[2, 47, 51, 72, 110],
[3, 45, 48, 76, 107],
[4, 46, 61, 93],
[5, 44, 62, 89],
[6, 25, 70, 83, 103],
[7, 27, 69, 87, 98],
[8, 35, 58, 85, 108],
[9, 33, 57, 81, 105],
[10, 32, 64, 84],
[11, 34, 67, 80],
[12, 42, 65, 79, 101],
[13, 40, 66, 75, 96],
[14, 29, 50, 90],
[15, 31, 49, 94],
[16, 36, 71, 74, 104],
[17, 38, 68, 78, 109],
[18, 24, 52, 73, 112],
[19, 26, 55, 77],
[20, 28, 59, 88, 106],
[21, 30, 56, 92, 111],
[22, 43, 63, 86, 97],
[23, 41, 60, 82, 100]],

[[0, 46, 51, 79, 104],
[1, 44, 48, 75, 109],
[2, 38, 54, 88, 101],
[3, 36, 53, 92, 96],
[4, 24, 70, 84, 97],
[5, 26, 69, 80, 100],
[6, 47, 61, 90],
[7, 45, 62, 94, 112],
[8, 33, 64, 83],
[9, 35, 67, 87],
[10, 34, 58, 82, 106],
[11, 32, 57, 86, 111],
[12, 28, 50, 93],
[13, 30, 49, 89],
[14, 43, 65, 72, 99],
[15, 41, 66, 76, 102],
[16, 25, 52, 78],
[17, 27, 55, 74],
[18, 37, 71, 77, 110],
[19, 39, 68, 73, 107],
[20, 42, 63, 81, 103],
[21, 40, 60, 85, 98],
[22, 29, 59, 95, 108],
[23, 31, 56, 91, 105]],

[[0, 45, 49, 74, 108],
[1, 47, 50, 78, 105],
[2, 37, 52, 93, 97],
[3, 39, 55, 89, 100],
[4, 27, 68, 81, 101],
[5, 25, 71, 85, 96],
[6, 44, 63, 95],
[7, 46, 60, 91],
[8, 34, 66, 86],
[9, 32, 65, 82],
[10, 33, 56, 87, 110],
[11, 35, 59, 83, 107],
[12, 31, 48, 88],
[13, 29, 51, 92, 112],
[14, 40, 67, 77, 103],
[15, 42, 64, 73, 98],
[16, 26, 54, 75],
[17, 24, 53, 79],
[18, 38, 69, 72, 106],
[19, 36, 70, 76, 111],
[20, 41, 61, 84, 99],
[21, 43, 62, 80, 102],
[22, 30, 57, 90, 104],
[23, 28, 58, 94, 109]],

[[0, 41, 59, 92],
[1, 43, 56, 88],
[2, 30, 64, 82, 103],
[3, 28, 67, 86, 98],
[4, 32, 48, 94, 99],
[5, 34, 51, 90, 102],
[6, 40, 53, 73, 110],
[7, 42, 54, 77, 107],
[8, 45, 71, 78, 101],
[9, 47, 68, 74, 96],
[10, 26, 52, 91],
[11, 24, 55, 95],
[12, 36, 60, 84, 108],
[13, 38, 63, 80, 105],
[14, 39, 70, 85],
[15, 37, 69, 81],
[16, 27, 61, 89, 106],
[17, 25, 62, 93, 111],
[18, 44, 57, 87, 97],
[19, 46, 58, 83, 100],
[20, 35, 65, 75, 104],
[21, 33, 66, 79, 109],
[22, 31, 50, 72, 112],
[23, 29, 49, 76]],

[[0, 42, 57, 89],
[1, 40, 58, 93],
[2, 29, 66, 87, 99],
[3, 31, 65, 83, 102],
[4, 35, 50, 91, 103],
[5, 33, 49, 95, 98],
[6, 43, 55, 76, 106],
[7, 41, 52, 72, 111],
[8, 46, 69, 75, 97],
[9, 44, 70, 79, 100],
[10, 25, 54, 94],
[11, 27, 53, 90],
[12, 39, 62, 81, 104],
[13, 37, 61, 85, 109],
[14, 36, 68, 80, 112],
[15, 38, 71, 84],
[16, 24, 63, 92, 110],
[17, 26, 60, 88, 107],
[18, 47, 59, 82, 101],
[19, 45, 56, 86, 96],
[20, 32, 67, 78, 108],
[21, 34, 64, 74, 105],
[22, 28, 48, 77],
[23, 30, 51, 73]],

[[0, 28, 66, 80, 101],
[1, 30, 65, 84, 96],
[2, 43, 57, 94],
[3, 41, 58, 90],
[4, 42, 55, 75, 108],
[5, 40, 52, 79, 105],
[6, 34, 50, 92, 97],
[7, 32, 49, 88, 100],
[8, 24, 54, 89],
[9, 26, 53, 93, 112],
[10, 47, 69, 76, 103],
[11, 45, 70, 72, 98],
[12, 37, 68, 87],
[13, 39, 71, 83],
[14, 38, 62, 86, 110],
[15, 36, 61, 82, 107],
[16, 46, 59, 85, 99],
[17, 44, 56, 81, 102],
[18, 25, 63, 91, 104],
[19, 27, 60, 95, 109],
[20, 29, 48, 74],
[21, 31, 51, 78],
[22, 33, 67, 73, 106],
[23, 35, 64, 77, 111]],

[[0, 31, 64, 85, 97],
[1, 29, 67, 81, 100],
[2, 40, 59, 91],
[3, 42, 56, 95, 112],
[4, 41, 53, 78, 104],
[5, 43, 54, 74, 109],
[6, 33, 48, 89, 101],
[7, 35, 51, 93, 96],
[8, 27, 52, 92],
[9, 25, 55, 88],
[10, 44, 71, 73, 99],
[11, 46, 68, 77, 102],
[12, 38, 70, 82],
[13, 36, 69, 86],
[14, 37, 60, 83, 106],
[15, 39, 63, 87, 111],
[16, 45, 57, 80, 103],
[17, 47, 58, 84, 98],
[18, 26, 61, 94, 108],
[19, 24, 62, 90, 105],
[20, 30, 50, 79],
[21, 28, 49, 75],
[22, 34, 65, 76, 110],
[23, 32, 66, 72, 107]],

[[0, 47, 53, 87],
[1, 45, 54, 83],
[2, 35, 62, 84, 100],
[3, 33, 61, 80, 97],
[4, 39, 65, 77],
[5, 37, 66, 73],
[6, 24, 69, 91, 109],
[7, 26, 70, 95, 104],
[8, 44, 60, 74, 111],
[9, 46, 63, 78, 106],
[10, 28, 57, 85],
[11, 30, 58, 81],
[12, 29, 71, 72, 103],
[13, 31, 68, 76, 98],
[14, 34, 52, 94, 107],
[15, 32, 55, 90, 110],
[16, 40, 64, 88, 112],
[17, 42, 67, 92],
[18, 43, 50, 89, 96],
[19, 41, 49, 93, 101],
[20, 25, 51, 82, 105],
[21, 27, 48, 86, 108],
[22, 38, 56, 79, 99],
[23, 36, 59, 75, 102]],

[[0, 44, 55, 82, 112],
[1, 46, 52, 86],
[2, 32, 60, 81, 96],
[3, 34, 63, 85, 101],
[4, 36, 67, 72],
[5, 38, 64, 76],
[6, 27, 71, 94, 105],
[7, 25, 68, 90, 108],
[8, 47, 62, 79, 107],
[9, 45, 61, 75, 110],
[10, 31, 59, 80],
[11, 29, 56, 84],
[12, 30, 69, 77, 99],
[13, 28, 70, 73, 102],
[14, 33, 54, 91, 111],
[15, 35, 53, 95, 106],
[16, 43, 66, 93],
[17, 41, 65, 89],
[18, 40, 48, 92, 100],
[19, 42, 51, 88, 97],
[20, 26, 49, 87, 109],
[21, 24, 50, 83, 104],
[22, 37, 58, 74, 103],
[23, 39, 57, 78, 98]],

[[0, 33, 60, 86, 102],
[1, 35, 63, 82, 99],
[2, 45, 55, 85],
[3, 47, 52, 81],
[4, 26, 71, 89, 111],
[5, 24, 68, 93, 106],
[6, 37, 67, 79],
[7, 39, 64, 75],
[8, 30, 59, 87, 112],
[9, 28, 56, 83],
[10, 46, 62, 72, 109],
[11, 44, 61, 76, 104],
[12, 32, 54, 92, 105],
[13, 34, 53, 88, 108],
[14, 31, 69, 74, 101],
[15, 29, 70, 78, 96],
[16, 41, 48, 91, 98],
[17, 43, 51, 95, 103],
[18, 42, 66, 90],
[19, 40, 65, 94],
[20, 36, 58, 77, 97],
[21, 38, 57, 73, 100],
[22, 27, 49, 80, 107],
[23, 25, 50, 84, 110]],

[[0, 34, 62, 83, 98],
[1, 32, 61, 87, 103],
[2, 46, 53, 80],
[3, 44, 54, 84],
[4, 25, 69, 92, 107],
[5, 27, 70, 88, 110],
[6, 38, 65, 74, 112],
[7, 36, 66, 78],
[8, 29, 57, 82],
[9, 31, 58, 86],
[10, 45, 60, 77, 105],
[11, 47, 63, 73, 108],
[12, 35, 52, 89, 109],
[13, 33, 55, 93, 104],
[14, 28, 71, 79, 97],
[15, 30, 68, 75, 100],
[16, 42, 50, 94, 102],
[17, 40, 49, 90, 99],
[18, 41, 64, 95],
[19, 43, 67, 91],
[20, 39, 56, 72, 101],
[21, 37, 59, 76, 96],
[22, 24, 51, 85, 111],
[23, 26, 48, 81, 106]],

[[0, 35, 69, 73],
[1, 33, 70, 77],
[2, 28, 65, 95, 105],
[3, 30, 66, 91, 108],
[4, 43, 49, 83, 112],
[5, 41, 50, 87],
[6, 39, 58, 80, 96],
[7, 37, 57, 84, 101],
[8, 25, 67, 76, 99],
[9, 27, 64, 72, 102],
[10, 38, 48, 90, 111],
[11, 36, 51, 94, 106],
[12, 40, 56, 78, 107],
[13, 42, 59, 74, 110],
[14, 24, 61, 81],
[15, 26, 62, 85],
[16, 29, 55, 86, 109],
[17, 31, 52, 82, 104],
[18, 34, 60, 75, 103],
[19, 32, 63, 79, 98],
[20, 44, 68, 92],
[21, 46, 71, 88],
[22, 47, 54, 93, 100],
[23, 45, 53, 89, 97]],

[[0, 32, 71, 76],
[1, 34, 68, 72],
[2, 31, 67, 90, 109],
[3, 29, 64, 94, 104],
[4, 40, 51, 86],
[5, 42, 48, 82],
[6, 36, 56, 85, 100],
[7, 38, 59, 81, 97],
[8, 26, 65, 73, 103],
[9, 24, 66, 77, 98],
[10, 37, 50, 95, 107],
[11, 39, 49, 91, 110],
[12, 43, 58, 75, 111],
[13, 41, 57, 79, 106],
[14, 27, 63, 84],
[15, 25, 60, 80],
[16, 30, 53, 83, 105],
[17, 28, 54, 87, 108],
[18, 33, 62, 78, 99],
[19, 35, 61, 74, 102],
[20, 47, 70, 89, 112],
[21, 45, 69, 93],
[22, 44, 52, 88, 96],
[23, 46, 55, 92, 101]],

[[0, 30, 67, 93, 107],
[1, 28, 64, 89, 110],
[2, 33, 71, 75, 112],
[3, 35, 68, 79],
[4, 37, 56, 82, 98],
[5, 39, 59, 86, 103],
[6, 41, 51, 81],
[7, 43, 48, 85],
[8, 36, 50, 88, 109],
[9, 38, 49, 92, 104],
[10, 27, 65, 78, 97],
[11, 25, 66, 74, 100],
[12, 26, 63, 83],
[13, 24, 60, 87],
[14, 42, 58, 76, 105],
[15, 40, 57, 72, 108],
[16, 32, 62, 73, 101],
[17, 34, 61, 77, 96],
[18, 31, 53, 84, 111],
[19, 29, 54, 80, 106],
[20, 45, 52, 95, 102],
[21, 47, 55, 91, 99],
[22, 46, 70, 94],
[23, 44, 69, 90]],

[[0, 29, 65, 88, 111],
[1, 31, 66, 92, 106],
[2, 34, 69, 78],
[3, 32, 70, 74],
[4, 38, 58, 87, 102],
[5, 36, 57, 83, 99],
[6, 42, 49, 84],
[7, 40, 50, 80],
[8, 39, 48, 93, 105],
[9, 37, 51, 89, 108],
[10, 24, 67, 75, 101],
[11, 26, 64, 79, 96],
[12, 25, 61, 86, 112],
[13, 27, 62, 82],
[14, 41, 56, 73, 109],
[15, 43, 59, 77, 104],
[16, 35, 60, 76, 97],
[17, 33, 63, 72, 100],
[18, 28, 55, 81, 107],
[19, 30, 52, 85, 110],
[20, 46, 54, 90, 98],
[21, 44, 53, 94, 103],
[22, 45, 68, 91],
[23, 47, 71, 95]]]