[[[0,1,2,3,4,5],
[6,7,8,9,10,11],
[12,13,14,15,16,17],
[18,19,20,21,22,23],
[24,25,26,27,28,29],
[30,31,32,33,34],
[35,36,37,38,39],
[40,41,42,43,44],
[45,46,47,48,49],
[50,51,52,53,54],
[55,56,57,58,59],
[60,61,62,63,64],
[65,66,67,68,69],
[70,71,72,73,74],
[75,76,77,78,79],
[80,81,82,83,84],
[85,86,87,88,89],
[90,91,92,93,94],
[95,96,97,98,99],
[100,101,102,103,104],
[105,106,107,108,109],
[110,111,112,113,114]],

[[0,7,14,21,28,34],
[6,13,20,27,33,39],
[12,19,26,32,38,44],
[18,25,31,37,43,49],
[24,30,36,42,48,54],
[35,41,47,53,59],
[40,46,52,58,64],
[45,51,57,63,69],
[50,56,62,68,74],
[55,61,67,73,79],
[60,66,72,78,84],
[65,71,77,83,89],
[70,76,82,88,94],
[75,81,87,93,99],
[80,86,92,98,104],
[85,91,97,103,109],
[90,96,102,108,114],
[5,95,101,107,113],
[4,11,100,106,112],
[3,10,17,105,111],
[2,9,16,23,110],
[1,8,15,22,29]],

[[0,8,13,23,32,43],
[6,14,19,29,37,48],
[12,20,25,34,42,53],
[18,26,30,39,47,58],
[24,31,35,44,52,63],
[36,40,49,57,68],
[41,45,54,62,73],
[46,50,59,67,78],
[51,55,64,72,83],
[56,60,69,77,88],
[61,65,74,82,93],
[66,70,79,87,98],
[71,75,84,92,103],
[76,80,89,97,108],
[81,85,94,102,113],
[4,86,90,99,107],
[10,91,95,104,112],
[3,16,96,100,109],
[9,22,101,105,114],
[5,15,28,106,110],
[1,11,21,33,111],
[2,7,17,27,38]],

[[0,9,17,19,31,53],
[6,15,23,25,36,58],
[12,21,29,30,41,63],
[18,27,34,35,46,68],
[24,32,39,40,51,73],
[37,44,45,56,78],
[42,49,50,61,83],
[47,54,55,66,88],
[52,59,60,71,93],
[57,64,65,76,98],
[62,69,70,81,103],
[67,74,75,86,108],
[72,79,80,91,113],
[4,77,84,85,96],
[10,82,89,90,101],
[16,87,94,95,106],
[22,92,99,100,111],
[2,28,97,104,105],
[8,33,102,109,110],
[1,14,38,107,114],
[5,7,20,43,112],
[3,11,13,26,48]],

[[0,10,15,20,30,44],
[6,16,21,26,35,49],
[12,22,27,31,40,54],
[18,28,32,36,45,59],
[24,33,37,41,50,64],
[38,42,46,55,69],
[43,47,51,60,74],
[48,52,56,65,79],
[53,57,61,70,84],
[58,62,66,75,89],
[63,67,71,80,94],
[68,72,76,85,99],
[73,77,81,90,104],
[78,82,86,95,109],
[83,87,91,100,114],
[5,88,92,96,105],
[11,93,97,101,110],
[1,17,98,102,106],
[7,23,103,107,111],
[2,13,29,108,112],
[3,8,19,34,113],
[4,9,14,25,39]],

[[0,11,16,25,41,52],
[6,17,22,30,46,57],
[12,23,28,35,51,62],
[18,29,33,40,56,67],
[24,34,38,45,61,72],
[39,43,50,66,77],
[44,48,55,71,82],
[49,53,60,76,87],
[54,58,65,81,92],
[59,63,70,86,97],
[64,68,75,91,102],
[69,73,80,96,107],
[74,78,85,101,112],
[3,79,83,90,106],
[9,84,88,95,111],
[2,15,89,93,100],
[8,21,94,98,105],
[14,27,99,103,110],
[1,20,32,104,108],
[7,26,37,109,113],
[4,13,31,42,114],
[5,10,19,36,47]],

[[0,22,26,42,45,64],
[6,28,31,47,50,69],
[12,33,36,52,55,74],
[18,38,41,57,60,79],
[24,43,46,62,65,84],
[48,51,67,70,89],
[53,56,72,75,94],
[58,61,77,80,99],
[63,66,82,85,104],
[68,71,87,90,109],
[73,76,92,95,114],
[5,78,81,97,100],
[11,83,86,102,105],
[17,88,91,107,110],
[1,23,93,96,112],
[3,7,29,98,101],
[9,13,34,103,106],
[15,19,39,108,111],
[2,21,25,44,113],
[4,8,27,30,49],
[10,14,32,35,54],
[16,20,37,40,59]],

[[0,27,36,50,63,79],
[6,32,41,55,68,84],
[12,37,46,60,73,89],
[18,42,51,65,78,94],
[24,47,56,70,83,99],
[52,61,75,88,104],
[57,66,80,93,109],
[62,71,85,98,114],
[5,67,76,90,103],
[11,72,81,95,108],
[17,77,86,100,113],
[4,23,82,91,105],
[10,29,87,96,110],
[1,16,34,92,101],
[7,22,39,97,106],
[13,28,44,102,111],
[2,19,33,49,107],
[8,25,38,54,112],
[3,14,30,43,59],
[9,20,35,48,64],
[15,26,40,53,69],
[21,31,45,58,74]],

[[0,29,35,57,71,78],
[6,34,40,62,76,83],
[12,39,45,67,81,88],
[18,44,50,72,86,93],
[24,49,55,77,91,98],
[54,60,82,96,103],
[59,65,87,101,108],
[64,70,92,106,113],
[4,69,75,97,111],
[2,10,74,80,102],
[8,16,79,85,107],
[14,22,84,90,112],
[3,20,28,89,95],
[9,26,33,94,100],
[15,31,38,99,105],
[21,36,43,104,110],
[1,27,41,48,109],
[7,32,46,53,114],
[5,13,37,51,58],
[11,19,42,56,63],
[17,25,47,61,68],
[23,30,52,66,73]],

[[0,33,46,54,70,77],
[6,38,51,59,75,82],
[12,43,56,64,80,87],
[18,48,61,69,85,92],
[24,53,66,74,90,97],
[58,71,79,95,102],
[63,76,84,100,107],
[68,81,89,105,112],
[3,73,86,94,110],
[1,9,78,91,99],
[7,15,83,96,104],
[13,21,88,101,109],
[19,27,93,106,114],
[5,25,32,98,111],
[2,11,30,37,103],
[8,17,35,42,108],
[14,23,40,47,113],
[4,20,29,45,52],
[10,26,34,50,57],
[16,31,39,55,62],
[22,36,44,60,67],
[28,41,49,65,72]],

[[0,37,69,76,93,105],
[6,42,74,81,98,110],
[1,12,47,79,86,103],
[7,18,52,84,91,108],
[13,24,57,89,96,113],
[4,19,62,94,101],
[10,25,67,99,106],
[16,30,72,104,111],
[2,22,35,77,109],
[8,28,40,82,114],
[5,14,33,45,87],
[11,20,38,50,92],
[17,26,43,55,97],
[23,31,48,60,102],
[29,36,53,65,107],
[34,41,58,70,112],
[3,39,46,63,75],
[9,44,51,68,80],
[15,49,56,73,85],
[21,54,61,78,90],
[27,59,66,83,95],
[32,64,71,88,100]],

[[0,38,49,62,90,111],
[2,6,43,54,67,95],
[8,12,48,59,72,100],
[14,18,53,64,77,105],
[20,24,58,69,82,110],
[1,26,63,74,87],
[7,31,68,79,92],
[13,36,73,84,97],
[19,41,78,89,102],
[25,46,83,94,107],
[30,51,88,99,112],
[3,35,56,93,104],
[9,40,61,98,109],
[15,45,66,103,114],
[5,21,50,71,108],
[11,27,55,76,113],
[4,17,32,60,81],
[10,23,37,65,86],
[16,29,42,70,91],
[22,34,47,75,96],
[28,39,52,80,101],
[33,44,57,85,106]],

[[0,39,56,82,98,100],
[6,44,61,87,103,105],
[12,49,66,92,108,110],
[1,18,54,71,97,113],
[4,7,24,59,76,102],
[10,13,64,81,107],
[16,19,69,86,112],
[3,22,25,74,91],
[9,28,30,79,96],
[15,33,35,84,101],
[21,38,40,89,106],
[27,43,45,94,111],
[2,32,48,50,99],
[8,37,53,55,104],
[14,42,58,60,109],
[20,47,63,65,114],
[5,26,52,68,70],
[11,31,57,73,75],
[17,36,62,78,80],
[23,41,67,83,85],
[29,46,72,88,90],
[34,51,77,93,95]],

[[0,40,48,66,94,112],
[3,6,45,53,71,99],
[9,12,50,58,76,104],
[15,18,55,63,81,109],
[21,24,60,68,86,114],
[5,27,65,73,91],
[11,32,70,78,96],
[17,37,75,83,101],
[23,42,80,88,106],
[29,47,85,93,111],
[2,34,52,90,98],
[8,39,57,95,103],
[14,44,62,100,108],
[20,49,67,105,113],
[4,26,54,72,110],
[1,10,31,59,77],
[7,16,36,64,82],
[13,22,41,69,87],
[19,28,46,74,92],
[25,33,51,79,97],
[30,38,56,84,102],
[35,43,61,89,107]]

]
