[[[0, 16, 32, 48, 64],
[1, 17, 34, 51],
[2, 18, 35, 52],
[3, 19, 36, 53],
[4, 20, 37, 54],
[5, 21, 38, 55],
[6, 22, 39, 56],
[7, 23, 40, 57],
[8, 24, 41, 58],
[9, 25, 42, 59],
[10, 26, 43, 60],
[11, 27, 44, 61],
[12, 28, 45, 62],
[13, 29, 46, 63],
[14, 30, 47, 49],
[15, 31, 33, 50]],

[[0, 17, 33, 49],
[1, 16, 37, 57],
[2, 21, 41, 63],
[3, 25, 47, 50],
[4, 31, 34, 59],
[5, 18, 43, 62],
[6, 27, 46, 58],
[7, 30, 42, 51],
[8, 26, 35, 56],
[9, 19, 40, 54],
[10, 24, 38, 61],
[11, 22, 45, 60],
[12, 29, 44, 55],
[13, 28, 39, 52, 64],
[14, 23, 36, 48],
[15, 20, 32, 53]],

[[0, 18, 34, 50],
[1, 21, 32, 54],
[2, 16, 38, 58],
[3, 22, 42, 49],
[4, 26, 33, 51],
[5, 17, 35, 60],
[6, 19, 44, 63],
[7, 28, 47, 59],
[8, 31, 43, 52],
[9, 27, 36, 57],
[10, 20, 41, 55],
[11, 25, 39, 62],
[12, 23, 46, 61],
[13, 30, 45, 56],
[14, 29, 40, 53, 64],
[15, 24, 37, 48]],

[[0, 19, 35, 51],
[1, 25, 38, 48],
[2, 22, 32, 55],
[3, 16, 39, 59],
[4, 23, 43, 50],
[5, 27, 34, 52],
[6, 18, 36, 61],
[7, 20, 45, 49],
[8, 29, 33, 60],
[9, 17, 44, 53],
[10, 28, 37, 58],
[11, 21, 42, 56],
[12, 26, 40, 63],
[13, 24, 47, 62],
[14, 31, 46, 57],
[15, 30, 41, 54, 64]],

[[0, 20, 36, 52],
[1, 31, 42, 55, 64],
[2, 26, 39, 48],
[3, 23, 32, 56],
[4, 16, 40, 60],
[5, 24, 44, 51],
[6, 28, 35, 53],
[7, 19, 37, 62],
[8, 21, 46, 50],
[9, 30, 34, 61],
[10, 18, 45, 54],
[11, 29, 38, 59],
[12, 22, 43, 57],
[13, 27, 41, 49],
[14, 25, 33, 63],
[15, 17, 47, 58]],

[[0, 21, 37, 53],
[1, 18, 33, 59],
[2, 17, 43, 56, 64],
[3, 27, 40, 48],
[4, 24, 32, 57],
[5, 16, 41, 61],
[6, 25, 45, 52],
[7, 29, 36, 54],
[8, 20, 38, 63],
[9, 22, 47, 51],
[10, 31, 35, 62],
[11, 19, 46, 55],
[12, 30, 39, 60],
[13, 23, 44, 58],
[14, 28, 42, 50],
[15, 26, 34, 49]],

[[0, 22, 38, 54],
[1, 27, 35, 50],
[2, 19, 34, 60],
[3, 18, 44, 57, 64],
[4, 28, 41, 48],
[5, 25, 32, 58],
[6, 16, 42, 62],
[7, 26, 46, 53],
[8, 30, 37, 55],
[9, 21, 39, 49],
[10, 23, 33, 52],
[11, 17, 36, 63],
[12, 20, 47, 56],
[13, 31, 40, 61],
[14, 24, 45, 59],
[15, 29, 43, 51]],

[[0, 23, 39, 55],
[1, 30, 44, 52],
[2, 28, 36, 51],
[3, 20, 35, 61],
[4, 19, 45, 58, 64],
[5, 29, 42, 48],
[6, 26, 32, 59],
[7, 16, 43, 63],
[8, 27, 47, 54],
[9, 31, 38, 56],
[10, 22, 40, 50],
[11, 24, 34, 53],
[12, 18, 37, 49],
[13, 21, 33, 57],
[14, 17, 41, 62],
[15, 25, 46, 60]],

[[0, 24, 40, 56],
[1, 26, 47, 61],
[2, 31, 45, 53],
[3, 29, 37, 52],
[4, 21, 36, 62],
[5, 20, 46, 59, 64],
[6, 30, 43, 48],
[7, 27, 32, 60],
[8, 16, 44, 49],
[9, 28, 33, 55],
[10, 17, 39, 57],
[11, 23, 41, 51],
[12, 25, 35, 54],
[13, 19, 38, 50],
[14, 22, 34, 58],
[15, 18, 42, 63]],

[[0, 25, 41, 57],
[1, 19, 43, 49],
[2, 27, 33, 62],
[3, 17, 46, 54],
[4, 30, 38, 53],
[5, 22, 37, 63],
[6, 21, 47, 60, 64],
[7, 31, 44, 48],
[8, 28, 32, 61],
[9, 16, 45, 50],
[10, 29, 34, 56],
[11, 18, 40, 58],
[12, 24, 42, 52],
[13, 26, 36, 55],
[14, 20, 39, 51],
[15, 23, 35, 59]],

[[0, 26, 42, 58],
[1, 24, 36, 60],
[2, 20, 44, 50],
[3, 28, 34, 63],
[4, 18, 47, 55],
[5, 31, 39, 54],
[6, 23, 38, 49],
[7, 22, 33, 61, 64],
[8, 17, 45, 48],
[9, 29, 32, 62],
[10, 16, 46, 51],
[11, 30, 35, 57],
[12, 19, 41, 59],
[13, 25, 43, 53],
[14, 27, 37, 56],
[15, 21, 40, 52]],

[[0, 27, 43, 59],
[1, 22, 41, 53],
[2, 25, 37, 61],
[3, 21, 45, 51],
[4, 29, 35, 49],
[5, 19, 33, 56],
[6, 17, 40, 55],
[7, 24, 39, 50],
[8, 23, 34, 62, 64],
[9, 18, 46, 48],
[10, 30, 32, 63],
[11, 16, 47, 52],
[12, 31, 36, 58],
[13, 20, 42, 60],
[14, 26, 44, 54],
[15, 28, 38, 57]],

[[0, 28, 44, 60],
[1, 29, 39, 58],
[2, 23, 42, 54],
[3, 26, 38, 62],
[4, 22, 46, 52],
[5, 30, 36, 50],
[6, 20, 34, 57],
[7, 18, 41, 56],
[8, 25, 40, 51],
[9, 24, 35, 63, 64],
[10, 19, 47, 48],
[11, 31, 32, 49],
[12, 16, 33, 53],
[13, 17, 37, 59],
[14, 21, 43, 61],
[15, 27, 45, 55]],

[[0, 29, 45, 61],
[1, 28, 46, 56],
[2, 30, 40, 59],
[3, 24, 43, 55],
[4, 27, 39, 63],
[5, 23, 47, 53],
[6, 31, 37, 51],
[7, 21, 35, 58],
[8, 19, 42, 57],
[9, 26, 41, 52],
[10, 25, 36, 49, 64],
[11, 20, 33, 48],
[12, 17, 32, 50],
[13, 16, 34, 54],
[14, 18, 38, 60],
[15, 22, 44, 62]],

[[0, 30, 46, 62],
[1, 23, 45, 63],
[2, 29, 47, 57],
[3, 31, 41, 60],
[4, 25, 44, 56],
[5, 28, 40, 49],
[6, 24, 33, 54],
[7, 17, 38, 52],
[8, 22, 36, 59],
[9, 20, 43, 58],
[10, 27, 42, 53],
[11, 26, 37, 50, 64],
[12, 21, 34, 48],
[13, 18, 32, 51],
[14, 16, 35, 55],
[15, 19, 39, 61]],

[[0, 31, 47, 63],
[1, 20, 40, 62],
[2, 24, 46, 49],
[3, 30, 33, 58],
[4, 17, 42, 61],
[5, 26, 45, 57],
[6, 29, 41, 50],
[7, 25, 34, 55],
[8, 18, 39, 53],
[9, 23, 37, 60],
[10, 21, 44, 59],
[11, 28, 43, 54],
[12, 27, 38, 51, 64],
[13, 22, 35, 48],
[14, 19, 32, 52],
[15, 16, 36, 56]]]