[[[46, 51, 55, 60],
[34, 35, 36, 37, 38],
[41, 45, 50, 54, 59],
[29, 30, 31, 32, 33],
[40, 44, 49, 53, 58],
[25, 26, 27, 28],
[39, 43, 48, 52, 57],
[20, 21, 22, 23, 24],
[42, 47, 56, 61],
[15, 16, 17, 18, 19],
[0, 1, 2, 3, 4],
[5, 6, 7, 8, 9],
[10, 11, 12, 13, 14]],

[[14, 16, 20, 41, 51],
[0, 32, 34, 42, 59],
[13, 23, 31, 48, 60],
[7, 22, 38, 39],
[1, 18, 21, 49, 56],
[12, 15, 28, 45, 61],
[6, 24, 29, 50, 53],
[11, 26, 30, 47, 52],
[8, 37, 46, 54],
[9, 17, 27, 40, 43],
[3, 19, 36, 55, 57],
[2, 25, 33, 44],
[4, 5, 10, 35, 58]],

[[14, 28, 37, 42, 53],
[6, 18, 25, 43, 58],
[8, 17, 30, 61],
[3, 7, 13, 27, 47],
[1, 9, 12, 20, 55],
[2, 23, 41, 57],
[0, 19, 35, 39, 46],
[11, 24, 34, 44, 60],
[4, 33, 36, 56, 59],
[5, 22, 29, 40, 54],
[48, 49, 50, 51],
[15, 21, 26, 32, 38],
[10, 16, 31, 45, 52]],

[[3, 8, 14, 33, 48],
[0, 23, 25, 50, 52],
[13, 18, 38, 41, 53],
[1, 27, 29, 58],
[7, 35, 55, 59],
[12, 30, 34, 39, 49],
[6, 16, 32, 46, 61],
[2, 9, 11, 15, 54],
[4, 19, 21, 42, 44],
[5, 24, 37, 43],
[17, 22, 26, 31, 36],
[40, 45, 51, 56, 57],
[10, 20, 28, 47, 60]],

[[4, 31, 38, 54, 61],
[13, 22, 30, 43, 55],
[6, 21, 37, 47, 57],
[0, 17, 20, 44],
[12, 19, 27, 41, 56],
[5, 23, 33, 45, 49],
[11, 25, 29, 42, 48],
[7, 28, 36, 50],
[8, 16, 26, 39, 58],
[2, 18, 35, 51, 52],
[1, 32, 40, 60],
[14, 15, 24, 46, 59],
[3, 9, 10, 34, 53]],

[[14, 27, 36, 49, 61],
[5, 17, 39, 53],
[7, 16, 29, 56, 60],
[2, 6, 13, 26, 42],
[0, 8, 12, 24, 51],
[1, 22, 28, 52, 59],
[4, 18, 34, 57],
[11, 23, 38, 40, 55],
[3, 32, 35, 54],
[9, 21, 33, 50, 58],
[43, 44, 45, 46, 47],
[19, 20, 25, 31, 37],
[10, 15, 30, 41, 48]],

[[2, 7, 14, 32, 43],
[4, 22, 45, 48],
[13, 17, 37, 49, 59],
[0, 26, 33, 53, 60],
[6, 28, 34, 51, 54],
[12, 29, 38, 44, 57],
[5, 15, 31, 56],
[1, 8, 11, 19, 50],
[3, 18, 20, 40, 61],
[9, 23, 36, 39, 47],
[16, 21, 25, 30, 35],
[41, 46, 52, 58],
[10, 24, 27, 42, 55]],

[[14, 19, 23, 54],
[3, 30, 37, 50, 56],
[13, 21, 29, 39, 51],
[5, 20, 36, 42, 52],
[4, 16, 24, 40, 47],
[12, 18, 26, 59],
[9, 22, 32, 41, 44],
[11, 33, 43, 61],
[6, 27, 35, 45, 60],
[7, 15, 25, 53, 57],
[1, 17, 34, 46, 48],
[0, 28, 31, 55, 58],
[2, 8, 10, 38, 49]],

[[14, 26, 35, 44, 56],
[9, 16, 28, 49, 57],
[6, 15, 33, 55],
[1, 5, 13, 25, 61],
[4, 7, 12, 23, 46],
[0, 21, 27, 48, 54],
[3, 17, 38, 52, 60],
[11, 22, 37, 51, 58],
[2, 31, 34, 47, 50],
[8, 20, 32, 45, 53],
[39, 40, 41, 42],
[18, 24, 30, 36],
[10, 19, 29, 43, 59]],

[[1, 6, 14, 31, 39],
[3, 21, 28, 41, 43],
[13, 16, 36, 44, 54],
[4, 25, 32, 49, 55],
[5, 27, 38, 46, 50],
[12, 33, 37, 40, 52],
[9, 19, 30, 60],
[0, 7, 11, 18, 45],
[2, 17, 24, 56, 58],
[8, 22, 35, 42, 57],
[15, 20, 29, 34],
[47, 48, 53, 59],
[10, 23, 26, 51, 61]],

[[14, 18, 22, 50, 60],
[2, 29, 36, 45],
[13, 20, 33, 46, 57],
[9, 24, 35, 48, 61],
[3, 15, 23, 42, 58],
[12, 17, 25, 47, 54],
[8, 21, 31, 40, 59],
[11, 28, 32, 39, 56],
[5, 26, 34, 41, 55],
[6, 19, 49, 52],
[0, 16, 38, 43],
[4, 27, 30, 51, 53],
[1, 7, 10, 37, 44]],

[[14, 25, 34, 40],
[8, 15, 27, 44, 52],
[5, 19, 32, 47, 51],
[0, 9, 13, 56],
[3, 6, 12, 22],
[4, 20, 26, 43, 50],
[2, 16, 37, 48, 55],
[11, 21, 36, 46, 53],
[1, 30, 38, 42, 45],
[7, 24, 31, 41, 49],
[57, 58, 59, 60, 61],
[17, 23, 28, 29, 35],
[10, 18, 33, 39, 54]],

[[0, 5, 14, 30, 57],
[2, 20, 27, 39, 59],
[13, 15, 35, 40, 50],
[3, 31, 44, 51],
[9, 26, 37, 45],
[12, 32, 36, 48, 58],
[8, 18, 29, 47, 55],
[4, 6, 11, 17, 41],
[1, 16, 23, 53],
[7, 21, 34, 52, 61],
[19, 24, 28, 33, 38],
[42, 43, 49, 54, 60],
[10, 22, 25, 46, 56]],

[[14, 17, 21, 45, 55],
[1, 33, 35, 41, 47],
[13, 24, 32, 52],
[8, 23, 34, 43, 56],
[2, 19, 22, 53, 61],
[12, 16, 42, 50],
[7, 20, 30, 54, 58],
[11, 27, 31, 57],
[9, 25, 38, 51, 59],
[5, 18, 28, 44, 48],
[4, 15, 37, 39, 60],
[3, 26, 29, 46, 49],
[0, 6, 10, 36, 40]],

[[14, 38, 47, 58],
[7, 19, 26, 40, 48],
[9, 18, 31, 42, 46],
[4, 8, 13, 28],
[2, 5, 12, 21, 60],
[3, 24, 25, 39, 45],
[1, 15, 36, 43, 51],
[11, 20, 35, 49],
[0, 29, 37, 41, 61],
[6, 23, 30, 44, 59],
[52, 53, 54, 55, 56],
[16, 22, 27, 33, 34],
[10, 17, 32, 50, 57]]]