[[[45, 50, 54, 59],
[33, 34, 35, 36, 37],
[40, 44, 49, 53, 58],
[28, 29, 30, 31, 32],
[39, 43, 48, 52, 57],
[24, 25, 26, 27],
[38, 42, 47, 51, 56],
[20, 21, 22, 23],
[41, 46, 55, 60],
[15, 16, 17, 18, 19],
[0, 1, 2, 3, 4],
[5, 6, 7, 8, 9],
[10, 11, 12, 13, 14]],

[[14, 16, 20, 40, 50],
[0, 31, 33, 41, 58],
[13, 22, 30, 47, 59],
[7, 21, 37, 38],
[1, 18, 48, 55],
[12, 15, 27, 44, 60],
[6, 23, 28, 49, 52],
[11, 25, 29, 46, 51],
[8, 36, 45, 53],
[9, 17, 26, 39, 42],
[3, 19, 35, 54, 56],
[2, 24, 32, 43],
[4, 5, 10, 34, 57]],

[[14, 27, 36, 41, 52],
[6, 18, 24, 42, 57],
[8, 17, 29, 60],
[3, 7, 13, 26, 46],
[1, 9, 12, 20, 54],
[2, 22, 40, 56],
[0, 19, 34, 38, 45],
[11, 23, 33, 43, 59],
[4, 32, 35, 55, 58],
[5, 21, 28, 39, 53],
[47, 48, 49, 50],
[15, 25, 31, 37],
[10, 16, 30, 44, 51]],

[[3, 8, 14, 32, 47],
[0, 22, 24, 49, 51],
[13, 18, 37, 40, 52],
[1, 26, 28, 57],
[7, 34, 54, 58],
[12, 29, 33, 38, 48],
[6, 16, 31, 45, 60],
[2, 9, 11, 15, 53],
[4, 19, 41, 43],
[5, 23, 36, 42],
[17, 21, 25, 30, 35],
[39, 44, 50, 55, 56],
[10, 20, 27, 46, 59]],

[[4, 30, 37, 53, 60],
[13, 21, 29, 42, 54],
[6, 36, 46, 56],
[0, 17, 20, 43],
[12, 19, 26, 40, 55],
[5, 22, 32, 44, 48],
[11, 24, 28, 41, 47],
[7, 27, 35, 49],
[8, 16, 25, 38, 57],
[2, 18, 34, 50, 51],
[1, 31, 39, 59],
[14, 15, 23, 45, 58],
[3, 9, 10, 33, 52]],

[[14, 26, 35, 48, 60],
[5, 17, 38, 52],
[7, 16, 28, 55, 59],
[2, 6, 13, 25, 41],
[0, 8, 12, 23, 50],
[1, 21, 27, 51, 58],
[4, 18, 33, 56],
[11, 22, 37, 39, 54],
[3, 31, 34, 53],
[9, 32, 49, 57],
[42, 43, 44, 45, 46],
[19, 20, 24, 30, 36],
[10, 15, 29, 40, 47]],

[[2, 7, 14, 31, 42],
[4, 21, 44, 47],
[13, 17, 36, 48, 58],
[0, 25, 32, 52, 59],
[6, 27, 33, 50, 53],
[12, 28, 37, 43, 56],
[5, 15, 30, 55],
[1, 8, 11, 19, 49],
[3, 18, 20, 39, 60],
[9, 22, 35, 38, 46],
[16, 24, 29, 34],
[40, 45, 51, 57],
[10, 23, 26, 41, 54]],

[[14, 19, 22, 53],
[3, 29, 36, 49, 55],
[13, 28, 38, 50],
[5, 20, 35, 41, 51],
[4, 16, 23, 39, 46],
[12, 18, 25, 58],
[9, 21, 31, 40, 43],
[11, 32, 42, 60],
[6, 26, 34, 44, 59],
[7, 15, 24, 52, 56],
[1, 17, 33, 45, 47],
[0, 27, 30, 54, 57],
[2, 8, 10, 37, 48]],

[[14, 25, 34, 43, 55],
[9, 16, 27, 48, 56],
[6, 15, 32, 54],
[1, 5, 13, 24, 60],
[4, 7, 12, 22, 45],
[0, 26, 47, 53],
[3, 17, 37, 51, 59],
[11, 21, 36, 50, 57],
[2, 30, 33, 46, 49],
[8, 20, 31, 44, 52],
[38, 39, 40, 41],
[18, 23, 29, 35],
[10, 19, 28, 42, 58]],

[[1, 6, 14, 30, 38],
[3, 27, 40, 42],
[13, 16, 35, 43, 53],
[4, 24, 31, 48, 54],
[5, 26, 37, 45, 49],
[12, 32, 36, 39, 51],
[9, 19, 29, 59],
[0, 7, 11, 18, 44],
[2, 17, 23, 55, 57],
[8, 21, 34, 41, 56],
[15, 20, 28, 33],
[46, 47, 52, 58],
[10, 22, 25, 50, 60]],

[[14, 18, 21, 49, 59],
[2, 28, 35, 44],
[13, 20, 32, 45, 56],
[9, 23, 34, 47, 60],
[3, 15, 22, 41, 57],
[12, 17, 24, 46, 53],
[8, 30, 39, 58],
[11, 27, 31, 38, 55],
[5, 25, 33, 40, 54],
[6, 19, 48, 51],
[0, 16, 37, 42],
[4, 26, 29, 50, 52],
[1, 7, 10, 36, 43]],

[[14, 24, 33, 39],
[8, 15, 26, 43, 51],
[5, 19, 31, 46, 50],
[0, 9, 13, 55],
[3, 6, 12, 21],
[4, 20, 25, 42, 49],
[2, 16, 36, 47, 54],
[11, 35, 45, 52],
[1, 29, 37, 41, 44],
[7, 23, 30, 40, 48],
[56, 57, 58, 59, 60],
[17, 22, 27, 28, 34],
[10, 18, 32, 38, 53]],

[[0, 5, 14, 29, 56],
[2, 20, 26, 38, 58],
[13, 15, 34, 39, 49],
[3, 30, 43, 50],
[9, 25, 36, 44],
[12, 31, 35, 47, 57],
[8, 18, 28, 46, 54],
[4, 6, 11, 17, 40],
[1, 16, 22, 52],
[7, 33, 51, 60],
[19, 23, 27, 32, 37],
[41, 42, 48, 53, 59],
[10, 21, 24, 45, 55]],

[[14, 17, 44, 54],
[1, 32, 34, 40, 46],
[13, 23, 31, 51],
[8, 22, 33, 42, 55],
[2, 19, 21, 52, 60],
[12, 16, 41, 49],
[7, 20, 29, 53, 57],
[11, 26, 30, 56],
[9, 24, 37, 50, 58],
[5, 18, 27, 43, 47],
[4, 15, 36, 38, 59],
[3, 25, 28, 45, 48],
[0, 6, 10, 35, 39]],

[[14, 37, 46, 57],
[7, 19, 25, 39, 47],
[9, 18, 30, 41, 45],
[4, 8, 13, 27],
[2, 5, 12, 59],
[3, 23, 24, 38, 44],
[1, 15, 35, 42, 50],
[11, 20, 34, 48],
[0, 28, 36, 40, 60],
[6, 22, 29, 43, 58],
[51, 52, 53, 54, 55],
[16, 21, 26, 32, 33],
[10, 17, 31, 49, 56]]]