[[[0, 12, 24, 36, 48, 60],
[1, 13, 27, 38, 56],
[2, 14, 33, 47, 49],
[3, 15, 34, 45, 52],
[4, 20, 28, 37, 57],
[5, 21, 31, 39, 54, 62],
[6, 22, 25, 41, 50],
[7, 23, 26, 43, 53],
[8, 16, 32, 42, 58, 61],
[9, 17, 35, 40, 55],
[10, 18, 29, 46, 59],
[11, 19, 30, 44, 51]],

[[0, 13, 25, 37, 49, 61],
[1, 12, 26, 39, 57],
[2, 15, 32, 46, 48, 62],
[3, 14, 35, 44, 53],
[4, 21, 29, 36, 56],
[5, 20, 30, 38, 55],
[6, 23, 24, 40, 51],
[7, 22, 27, 42, 52],
[8, 17, 33, 43, 59, 60],
[9, 16, 34, 41, 54],
[10, 19, 28, 47, 58],
[11, 18, 31, 45, 50]],

[[0, 14, 26, 38, 50, 62],
[1, 15, 25, 36, 58],
[2, 12, 35, 45, 51, 61],
[3, 13, 32, 47, 54],
[4, 22, 30, 39, 59],
[5, 23, 29, 37, 52, 60],
[6, 20, 27, 43, 48],
[7, 21, 24, 41, 55],
[8, 18, 34, 40, 56],
[9, 19, 33, 42, 53],
[10, 16, 31, 44, 57],
[11, 17, 28, 46, 49]],

[[0, 15, 27, 39, 51],
[1, 14, 24, 37, 59],
[2, 13, 34, 44, 50, 60],
[3, 12, 33, 46, 55],
[4, 23, 31, 38, 58],
[5, 22, 28, 36, 53, 61],
[6, 21, 26, 42, 49],
[7, 20, 25, 40, 54],
[8, 19, 35, 41, 57, 62],
[9, 18, 32, 43, 52],
[10, 17, 30, 45, 56],
[11, 16, 29, 47, 48]],

[[0, 20, 32, 44, 56],
[1, 21, 35, 46, 52],
[2, 22, 29, 43, 57],
[3, 23, 30, 41, 48, 61],
[4, 16, 24, 45, 53],
[5, 17, 27, 47, 50],
[6, 18, 33, 37, 58, 62],
[7, 19, 34, 39, 49],
[8, 12, 28, 38, 54],
[9, 13, 31, 36, 51],
[10, 14, 25, 42, 55, 60],
[11, 15, 26, 40, 59]],

[[0, 21, 33, 45, 57],
[1, 20, 34, 47, 53],
[2, 23, 28, 42, 56],
[3, 22, 31, 40, 49, 60],
[4, 17, 25, 44, 52, 62],
[5, 16, 26, 46, 51],
[6, 19, 32, 36, 59],
[7, 18, 35, 38, 48],
[8, 13, 29, 39, 55],
[9, 12, 30, 37, 50],
[10, 15, 24, 43, 54, 61],
[11, 14, 27, 41, 58]],

[[0, 22, 34, 46, 58],
[1, 23, 33, 44, 54],
[2, 20, 31, 41, 59],
[3, 21, 28, 43, 50],
[4, 18, 26, 47, 55, 61],
[5, 19, 25, 45, 48],
[6, 16, 35, 39, 56, 60],
[7, 17, 32, 37, 51],
[8, 14, 30, 36, 52],
[9, 15, 29, 38, 49],
[10, 12, 27, 40, 53, 62],
[11, 13, 24, 42, 57]],

[[0, 23, 35, 47, 59],
[1, 22, 32, 45, 55],
[2, 21, 30, 40, 58],
[3, 20, 29, 42, 51, 62],
[4, 19, 27, 46, 54, 60],
[5, 18, 24, 44, 49],
[6, 17, 34, 38, 57, 61],
[7, 16, 33, 36, 50],
[8, 15, 31, 37, 53],
[9, 14, 28, 39, 48],
[10, 13, 26, 41, 52],
[11, 12, 25, 43, 56]],

[[0, 16, 28, 40, 52],
[1, 17, 31, 42, 48],
[2, 18, 25, 39, 53],
[3, 19, 26, 37, 56],
[4, 12, 32, 41, 49],
[5, 13, 35, 43, 58],
[6, 14, 29, 45, 54],
[7, 15, 30, 47, 57, 60],
[8, 20, 24, 46, 50],
[9, 21, 27, 44, 59, 61],
[10, 22, 33, 38, 51],
[11, 23, 34, 36, 55, 62]],

[[0, 17, 29, 41, 53],
[1, 16, 30, 43, 49, 62],
[2, 19, 24, 38, 52],
[3, 18, 27, 36, 57],
[4, 13, 33, 40, 48],
[5, 12, 34, 42, 59],
[6, 15, 28, 44, 55],
[7, 14, 31, 46, 56, 61],
[8, 21, 25, 47, 51],
[9, 20, 26, 45, 58, 60],
[10, 23, 32, 39, 50],
[11, 22, 35, 37, 54]],

[[0, 18, 30, 42, 54],
[1, 19, 29, 40, 50, 61],
[2, 16, 27, 37, 55],
[3, 17, 24, 39, 58],
[4, 14, 34, 43, 51],
[5, 15, 33, 41, 56],
[6, 12, 31, 47, 52],
[7, 13, 28, 45, 59, 62],
[8, 22, 26, 44, 48],
[9, 23, 25, 46, 57],
[10, 20, 35, 36, 49],
[11, 21, 32, 38, 53, 60]],

[[0, 19, 31, 43, 55],
[1, 18, 28, 41, 51, 60],
[2, 17, 26, 36, 54],
[3, 16, 25, 38, 59],
[4, 15, 35, 42, 50],
[5, 14, 32, 40, 57],
[6, 13, 30, 46, 53],
[7, 12, 29, 44, 58],
[8, 23, 27, 45, 49],
[9, 22, 24, 47, 56, 62],
[10, 21, 34, 37, 48],
[11, 20, 33, 39, 52, 61]]]