[[[47, 52, 56, 61],
[35, 36, 37, 38, 39],
[42, 46, 51, 55, 60],
[30, 31, 32, 33, 34],
[41, 45, 50, 54, 59],
[25, 26, 27, 28, 29],
[40, 44, 49, 53, 58],
[20, 21, 22, 23, 24],
[43, 48, 57, 62],
[15, 16, 17, 18, 19],
[0, 1, 2, 3, 4],
[5, 6, 7, 8, 9],
[10, 11, 12, 13, 14]],

[[14, 16, 20, 42, 52],
[0, 33, 35, 43, 60],
[13, 23, 32, 49, 61],
[7, 22, 39, 40],
[1, 18, 21, 50, 57],
[12, 15, 29, 46, 62],
[6, 24, 30, 51, 54],
[11, 27, 31, 48, 53],
[8, 25, 38, 47, 55],
[9, 17, 28, 41, 44],
[3, 19, 37, 56, 58],
[2, 26, 34, 45],
[4, 5, 10, 36, 59]],

[[14, 29, 38, 43, 54],
[6, 18, 26, 44, 59],
[8, 17, 31, 62],
[3, 7, 13, 28, 48],
[1, 9, 12, 20, 56],
[2, 23, 25, 42, 58],
[0, 19, 36, 40, 47],
[11, 24, 35, 45, 61],
[4, 34, 37, 57, 60],
[5, 22, 30, 41, 55],
[49, 50, 51, 52],
[15, 21, 27, 33, 39],
[10, 16, 32, 46, 53]],

[[3, 8, 14, 34, 49],
[0, 23, 26, 51, 53],
[13, 18, 39, 42, 54],
[1, 28, 30, 59],
[7, 25, 36, 56, 60],
[12, 31, 35, 40, 50],
[6, 16, 33, 47, 62],
[2, 9, 11, 15, 55],
[4, 19, 21, 43, 45],
[5, 24, 38, 44],
[17, 22, 27, 32, 37],
[41, 46, 52, 57, 58],
[10, 20, 29, 48, 61]],

[[4, 32, 39, 55, 62],
[13, 22, 31, 44, 56],
[6, 21, 38, 48, 58],
[0, 17, 20, 45],
[12, 19, 28, 42, 57],
[5, 23, 34, 46, 50],
[11, 26, 30, 43, 49],
[7, 29, 37, 51],
[8, 16, 27, 40, 59],
[2, 18, 36, 52, 53],
[1, 25, 33, 41, 61],
[14, 15, 24, 47, 60],
[3, 9, 10, 35, 54]],

[[14, 28, 37, 50, 62],
[5, 17, 25, 40, 54],
[7, 16, 30, 57, 61],
[2, 6, 13, 27, 43],
[0, 8, 12, 24, 52],
[1, 22, 29, 53, 60],
[4, 18, 35, 58],
[11, 23, 39, 41, 56],
[3, 33, 36, 55],
[9, 21, 34, 51, 59],
[44, 45, 46, 47, 48],
[19, 20, 26, 32, 38],
[10, 15, 31, 42, 49]],

[[2, 7, 14, 33, 44],
[4, 22, 25, 46, 49],
[13, 17, 38, 50, 60],
[0, 27, 34, 54, 61],
[6, 29, 35, 52, 55],
[12, 30, 39, 45, 58],
[5, 15, 32, 57],
[1, 8, 11, 19, 51],
[3, 18, 20, 41, 62],
[9, 23, 37, 40, 48],
[16, 21, 26, 31, 36],
[42, 47, 53, 59],
[10, 24, 28, 43, 56]],

[[14, 19, 23, 55],
[3, 31, 38, 51, 57],
[13, 21, 30, 40, 52],
[5, 20, 37, 43, 53],
[4, 16, 24, 41, 48],
[12, 18, 27, 60],
[9, 22, 33, 42, 45],
[11, 25, 34, 44, 62],
[6, 28, 36, 46, 61],
[7, 15, 26, 54, 58],
[1, 17, 35, 47, 49],
[0, 29, 32, 56, 59],
[2, 8, 10, 39, 50]],

[[14, 27, 36, 45, 57],
[9, 16, 29, 50, 58],
[6, 15, 34, 56],
[1, 5, 13, 26, 62],
[4, 7, 12, 23, 47],
[0, 21, 28, 49, 55],
[3, 17, 39, 53, 61],
[11, 22, 38, 52, 59],
[2, 32, 35, 48, 51],
[8, 20, 33, 46, 54],
[40, 41, 42, 43],
[18, 24, 25, 31, 37],
[10, 19, 30, 44, 60]],

[[1, 6, 14, 32, 40],
[3, 21, 29, 42, 44],
[13, 16, 37, 45, 55],
[4, 26, 33, 50, 56],
[5, 28, 39, 47, 51],
[12, 34, 38, 41, 53],
[9, 19, 31, 61],
[0, 7, 11, 18, 46],
[2, 17, 24, 57, 59],
[8, 22, 36, 43, 58],
[15, 20, 25, 30, 35],
[48, 49, 54, 60],
[10, 23, 27, 52, 62]],

[[14, 18, 22, 51, 61],
[2, 30, 37, 46],
[13, 20, 34, 47, 58],
[9, 24, 36, 49, 62],
[3, 15, 23, 43, 59],
[12, 17, 26, 48, 55],
[8, 21, 32, 41, 60],
[11, 29, 33, 40, 57],
[5, 27, 35, 42, 56],
[6, 19, 25, 50, 53],
[0, 16, 39, 44],
[4, 28, 31, 52, 54],
[1, 7, 10, 38, 45]],

[[14, 26, 35, 41],
[8, 15, 28, 45, 53],
[5, 19, 33, 48, 52],
[0, 9, 13, 25, 57],
[3, 6, 12, 22],
[4, 20, 27, 44, 51],
[2, 16, 38, 49, 56],
[11, 21, 37, 47, 54],
[1, 31, 39, 43, 46],
[7, 24, 32, 42, 50],
[58, 59, 60, 61, 62],
[17, 23, 29, 30, 36],
[10, 18, 34, 40, 55]],

[[0, 5, 14, 31, 58],
[2, 20, 28, 40, 60],
[13, 15, 36, 41, 51],
[3, 25, 32, 45, 52],
[9, 27, 38, 46],
[12, 33, 37, 49, 59],
[8, 18, 30, 48, 56],
[4, 6, 11, 17, 42],
[1, 16, 23, 54],
[7, 21, 35, 53, 62],
[19, 24, 29, 34, 39],
[43, 44, 50, 55, 61],
[10, 22, 26, 47, 57]],

[[14, 17, 21, 46, 56],
[1, 34, 36, 42, 48],
[13, 24, 33, 53],
[8, 23, 35, 44, 57],
[2, 19, 22, 54, 62],
[12, 16, 25, 43, 51],
[7, 20, 31, 55, 59],
[11, 28, 32, 58],
[9, 26, 39, 52, 60],
[5, 18, 29, 45, 49],
[4, 15, 38, 40, 61],
[3, 27, 30, 47, 50],
[0, 6, 10, 37, 41]],

[[14, 25, 39, 48, 59],
[7, 19, 27, 41, 49],
[9, 18, 32, 43, 47],
[4, 8, 13, 29],
[2, 5, 12, 21, 61],
[3, 24, 26, 40, 46],
[1, 15, 37, 44, 52],
[11, 20, 36, 50],
[0, 30, 38, 42, 62],
[6, 23, 31, 45, 60],
[53, 54, 55, 56, 57],
[16, 22, 28, 34, 35],
[10, 17, 33, 51, 58]]]