[[[0,12,24],
[1,13,26],
[2,14,27],
[3,15,25],
[4,16,28],
[5,17,30],
[6,18,31],
[7,19,29],
[8,9,32],
[10,20,22],
[11,21,23],
[33,46,58],
[34,45,60],
[35,48,59],
[36,47,57],
[37,50,62],
[38,49,64],
[39,52,63],
[40,51,61],
[53,56,65],
[42,43,54],
[41,44,55]],

[[0,45,57],
[1,46,59],
[2,47,60],
[3,48,58],
[4,49,61],
[5,50,63],
[6,51,64],
[7,52,62],
[32,41,42],
[10,53,55],
[11,54,56],
[13,25,33],
[12,27,34],
[15,26,35],
[14,24,36],
[17,29,37],
[16,31,38],
[19,30,39],
[18,28,40],
[20,23,65],
[9,21,43],
[8,22,44]],

[[24,33,45],
[26,34,46],
[27,35,47],
[25,36,48],
[28,37,49],
[30,38,50],
[31,39,51],
[29,40,52],
[8,42,65],
[20,43,55],
[21,44,56],
[0,13,58],
[1,12,60],
[2,15,59],
[3,14,57],
[4,17,62],
[5,16,64],
[6,19,63],
[7,18,61],
[23,32,53],
[9,10,54],
[11,22,41]],

[[12,33,57],
[13,34,59],
[14,35,60],
[15,36,58],
[16,37,61],
[17,38,63],
[18,39,64],
[19,40,62],
[9,41,65],
[22,43,53],
[23,44,54],
[0,25,46],
[1,27,45],
[2,26,48],
[3,24,47],
[4,29,50],
[5,31,49],
[6,30,52],
[7,28,51],
[20,32,56],
[10,21,42],
[8,11,55]],

[[0,14,26],
[1,15,24],
[2,12,25],
[3,13,27],
[4,18,30],
[5,19,28],
[6,16,29],
[7,17,31],
[21,22,32],
[8,10,23],
[9,11,20],
[33,48,60],
[34,47,58],
[35,46,57],
[36,45,59],
[37,52,64],
[38,51,62],
[39,50,61],
[40,49,63],
[43,44,65],
[41,53,54],
[42,55,56]],

[[0,47,59],
[1,48,57],
[2,45,58],
[3,46,60],
[4,51,63],
[5,52,61],
[6,49,62],
[7,50,64],
[32,54,55],
[8,43,56],
[9,44,53],
[15,27,33],
[14,25,34],
[13,24,35],
[12,26,36],
[19,31,37],
[18,29,38],
[17,28,39],
[16,30,40],
[10,11,65],
[20,21,41],
[22,23,42]],

[[26,33,47],
[24,34,48],
[25,35,45],
[27,36,46],
[30,37,51],
[28,38,52],
[29,39,49],
[31,40,50],
[22,54,65],
[10,41,56],
[20,42,44],
[0,15,60],
[1,14,58],
[2,13,57],
[3,12,59],
[4,19,64],
[5,18,62],
[6,17,61],
[7,16,63],
[11,32,43],
[8,21,53],
[9,23,55]],

[[14,33,59],
[15,34,57],
[12,35,58],
[13,36,60],
[18,37,63],
[19,38,61],
[16,39,62],
[17,40,64],
[21,55,65],
[23,41,43],
[11,42,53],
[0,27,48],
[1,25,47],
[2,24,46],
[3,26,45],
[4,31,52],
[5,29,51],
[6,28,50],
[7,30,49],
[10,32,44],
[8,20,54],
[9,22,56]],

[[0,16,20],
[1,17,22],
[2,18,23],
[3,19,21],
[4,8,24],
[5,9,26],
[6,10,27],
[7,11,25],
[12,13,32],
[14,28,30],
[15,29,31],
[33,50,54],
[34,49,56],
[35,52,55],
[36,51,53],
[37,42,58],
[38,41,60],
[39,44,59],
[40,43,57],
[61,64,65],
[46,47,62],
[45,48,63]],

[[0,49,53],
[1,50,55],
[2,51,56],
[3,52,54],
[4,41,57],
[5,42,59],
[6,43,60],
[7,44,58],
[32,45,46],
[14,61,63],
[15,62,64],
[17,21,33],
[16,23,34],
[19,22,35],
[18,20,36],
[9,25,37],
[8,27,38],
[11,26,39],
[10,24,40],
[28,31,65],
[13,29,47],
[12,30,48]],

[[20,33,49],
[22,34,50],
[23,35,51],
[21,36,52],
[24,37,41],
[26,38,42],
[27,39,43],
[25,40,44],
[12,46,65],
[28,47,63],
[29,48,64],
[0,17,54],
[1,16,56],
[2,19,55],
[3,18,53],
[4,9,58],
[5,8,60],
[6,11,59],
[7,10,57],
[31,32,61],
[13,14,62],
[15,30,45]],

[[16,33,53],
[17,34,55],
[18,35,56],
[19,36,54],
[8,37,57],
[9,38,59],
[10,39,60],
[11,40,58],
[13,45,65],
[30,47,61],
[31,48,62],
[0,21,50],
[1,23,49],
[2,22,52],
[3,20,51],
[4,25,42],
[5,27,41],
[6,26,44],
[7,24,43],
[28,32,64],
[14,29,46],
[12,15,63]],

[[0,18,22],
[1,19,20],
[2,16,21],
[3,17,23],
[4,10,26],
[5,11,24],
[6,8,25],
[7,9,27],
[29,30,32],
[12,14,31],
[13,15,28],
[33,52,56],
[34,51,54],
[35,50,53],
[36,49,55],
[37,44,60],
[38,43,58],
[39,42,57],
[40,41,59],
[47,48,65],
[45,61,62],
[46,63,64]],

[[0,51,55],
[1,52,53],
[2,49,54],
[3,50,56],
[4,43,59],
[5,44,57],
[6,41,58],
[7,42,60],
[32,62,63],
[12,47,64],
[13,48,61],
[19,23,33],
[18,21,34],
[17,20,35],
[16,22,36],
[11,27,37],
[10,25,38],
[9,24,39],
[8,26,40],
[14,15,65],
[28,29,45],
[30,31,46]],

[[22,33,51],
[20,34,52],
[21,35,49],
[23,36,50],
[26,37,43],
[24,38,44],
[25,39,41],
[27,40,42],
[30,62,65],
[14,45,64],
[28,46,48],
[0,19,56],
[1,18,54],
[2,17,53],
[3,16,55],
[4,11,60],
[5,10,58],
[6,9,57],
[7,8,59],
[15,32,47],
[12,29,61],
[13,31,63]],

[[18,33,55],
[19,34,53],
[16,35,54],
[17,36,56],
[10,37,59],
[11,38,57],
[8,39,58],
[9,40,60],
[29,63,65],
[31,45,47],
[15,46,61],
[0,23,52],
[1,21,51],
[2,20,50],
[3,22,49],
[4,27,44],
[5,25,43],
[6,24,42],
[7,26,41],
[14,32,48],
[12,28,62],
[13,30,64]],

[[0,8,28],
[1,9,30],
[2,10,31],
[3,11,29],
[4,12,20],
[5,13,22],
[6,14,23],
[7,15,21],
[16,17,32],
[18,24,26],
[19,25,27],
[33,42,62],
[34,41,64],
[35,44,63],
[36,43,61],
[37,46,54],
[38,45,56],
[39,48,55],
[40,47,53],
[57,60,65],
[50,51,58],
[49,52,59]],

[[0,41,61],
[1,42,63],
[2,43,64],
[3,44,62],
[4,45,53],
[5,46,55],
[6,47,56],
[7,48,54],
[32,49,50],
[18,57,59],
[19,58,60],
[9,29,33],
[8,31,34],
[11,30,35],
[10,28,36],
[13,21,37],
[12,23,38],
[15,22,39],
[14,20,40],
[24,27,65],
[17,25,51],
[16,26,52]],

[[28,33,41],
[30,34,42],
[31,35,43],
[29,36,44],
[20,37,45],
[22,38,46],
[23,39,47],
[21,40,48],
[16,50,65],
[24,51,59],
[25,52,60],
[0,9,62],
[1,8,64],
[2,11,63],
[3,10,61],
[4,13,54],
[5,12,56],
[6,15,55],
[7,14,53],
[27,32,57],
[17,18,58],
[19,26,49]],

[[8,33,61],
[9,34,63],
[10,35,64],
[11,36,62],
[12,37,53],
[13,38,55],
[14,39,56],
[15,40,54],
[17,49,65],
[26,51,57],
[27,52,58],
[0,29,42],
[1,31,41],
[2,30,44],
[3,28,43],
[4,21,46],
[5,23,45],
[6,22,48],
[7,20,47],
[24,32,60],
[18,25,50],
[16,19,59]],

[[0,10,30],
[1,11,28],
[2,8,29],
[3,9,31],
[4,14,22],
[5,15,20],
[6,12,21],
[7,13,23],
[25,26,32],
[16,18,27],
[17,19,24],
[33,44,64],
[34,43,62],
[35,42,61],
[36,41,63],
[37,48,56],
[38,47,54],
[39,46,53],
[40,45,55],
[51,52,65],
[49,57,58],
[50,59,60]],

[[0,43,63],
[1,44,61],
[2,41,62],
[3,42,64],
[4,47,55],
[5,48,53],
[6,45,54],
[7,46,56],
[32,58,59],
[16,51,60],
[17,52,57],
[11,31,33],
[10,29,34],
[9,28,35],
[8,30,36],
[15,23,37],
[14,21,38],
[13,20,39],
[12,22,40],
[18,19,65],
[24,25,49],
[26,27,50]],

[[30,33,43],
[28,34,44],
[29,35,41],
[31,36,42],
[22,37,47],
[20,38,48],
[21,39,45],
[23,40,46],
[26,58,65],
[18,49,60],
[24,50,52],
[0,11,64],
[1,10,62],
[2,9,61],
[3,8,63],
[4,15,56],
[5,14,54],
[6,13,53],
[7,12,55],
[19,32,51],
[16,25,57],
[17,27,59]],

[[10,33,63],
[11,34,61],
[8,35,62],
[9,36,64],
[14,37,55],
[15,38,53],
[12,39,54],
[13,40,56],
[25,59,65],
[27,49,51],
[19,50,57],
[0,31,44],
[1,29,43],
[2,28,42],
[3,30,41],
[4,23,48],
[5,21,47],
[6,20,46],
[7,22,45],
[18,32,52],
[16,24,58],
[17,26,60]],

[[8,12,16],
[9,13,18],
[10,14,19],
[11,15,17],
[20,24,28],
[21,25,30],
[22,26,31],
[23,27,29],
[0,1,32],
[2,4,6],
[3,5,7],
[41,46,50],
[42,45,52],
[43,48,51],
[44,47,49],
[53,58,62],
[54,57,64],
[55,60,63],
[56,59,61],
[37,40,65],
[34,35,38],
[33,36,39]],

[[8,45,49],
[9,46,51],
[10,47,52],
[11,48,50],
[20,57,61],
[21,58,63],
[22,59,64],
[23,60,62],
[32,33,34],
[2,37,39],
[3,38,40],
[13,17,41],
[12,19,42],
[15,18,43],
[14,16,44],
[25,29,53],
[24,31,54],
[27,30,55],
[26,28,56],
[4,7,65],
[1,5,35],
[0,6,36]],

[[16,41,45],
[18,42,46],
[19,43,47],
[17,44,48],
[28,53,57],
[30,54,58],
[31,55,59],
[29,56,60],
[0,34,65],
[4,35,39],
[5,36,40],
[8,13,50],
[9,12,52],
[10,15,51],
[11,14,49],
[20,25,62],
[21,24,64],
[22,27,63],
[23,26,61],
[7,32,37],
[1,2,38],
[3,6,33]],

[[12,41,49],
[13,42,51],
[14,43,52],
[15,44,50],
[24,53,61],
[25,54,63],
[26,55,64],
[27,56,62],
[1,33,65],
[6,35,37],
[7,36,38],
[8,17,46],
[9,19,45],
[10,18,48],
[11,16,47],
[20,29,58],
[21,31,57],
[22,30,60],
[23,28,59],
[4,32,40],
[2,5,34],
[0,3,39]],

[[8,14,18],
[9,15,16],
[10,12,17],
[11,13,19],
[20,26,30],
[21,27,28],
[22,24,29],
[23,25,31],
[5,6,32],
[0,2,7],
[1,3,4],
[41,48,52],
[42,47,50],
[43,46,49],
[44,45,51],
[53,60,64],
[54,59,62],
[55,58,61],
[56,57,63],
[35,36,65],
[33,37,38],
[34,39,40]],

[[8,47,51],
[9,48,49],
[10,45,50],
[11,46,52],
[20,59,63],
[21,60,61],
[22,57,62],
[23,58,64],
[32,38,39],
[0,35,40],
[1,36,37],
[15,19,41],
[14,17,42],
[13,16,43],
[12,18,44],
[27,31,53],
[26,29,54],
[25,28,55],
[24,30,56],
[2,3,65],
[4,5,33],
[6,7,34]],

[[18,41,47],
[16,42,48],
[17,43,45],
[19,44,46],
[30,53,59],
[28,54,60],
[29,55,57],
[31,56,58],
[6,38,65],
[2,33,40],
[4,34,36],
[8,15,52],
[9,14,50],
[10,13,49],
[11,12,51],
[20,27,64],
[21,26,62],
[22,25,61],
[23,24,63],
[3,32,35],
[0,5,37],
[1,7,39]],

[[14,41,51],
[15,42,49],
[12,43,50],
[13,44,52],
[26,53,63],
[27,54,61],
[24,55,62],
[25,56,64],
[5,39,65],
[7,33,35],
[3,34,37],
[8,19,48],
[9,17,47],
[10,16,46],
[11,18,45],
[20,31,60],
[21,29,59],
[22,28,58],
[23,30,57],
[2,32,36],
[0,4,38],
[1,6,40]]

]
