[[[1, 12, 15, 16, 83],
[2, 21, 32, 35, 36],
[23, 41, 55, 56],
[43, 61, 72, 75, 76],
[63, 81, 93, 96, 97],
[5, 19, 29, 44, 52],
[26, 39, 50, 64, 71],
[46, 59, 69, 84, 92],
[3, 11, 66, 79, 90],
[9, 24, 31, 86],
[7, 25, 68, 78],
[27, 45, 47, 89, 99],
[8, 18, 48, 65, 67],
[28, 38, 85, 87],
[4, 6, 49, 58, 88],
[17, 33, 54, 62, 91],
[10, 37, 53, 74, 82],
[30, 57, 73, 95],
[14, 22, 51, 77, 94],
[13, 34, 42, 70, 98],
[0, 20, 40, 60, 80]],

[[13, 16, 17, 84],
[3, 22, 33, 36, 37],
[24, 42, 53, 56, 57],
[44, 62, 73, 76, 77],
[64, 82, 94, 97, 98],
[0, 6, 30, 45],
[20, 51, 65, 72],
[40, 47, 70, 85, 93],
[4, 12, 60, 67, 91],
[10, 25, 32, 80, 87],
[8, 26, 27, 69, 79],
[28, 46, 48, 90],
[9, 19, 49, 66],
[29, 39, 68, 86, 88],
[5, 7, 50, 59, 89],
[18, 34, 55, 63, 92],
[11, 38, 54, 75, 83],
[2, 31, 58, 74, 96],
[15, 23, 52, 78, 95],
[14, 35, 43, 71, 99],
[1, 21, 41, 61, 81]],

[[2, 14, 17, 18, 85],
[4, 23, 34, 37, 38],
[25, 43, 54, 57, 58],
[45, 63, 74, 77, 78],
[65, 83, 95, 98, 99],
[1, 7, 31, 46, 53],
[21, 27, 52, 66, 73],
[41, 48, 71, 86, 94],
[5, 13, 61, 92],
[11, 26, 33, 81, 88],
[9, 28, 60, 70],
[29, 47, 49, 80, 91],
[0, 10, 50, 67, 68],
[20, 30, 69, 87, 89],
[6, 8, 40, 51, 90],
[19, 35, 56, 64, 93],
[12, 39, 55, 76, 84],
[3, 32, 59, 75, 97],
[16, 24, 79, 96],
[15, 36, 44, 72],
[22, 42, 62, 82]],

[[3, 15, 18, 19, 86],
[5, 24, 35, 38, 39],
[26, 44, 55, 58, 59],
[46, 64, 75, 78, 79],
[66, 84, 96, 99],
[8, 32, 47, 54],
[22, 28, 67, 74],
[42, 49, 72, 87, 95],
[6, 14, 62, 68, 93],
[12, 34, 82, 89],
[10, 27, 29, 61, 71],
[30, 48, 50, 81, 92],
[1, 11, 51, 69],
[21, 31, 70, 88, 90],
[7, 9, 41, 52, 91],
[0, 36, 57, 65, 94],
[13, 20, 56, 77, 85],
[4, 33, 40, 76, 98],
[17, 25, 53, 60, 97],
[16, 37, 45, 73, 80],
[2, 23, 43, 63, 83]],

[[0, 4, 16, 19, 87],
[6, 20, 25, 36, 39],
[40, 45, 56, 59],
[47, 60, 65, 76, 79],
[67, 80, 85, 97],
[2, 9, 33, 48, 55],
[23, 29, 53, 75],
[43, 50, 73, 88, 96],
[7, 15, 63, 69, 94],
[13, 27, 35, 83, 90],
[11, 28, 30, 62, 72],
[31, 49, 51, 82, 93],
[12, 52, 68, 70],
[22, 32, 71, 89, 91],
[8, 10, 42, 92],
[1, 37, 58, 66, 95],
[14, 21, 57, 78, 86],
[5, 34, 41, 77, 99],
[18, 26, 54, 61, 98],
[17, 38, 46, 74, 81],
[3, 24, 44, 64, 84]],

[[0, 1, 5, 17, 88],
[7, 20, 21, 26, 37],
[27, 40, 41, 46, 57],
[48, 60, 61, 66, 77],
[80, 81, 86, 98],
[3, 10, 34, 49, 56],
[24, 30, 54, 68, 76],
[44, 51, 74, 89, 97],
[8, 16, 64, 70, 95],
[14, 28, 36, 84, 91],
[12, 29, 31, 63, 73],
[32, 50, 52, 83, 94],
[2, 13, 69, 71],
[23, 33, 72, 90, 92],
[9, 11, 43, 53, 93],
[38, 59, 67, 96],
[15, 22, 58, 79, 87],
[6, 35, 42, 78],
[19, 55, 62, 99],
[18, 39, 47, 75, 82],
[4, 25, 45, 65, 85]],

[[1, 6, 18, 89],
[8, 21, 22, 38],
[28, 41, 42, 47, 58],
[49, 61, 62, 67, 78],
[68, 81, 82, 87, 99],
[4, 11, 35, 50, 57],
[25, 31, 55, 69, 77],
[45, 52, 75, 90, 98],
[9, 17, 65, 71, 96],
[15, 29, 37, 85, 92],
[13, 30, 32, 64, 74],
[33, 51, 84, 95],
[3, 14, 53, 70, 72],
[24, 34, 73, 91, 93],
[10, 12, 44, 54, 94],
[2, 39, 40, 97],
[16, 23, 59, 60, 88],
[7, 36, 43, 79, 80],
[0, 27, 56, 63],
[19, 20, 48, 76, 83],
[5, 26, 46, 66, 86]],

[[2, 7, 19, 90],
[9, 22, 23, 27, 39],
[29, 42, 43, 48, 59],
[50, 62, 63, 79],
[69, 82, 83, 88],
[5, 12, 36, 51, 58],
[26, 32, 56, 70, 78],
[46, 76, 91, 99],
[10, 18, 66, 72, 97],
[16, 30, 38, 86, 93],
[14, 31, 33, 65, 75],
[34, 52, 53, 85, 96],
[4, 15, 54, 71, 73],
[25, 35, 74, 92, 94],
[11, 13, 45, 55, 95],
[3, 20, 41, 68, 98],
[17, 24, 40, 61, 89],
[8, 37, 44, 60, 81],
[1, 28, 57, 64, 80],
[0, 21, 49, 77, 84],
[6, 47, 67, 87]],

[[0, 2, 3, 8, 91],
[10, 20, 23, 24, 28],
[30, 40, 43, 44, 49],
[51, 60, 63, 64, 68],
[70, 80, 83, 84, 89],
[6, 13, 37, 52, 59],
[33, 57, 71, 79],
[47, 53, 77, 92],
[11, 19, 67, 73, 98],
[17, 31, 39, 87, 94],
[15, 32, 34, 66, 76],
[35, 54, 86, 97],
[5, 16, 55, 72, 74],
[26, 36, 75, 93, 95],
[12, 14, 46, 56, 96],
[4, 21, 42, 69, 99],
[18, 25, 41, 62, 90],
[9, 38, 45, 61, 82],
[29, 58, 65, 81],
[1, 22, 50, 78, 85],
[7, 27, 48, 88]],

[[1, 3, 4, 9, 92],
[11, 21, 24, 25, 29],
[31, 41, 44, 45, 50],
[52, 61, 64, 65, 69],
[71, 81, 84, 85, 90],
[7, 14, 38, 40],
[27, 34, 58, 60, 72],
[48, 54, 78, 80, 93],
[0, 12, 74, 99],
[18, 20, 32, 88, 95],
[16, 33, 35, 67, 77],
[36, 53, 55, 87, 98],
[6, 17, 56, 73, 75],
[37, 76, 94, 96],
[13, 15, 47, 57, 97],
[5, 22, 43, 70],
[19, 26, 42, 63, 91],
[10, 39, 46, 62, 83],
[2, 30, 59, 66, 82],
[23, 51, 79, 86],
[8, 28, 49, 68, 89]],

[[4, 5, 10, 93],
[12, 22, 25, 26, 30],
[32, 42, 45, 46, 51],
[62, 65, 66, 70],
[72, 82, 85, 86, 91],
[8, 15, 39, 41, 53],
[28, 35, 59, 61, 73],
[49, 55, 79, 81, 94],
[1, 13, 68, 75],
[19, 21, 33, 89, 96],
[17, 34, 36, 78],
[37, 54, 56, 88, 99],
[7, 18, 57, 74, 76],
[27, 38, 77, 95, 97],
[14, 16, 48, 58, 98],
[6, 23, 44, 71, 80],
[0, 43, 64, 92],
[11, 20, 47, 63, 84],
[3, 31, 40, 67, 83],
[2, 24, 52, 60, 87],
[9, 29, 50, 69, 90]],

[[2, 5, 6, 11, 94],
[13, 23, 26, 31],
[33, 43, 46, 47, 52],
[53, 63, 66, 67, 71],
[73, 83, 86, 87, 92],
[9, 16, 20, 42, 54],
[29, 36, 40, 62, 74],
[50, 56, 60, 82, 95],
[14, 69, 76, 80],
[0, 22, 34, 90, 97],
[18, 35, 37, 68, 79],
[38, 55, 57, 89],
[8, 19, 58, 75, 77],
[28, 39, 78, 96, 98],
[15, 17, 49, 59, 99],
[7, 24, 45, 72, 81],
[1, 27, 44, 65, 93],
[12, 21, 48, 64, 85],
[4, 32, 41, 84],
[3, 25, 61, 88],
[10, 30, 51, 70, 91]],

[[3, 6, 7, 12, 95],
[14, 24, 27, 32],
[34, 44, 47, 48],
[54, 64, 67, 72],
[74, 84, 87, 88, 93],
[10, 17, 21, 43, 55],
[30, 37, 41, 63, 75],
[51, 57, 61, 83, 96],
[2, 15, 70, 77, 81],
[1, 23, 35, 91, 98],
[19, 36, 38, 60, 69],
[39, 56, 58, 80, 90],
[0, 9, 59, 76, 78],
[20, 29, 79, 97, 99],
[16, 18, 40, 50],
[8, 25, 46, 73, 82],
[28, 45, 66, 94],
[13, 22, 49, 65, 86],
[5, 33, 42, 68, 85],
[4, 26, 53, 62, 89],
[11, 31, 52, 71, 92]],

[[4, 7, 8, 13, 96],
[15, 25, 27, 28, 33],
[35, 45, 48, 49, 53],
[55, 65, 68, 73],
[75, 85, 88, 89, 94],
[11, 18, 22, 44, 56],
[31, 38, 42, 64, 76],
[52, 58, 62, 84, 97],
[3, 16, 71, 78, 82],
[24, 36, 92, 99],
[0, 37, 39, 61, 70],
[20, 57, 59, 81, 91],
[1, 10, 40, 77, 79],
[21, 30, 60, 98],
[17, 19, 41, 51, 80],
[9, 26, 47, 74, 83],
[2, 29, 46, 67, 95],
[14, 23, 50, 66, 87],
[6, 34, 43, 69, 86],
[5, 54, 63, 90],
[12, 32, 72, 93]],

[[5, 8, 9, 14, 97],
[16, 26, 28, 29, 34],
[36, 46, 49, 50, 54],
[56, 66, 68, 69, 74],
[76, 86, 89, 90, 95],
[12, 19, 23, 45, 57],
[32, 39, 43, 65, 77],
[59, 63, 85, 98],
[4, 17, 72, 79, 83],
[2, 25, 37, 93],
[1, 20, 38, 62, 71],
[21, 40, 58, 82, 92],
[11, 41, 60, 78],
[22, 31, 61, 80, 99],
[0, 18, 42, 52, 81],
[10, 48, 75, 84],
[3, 30, 47, 96],
[15, 24, 51, 67, 88],
[7, 35, 44, 70, 87],
[6, 27, 55, 64, 91],
[13, 33, 53, 73, 94]],

[[6, 9, 10, 15, 98],
[17, 29, 30, 35],
[37, 47, 50, 51, 55],
[57, 67, 69, 70, 75],
[77, 87, 90, 91, 96],
[0, 13, 24, 46, 58],
[20, 33, 44, 66, 78],
[40, 53, 64, 86, 99],
[5, 18, 60, 73, 84],
[3, 26, 38, 80, 94],
[21, 39, 63, 72],
[22, 41, 59, 83, 93],
[2, 12, 42, 61, 79],
[23, 32, 62, 81],
[1, 19, 43, 82],
[11, 27, 49, 76, 85],
[4, 31, 48, 68, 97],
[16, 25, 52, 89],
[8, 36, 45, 71, 88],
[7, 28, 56, 65, 92],
[14, 34, 54, 74, 95]],

[[7, 10, 11, 16, 99],
[18, 27, 30, 31, 36],
[38, 48, 51, 52, 56],
[58, 70, 71, 76],
[78, 88, 91, 92, 97],
[1, 14, 25, 47, 59],
[21, 34, 45, 67, 79],
[41, 54, 65, 87],
[6, 19, 61, 74, 85],
[4, 39, 81, 95],
[2, 20, 22, 64, 73],
[23, 40, 42, 84, 94],
[3, 13, 43, 60, 62],
[24, 33, 63, 80, 82],
[0, 44, 53, 83],
[12, 28, 50, 77, 86],
[5, 32, 49, 69, 98],
[17, 26, 68, 90],
[9, 37, 46, 72, 89],
[8, 29, 57, 66, 93],
[15, 35, 55, 75, 96]],

[[8, 11, 12, 17],
[19, 28, 31, 32, 37],
[39, 49, 52, 57],
[59, 68, 71, 72, 77],
[79, 89, 92, 93, 98],
[15, 26, 40, 48],
[22, 35, 46, 60],
[42, 55, 66, 80, 88],
[0, 7, 62, 75, 86],
[5, 20, 27, 82, 96],
[3, 21, 23, 65, 74],
[24, 41, 43, 85, 95],
[4, 14, 44, 61, 63],
[25, 34, 64, 81, 83],
[1, 2, 45, 54, 84],
[13, 29, 51, 78, 87],
[6, 33, 50, 70, 99],
[18, 53, 69, 91],
[10, 38, 47, 73, 90],
[9, 30, 58, 67, 94],
[16, 36, 56, 76, 97]],

[[9, 12, 13, 18, 80],
[0, 29, 32, 33, 38],
[20, 50, 53, 58],
[40, 69, 72, 73, 78],
[60, 90, 93, 94, 99],
[2, 16, 41, 49],
[23, 36, 47, 61, 68],
[43, 56, 67, 81, 89],
[1, 8, 63, 76, 87],
[6, 21, 28, 83, 97],
[4, 22, 24, 66, 75],
[25, 42, 44, 86, 96],
[5, 15, 45, 62, 64],
[26, 35, 65, 82, 84],
[3, 46, 55, 85],
[14, 30, 52, 79, 88],
[7, 34, 51, 71],
[19, 27, 54, 70, 92],
[11, 39, 48, 74, 91],
[10, 31, 59, 95],
[17, 37, 57, 77, 98]],

[[10, 13, 14, 19, 81],
[1, 30, 33, 34, 39],
[21, 51, 53, 54, 59],
[41, 70, 73, 74, 79],
[61, 91, 94, 95],
[3, 17, 27, 42, 50],
[24, 37, 48, 62, 69],
[44, 57, 82, 90],
[9, 64, 77, 88],
[7, 22, 29, 84, 98],
[5, 23, 25, 67, 76],
[26, 43, 45, 87, 97],
[6, 16, 46, 63, 65],
[36, 66, 83, 85],
[2, 4, 47, 56, 86],
[15, 31, 60, 89],
[8, 35, 52, 72, 80],
[0, 28, 55, 71, 93],
[12, 20, 49, 75, 92],
[11, 32, 40, 68, 96],
[18, 38, 58, 78, 99]],

[[0, 11, 14, 15, 82],
[20, 31, 34, 35],
[22, 40, 52, 54, 55],
[42, 60, 71, 74, 75],
[62, 80, 92, 95, 96],
[4, 18, 28, 43, 51],
[25, 38, 49, 63, 70],
[45, 58, 68, 83, 91],
[2, 10, 65, 78, 89],
[8, 23, 30, 85, 99],
[6, 24, 26, 77],
[44, 46, 88, 98],
[7, 17, 47, 64, 66],
[27, 37, 67, 84, 86],
[3, 5, 48, 57, 87],
[16, 32, 53, 61, 90],
[9, 36, 73, 81],
[1, 29, 56, 72, 94],
[13, 21, 50, 76, 93],
[12, 33, 41, 69, 97],
[19, 39, 59, 79]],

[[0, 23, 48, 73, 89],
[1, 24, 49, 74, 90],
[25, 50, 75, 91],
[2, 26, 51, 76, 92],
[3, 52, 77, 93],
[4, 27, 78, 94],
[5, 28, 53, 79, 95],
[6, 29, 54, 60, 96],
[7, 30, 55, 61, 97],
[8, 31, 56, 62, 98],
[9, 32, 57, 63, 99],
[10, 33, 58, 64],
[11, 34, 59, 65, 80],
[12, 35, 40, 66, 81],
[13, 36, 41, 67, 82],
[14, 37, 42, 83],
[15, 38, 43, 68, 84],
[16, 39, 44, 69, 85],
[17, 20, 45, 70, 86],
[18, 21, 46, 71, 87],
[19, 22, 47, 72, 88]],

[[8, 20, 43, 94],
[9, 21, 44, 68, 95],
[10, 22, 45, 69, 96],
[11, 23, 46, 70, 97],
[12, 24, 47, 71, 98],
[13, 25, 48, 72, 99],
[14, 26, 49, 73],
[15, 50, 74, 80],
[16, 27, 51, 75, 81],
[17, 28, 52, 76, 82],
[18, 29, 77, 83],
[19, 30, 53, 78, 84],
[0, 31, 54, 79, 85],
[1, 32, 55, 60, 86],
[33, 56, 61, 87],
[2, 34, 57, 62, 88],
[3, 35, 58, 63, 89],
[4, 36, 59, 64, 90],
[5, 37, 40, 65, 91],
[6, 38, 41, 66, 92],
[7, 39, 42, 67, 93]],

[[13, 28, 40, 63, 88],
[14, 29, 41, 64, 89],
[15, 30, 42, 65, 90],
[16, 31, 43, 66, 91],
[17, 32, 44, 67, 92],
[18, 33, 45, 93],
[19, 34, 46, 68, 94],
[0, 35, 47, 69, 95],
[1, 36, 48, 70, 96],
[37, 49, 71, 97],
[2, 38, 50, 72, 98],
[3, 39, 51, 73, 99],
[4, 20, 52, 74],
[5, 21, 75, 80],
[6, 22, 53, 76, 81],
[7, 23, 54, 77, 82],
[8, 24, 55, 78, 83],
[9, 25, 56, 79, 84],
[10, 26, 57, 60, 85],
[11, 58, 61, 86],
[12, 27, 59, 62, 87]],

[[7, 33, 49, 60, 83],
[8, 34, 50, 61, 84],
[9, 35, 51, 62, 85],
[10, 36, 52, 63, 86],
[11, 37, 64, 87],
[12, 38, 53, 65, 88],
[13, 39, 54, 66, 89],
[14, 20, 55, 67, 90],
[15, 21, 56, 91],
[16, 22, 57, 68, 92],
[17, 23, 58, 69, 93],
[18, 24, 59, 70, 94],
[19, 25, 40, 71, 95],
[0, 26, 41, 72, 96],
[1, 42, 73, 97],
[27, 43, 74, 98],
[2, 28, 44, 75, 99],
[3, 29, 45, 76],
[4, 30, 46, 77, 80],
[5, 31, 47, 78, 81],
[6, 32, 48, 79, 82]]]