[[[0, 17, 34, 51, 68, 85],
[1, 18, 36, 54, 72, 90],
[2, 19, 38, 57, 76, 95],
[3, 20, 40, 60, 80],
[4, 21, 42, 63, 84, 88],
[5, 22, 44, 66, 71, 93],
[6, 23, 46, 52, 75],
[7, 24, 48, 55, 79, 86],
[8, 25, 50, 58, 83, 91],
[9, 26, 35, 61, 70],
[10, 27, 37, 64, 74],
[11, 28, 39, 67, 78, 89],
[12, 29, 41, 53, 82, 94],
[13, 30, 43, 56, 69],
[14, 31, 45, 59, 73, 87],
[15, 32, 47, 62, 77, 92],
[16, 33, 49, 65, 81]],

[[0, 18, 35, 52, 69, 86],
[1, 19, 37, 55, 73, 91],
[2, 20, 39, 58, 77],
[3, 21, 41, 61, 81],
[4, 22, 43, 64, 68, 89],
[5, 23, 45, 67, 72, 94],
[6, 24, 47, 53, 76],
[7, 25, 49, 56, 80, 87],
[8, 26, 34, 59, 84, 92],
[9, 27, 36, 62, 71],
[10, 28, 38, 65, 75, 85],
[11, 29, 40, 51, 79, 90],
[12, 30, 42, 54, 83, 95],
[13, 31, 44, 57, 70],
[14, 32, 46, 60, 74, 88],
[15, 33, 48, 63, 78, 93],
[16, 17, 50, 66, 82]],

[[0, 19, 36, 53, 70, 87],
[1, 20, 38, 56, 74, 92],
[2, 21, 40, 59, 78],
[3, 22, 42, 62, 82, 85],
[4, 23, 44, 65, 69, 90],
[5, 24, 46, 51, 73, 95],
[6, 25, 48, 54, 77],
[7, 26, 50, 57, 81, 88],
[8, 27, 35, 60, 68, 93],
[9, 28, 37, 63, 72],
[10, 29, 39, 66, 76, 86],
[11, 30, 41, 52, 80, 91],
[12, 31, 43, 55, 84],
[13, 32, 45, 58, 71],
[14, 33, 47, 61, 75, 89],
[15, 17, 49, 64, 79, 94],
[16, 18, 34, 67, 83]],

[[0, 20, 37, 54, 71, 88],
[1, 21, 39, 57, 75, 93],
[2, 22, 41, 60, 79],
[3, 23, 43, 63, 83, 86],
[4, 24, 45, 66, 70, 91],
[5, 25, 47, 52, 74],
[6, 26, 49, 55, 78],
[7, 27, 34, 58, 82, 89],
[8, 28, 36, 61, 69, 94],
[9, 29, 38, 64, 73],
[10, 30, 40, 67, 77, 87],
[11, 31, 42, 53, 81, 92],
[12, 32, 44, 56, 68],
[13, 33, 46, 59, 72, 85],
[14, 17, 48, 62, 76, 90],
[15, 18, 50, 65, 80, 95],
[16, 19, 35, 51, 84]],

[[0, 21, 38, 55, 72, 89],
[1, 22, 40, 58, 76, 94],
[2, 23, 42, 61, 80],
[3, 24, 44, 64, 84, 87],
[4, 25, 46, 67, 71, 92],
[5, 26, 48, 53, 75],
[6, 27, 50, 56, 79, 85],
[7, 28, 35, 59, 83, 90],
[8, 29, 37, 62, 70, 95],
[9, 30, 39, 65, 74],
[10, 31, 41, 51, 78, 88],
[11, 32, 43, 54, 82, 93],
[12, 33, 45, 57, 69],
[13, 17, 47, 60, 73, 86],
[14, 18, 49, 63, 77, 91],
[15, 19, 34, 66, 81],
[16, 20, 36, 52, 68]],

[[0, 22, 39, 56, 73, 90],
[1, 23, 41, 59, 77, 95],
[2, 24, 43, 62, 81],
[3, 25, 45, 65, 68, 88],
[4, 26, 47, 51, 72, 93],
[5, 27, 49, 54, 76],
[6, 28, 34, 57, 80, 86],
[7, 29, 36, 60, 84, 91],
[8, 30, 38, 63, 71],
[9, 31, 40, 66, 75],
[10, 32, 42, 52, 79, 89],
[11, 33, 44, 55, 83, 94],
[12, 17, 46, 58, 70],
[13, 18, 48, 61, 74, 87],
[14, 19, 50, 64, 78, 92],
[15, 20, 35, 67, 82],
[16, 21, 37, 53, 69, 85]],

[[0, 23, 40, 57, 74, 91],
[1, 24, 42, 60, 78],
[2, 25, 44, 63, 82],
[3, 26, 46, 66, 69, 89],
[4, 27, 48, 52, 73, 94],
[5, 28, 50, 55, 77],
[6, 29, 35, 58, 81, 87],
[7, 30, 37, 61, 68, 92],
[8, 31, 39, 64, 72],
[9, 32, 41, 67, 76, 85],
[10, 33, 43, 53, 80, 90],
[11, 17, 45, 56, 84, 95],
[12, 18, 47, 59, 71],
[13, 19, 49, 62, 75, 88],
[14, 20, 34, 65, 79, 93],
[15, 21, 36, 51, 83],
[16, 22, 38, 54, 70, 86]],

[[0, 24, 41, 58, 75, 92],
[1, 25, 43, 61, 79],
[2, 26, 45, 64, 83, 85],
[3, 27, 47, 67, 70, 90],
[4, 28, 49, 53, 74, 95],
[5, 29, 34, 56, 78],
[6, 30, 36, 59, 82, 88],
[7, 31, 38, 62, 69, 93],
[8, 32, 40, 65, 73],
[9, 33, 42, 51, 77, 86],
[10, 17, 44, 54, 81, 91],
[11, 18, 46, 57, 68],
[12, 19, 48, 60, 72],
[13, 20, 50, 63, 76, 89],
[14, 21, 35, 66, 80, 94],
[15, 22, 37, 52, 84],
[16, 23, 39, 55, 71, 87]],

[[0, 25, 42, 59, 76, 93],
[1, 26, 44, 62, 80],
[2, 27, 46, 65, 84, 86],
[3, 28, 48, 51, 71, 91],
[4, 29, 50, 54, 75],
[5, 30, 35, 57, 79],
[6, 31, 37, 60, 83, 89],
[7, 32, 39, 63, 70, 94],
[8, 33, 41, 66, 74],
[9, 17, 43, 52, 78, 87],
[10, 18, 45, 55, 82, 92],
[11, 19, 47, 58, 69],
[12, 20, 49, 61, 73, 85],
[13, 21, 34, 64, 77, 90],
[14, 22, 36, 67, 81, 95],
[15, 23, 38, 53, 68],
[16, 24, 40, 56, 72, 88]],

[[0, 26, 43, 60, 77, 94],
[1, 27, 45, 63, 81],
[2, 28, 47, 66, 68, 87],
[3, 29, 49, 52, 72, 92],
[4, 30, 34, 55, 76],
[5, 31, 36, 58, 80, 85],
[6, 32, 38, 61, 84, 90],
[7, 33, 40, 64, 71, 95],
[8, 17, 42, 67, 75],
[9, 18, 44, 53, 79, 88],
[10, 19, 46, 56, 83, 93],
[11, 20, 48, 59, 70],
[12, 21, 50, 62, 74, 86],
[13, 22, 35, 65, 78, 91],
[14, 23, 37, 51, 82],
[15, 24, 39, 54, 69],
[16, 25, 41, 57, 73, 89]],

[[0, 27, 44, 61, 78, 95],
[1, 28, 46, 64, 82],
[2, 29, 48, 67, 69, 88],
[3, 30, 50, 53, 73, 93],
[4, 31, 35, 56, 77],
[5, 32, 37, 59, 81, 86],
[6, 33, 39, 62, 68, 91],
[7, 17, 41, 65, 72],
[8, 18, 43, 51, 76],
[9, 19, 45, 54, 80, 89],
[10, 20, 47, 57, 84, 94],
[11, 21, 49, 60, 71],
[12, 22, 34, 63, 75, 87],
[13, 23, 36, 66, 79, 92],
[14, 24, 38, 52, 83],
[15, 25, 40, 55, 70, 85],
[16, 26, 42, 58, 74, 90]],

[[0, 28, 45, 62, 79],
[1, 29, 47, 65, 83],
[2, 30, 49, 51, 70, 89],
[3, 31, 34, 54, 74, 94],
[4, 32, 36, 57, 78],
[5, 33, 38, 60, 82, 87],
[6, 17, 40, 63, 69, 92],
[7, 18, 42, 66, 73],
[8, 19, 44, 52, 77, 85],
[9, 20, 46, 55, 81, 90],
[10, 21, 48, 58, 68, 95],
[11, 22, 50, 61, 72],
[12, 23, 35, 64, 76, 88],
[13, 24, 37, 67, 80, 93],
[14, 25, 39, 53, 84],
[15, 26, 41, 56, 71, 86],
[16, 27, 43, 59, 75, 91]],

[[0, 29, 46, 63, 80],
[1, 30, 48, 66, 84, 85],
[2, 31, 50, 52, 71, 90],
[3, 32, 35, 55, 75, 95],
[4, 33, 37, 58, 79],
[5, 17, 39, 61, 83, 88],
[6, 18, 41, 64, 70, 93],
[7, 19, 43, 67, 74],
[8, 20, 45, 53, 78, 86],
[9, 21, 47, 56, 82, 91],
[10, 22, 49, 59, 69],
[11, 23, 34, 62, 73],
[12, 24, 36, 65, 77, 89],
[13, 25, 38, 51, 81, 94],
[14, 26, 40, 54, 68],
[15, 27, 42, 57, 72, 87],
[16, 28, 44, 60, 76, 92]],

[[0, 30, 47, 64, 81],
[1, 31, 49, 67, 68, 86],
[2, 32, 34, 53, 72, 91],
[3, 33, 36, 56, 76],
[4, 17, 38, 59, 80],
[5, 18, 40, 62, 84, 89],
[6, 19, 42, 65, 71, 94],
[7, 20, 44, 51, 75],
[8, 21, 46, 54, 79, 87],
[9, 22, 48, 57, 83, 92],
[10, 23, 50, 60, 70],
[11, 24, 35, 63, 74, 85],
[12, 25, 37, 66, 78, 90],
[13, 26, 39, 52, 82, 95],
[14, 27, 41, 55, 69],
[15, 28, 43, 58, 73, 88],
[16, 29, 45, 61, 77, 93]],

[[0, 31, 48, 65, 82],
[1, 32, 50, 51, 69, 87],
[2, 33, 35, 54, 73, 92],
[3, 17, 37, 57, 77],
[4, 18, 39, 60, 81, 85],
[5, 19, 41, 63, 68, 90],
[6, 20, 43, 66, 72, 95],
[7, 21, 45, 52, 76],
[8, 22, 47, 55, 80, 88],
[9, 23, 49, 58, 84, 93],
[10, 24, 34, 61, 71],
[11, 25, 36, 64, 75, 86],
[12, 26, 38, 67, 79, 91],
[13, 27, 40, 53, 83],
[14, 28, 42, 56, 70],
[15, 29, 44, 59, 74, 89],
[16, 30, 46, 62, 78, 94]],

[[0, 32, 49, 66, 83],
[1, 33, 34, 52, 70, 88],
[2, 17, 36, 55, 74, 93],
[3, 18, 38, 58, 78],
[4, 19, 40, 61, 82, 86],
[5, 20, 42, 64, 69, 91],
[6, 21, 44, 67, 73],
[7, 22, 46, 53, 77],
[8, 23, 48, 56, 81, 89],
[9, 24, 50, 59, 68, 94],
[10, 25, 35, 62, 72],
[11, 26, 37, 65, 76, 87],
[12, 27, 39, 51, 80, 92],
[13, 28, 41, 54, 84],
[14, 29, 43, 57, 71, 85],
[15, 30, 45, 60, 75, 90],
[16, 31, 47, 63, 79, 95]],

[[0, 33, 50, 67, 84],
[1, 17, 35, 53, 71, 89],
[2, 18, 37, 56, 75, 94],
[3, 19, 39, 59, 79],
[4, 20, 41, 62, 83, 87],
[5, 21, 43, 65, 70, 92],
[6, 22, 45, 51, 74],
[7, 23, 47, 54, 78, 85],
[8, 24, 49, 57, 82, 90],
[9, 25, 34, 60, 69, 95],
[10, 26, 36, 63, 73],
[11, 27, 38, 66, 77, 88],
[12, 28, 40, 52, 81, 93],
[13, 29, 42, 55, 68],
[14, 30, 44, 58, 72, 86],
[15, 31, 46, 61, 76, 91],
[16, 32, 48, 64, 80]]]