[[[0,22,44,66,88],
[1,25,51,70],
[9,36,61,74],
[11,27,48,68],
[14,29,57,75],
[10,41,46,77],
[3,35,63,71],
[12,40,58,87,93],
[15,43,50,67],
[8,31,55,81],
[13,34,54,86,96],
[5,30,62,85],
[21,32,49,83,92],
[19,33,45,72,97],
[16,26,56,79],
[6,24,65,78,95],
[18,38,64,80,94],
[7,37,60,84,91],
[17,42,59,73,89],
[4,23,52,82],
[20,39,53,69,90],
[2,28,47,76]],

[[3,29,48,77,88],
[1,23,45,67,89],
[2,26,52,71],
[10,37,62,75],
[12,28,49,69],
[15,30,58,76],
[11,41,47,78],
[4,36,63,72],
[13,22,59,87,94],
[16,43,51,68],
[9,32,56,82],
[14,35,55,86,97],
[6,31,44,85],
[21,33,50,84,93],
[19,34,46,73],
[17,27,57,80],
[7,25,65,79,96],
[0,39,64,81,95],
[8,38,61,66,92],
[18,42,60,74,90],
[5,24,53,83],
[20,40,54,70,91]],

[[20,22,55,71,92],
[4,30,49,78,89],
[2,24,46,68,90],
[3,27,53,72],
[11,38,44,76],
[13,29,50,70],
[16,31,59,77],
[12,41,48,79],
[5,37,63,73],
[14,23,60,87,95],
[17,43,52,69],
[10,33,57,83],
[15,36,56,86],
[7,32,45,85],
[21,34,51,66,94],
[19,35,47,74],
[18,28,58,81],
[8,26,65,80,97],
[1,40,64,82,96],
[9,39,62,67,93],
[0,42,61,75,91],
[6,25,54,84,88]],

[[7,26,55,66,89],
[20,23,56,72,93],
[5,31,50,79,90],
[3,25,47,69,91],
[4,28,54,73],
[12,39,45,77],
[14,30,51,71],
[17,32,60,78],
[13,41,49,80,88],
[6,38,63,74],
[15,24,61,87,96],
[18,43,53,70],
[11,34,58,84],
[16,37,57,86],
[8,33,46,85],
[21,35,52,67,95],
[19,36,48,75],
[0,29,59,82],
[9,27,65,81],
[2,22,64,83,97],
[10,40,44,68,94],
[1,42,62,76,92]],

[[11,22,45,69,95],
[2,42,44,77,93],
[8,27,56,67,90],
[20,24,57,73,94],
[6,32,51,80,91],
[4,26,48,70,92],
[5,29,55,74],
[13,40,46,78],
[15,31,52,72],
[18,33,61,79],
[14,41,50,81,89],
[7,39,63,75],
[16,25,62,87,97],
[0,43,54,71],
[12,35,59,66],
[17,38,58,86],
[9,34,47,85],
[21,36,53,68,96],
[19,37,49,76],
[1,30,60,83,88],
[10,28,65,82],
[3,23,64,84]],

[[4,24,64,66],
[12,23,46,70,96],
[3,42,45,78,94],
[9,28,57,68,91],
[20,25,58,74,95],
[7,33,52,81,92],
[5,27,49,71,93],
[6,30,56,75],
[14,22,47,79],
[16,32,53,73],
[0,34,62,80],
[15,41,51,82,90],
[8,40,63,76,88],
[17,26,44,87],
[1,43,55,72],
[13,36,60,67],
[18,39,59,86],
[10,35,48,85],
[21,37,54,69,97],
[19,38,50,77],
[2,31,61,84,89],
[11,29,65,83]],

[[5,25,64,67],
[13,24,47,71,97],
[4,42,46,79,95],
[10,29,58,69,92],
[20,26,59,75,96],
[8,34,53,82,93],
[6,28,50,72,94],
[7,31,57,76],
[15,23,48,80],
[17,33,54,74],
[1,35,44,81],
[16,41,52,83,91],
[9,22,63,77,89],
[18,27,45,87],
[2,43,56,73,88],
[14,37,61,68],
[0,40,60,86],
[11,36,49,85],
[21,38,55,70],
[19,39,51,78],
[3,32,62,66,90],
[12,30,65,84]],

[[4,33,44,67,91],
[13,31,65,66],
[6,26,64,68],
[14,25,48,72],
[5,42,47,80,96],
[11,30,59,70,93],
[20,27,60,76,97],
[9,35,54,83,94],
[7,29,51,73,95],
[8,32,58,77],
[16,24,49,81],
[18,34,55,75],
[2,36,45,82],
[17,41,53,84,92],
[10,23,63,78,90],
[0,28,46,87],
[3,43,57,74,89],
[15,38,62,69,88],
[1,22,61,86],
[12,37,50,85],
[21,39,56,71],
[19,40,52,79]],

[[19,22,53,80],
[5,34,45,68,92],
[14,32,65,67],
[7,27,64,69],
[15,26,49,73],
[6,42,48,81,97],
[12,31,60,71,94],
[20,28,61,77],
[10,36,55,84,95],
[8,30,52,74,96],
[9,33,59,78,88],
[17,25,50,82],
[0,35,56,76],
[3,37,46,83],
[18,41,54,66,93],
[11,24,63,79,91],
[1,29,47,87],
[4,43,58,75,90],
[16,39,44,70,89],
[2,23,62,86],
[13,38,51,85],
[21,40,57,72]],

[[14,39,52,85,88],
[21,22,58,73],
[19,23,54,81],
[6,35,46,69,93],
[15,33,65,68],
[8,28,64,70],
[16,27,50,74],
[7,42,49,82],
[13,32,61,72,95],
[20,29,62,78],
[11,37,56,66,96],
[9,31,53,75,97],
[10,34,60,79,89],
[18,26,51,83],
[1,36,57,77],
[4,38,47,84],
[0,41,55,67,94],
[12,25,63,80,92],
[2,30,48,87],
[5,43,59,76,91],
[17,40,45,71,90],
[3,24,44,86]],

[[15,40,53,85,89],
[21,23,59,74],
[19,24,55,82,88],
[7,36,47,70,94],
[16,34,65,69],
[9,29,64,71],
[17,28,51,75],
[8,42,50,83],
[14,33,62,73,96],
[20,30,44,79],
[12,38,57,67,97],
[10,32,54,76],
[11,35,61,80,90],
[0,27,52,84],
[2,37,58,78],
[5,39,48,66],
[1,41,56,68,95],
[13,26,63,81,93],
[3,31,49,87],
[6,43,60,77,92],
[18,22,46,72,91],
[4,25,45,86]],

[[0,23,47,73,92],
[5,26,46,86,88],
[16,22,54,85,90],
[21,24,60,75],
[19,25,56,83,89],
[8,37,48,71,95],
[17,35,65,70],
[10,30,64,72],
[18,29,52,76],
[9,42,51,84],
[15,34,44,74,97],
[20,31,45,80],
[13,39,58,68],
[11,33,55,77],
[12,36,62,81,91],
[1,28,53,66],
[3,38,59,79],
[6,40,49,67],
[2,41,57,69,96],
[14,27,63,82,94],
[4,32,50,87],
[7,43,61,78,93]],

[[1,24,48,74,93],
[6,27,47,86,89],
[17,23,55,85,91],
[21,25,61,76],
[19,26,57,84,90],
[9,38,49,72,96],
[18,36,65,71,88],
[11,31,64,73],
[0,30,53,77],
[10,42,52,66],
[16,35,45,75],
[20,32,46,81],
[14,40,59,69],
[12,34,56,78],
[13,37,44,82,92],
[2,29,54,67],
[4,39,60,80],
[7,22,50,68],
[3,41,58,70,97],
[15,28,63,83,95],
[5,33,51,87],
[8,43,62,79,94]],

[[9,43,44,80,95],
[2,25,49,75,94],
[7,28,48,86,90],
[18,24,56,85,92],
[21,26,62,77],
[19,27,58,66,91],
[10,39,50,73,97],
[0,37,65,72,89],
[12,32,64,74,88],
[1,31,54,78],
[11,42,53,67],
[17,36,46,76],
[20,33,47,82],
[15,22,60,70],
[13,35,57,79],
[14,38,45,83,93],
[3,30,55,68],
[5,40,61,81],
[8,23,51,69],
[4,41,59,71],
[16,29,63,84,96],
[6,34,52,87]],

[[17,30,63,66,97],
[7,35,53,87,88],
[10,43,45,81,96],
[3,26,50,76,95],
[8,29,49,86,91],
[0,25,57,85,93],
[21,27,44,78],
[19,28,59,67,92],
[11,40,51,74],
[1,38,65,73,90],
[13,33,64,75,89],
[2,32,55,79],
[12,42,54,68],
[18,37,47,77],
[20,34,48,83],
[16,23,61,71],
[14,36,58,80],
[15,39,46,84,94],
[4,31,56,69],
[6,22,62,82],
[9,24,52,70],
[5,41,60,72]],

[[18,31,63,67],
[8,36,54,87,89],
[11,43,46,82,97],
[4,27,51,77,96],
[9,30,50,86,92],
[1,26,58,85,94],
[21,28,45,79,88],
[19,29,60,68,93],
[12,22,52,75],
[2,39,65,74,91],
[14,34,64,76,90],
[3,33,56,80],
[13,42,55,69],
[0,38,48,78],
[20,35,49,84],
[17,24,62,72],
[15,37,59,81],
[16,40,47,66,95],
[5,32,57,70],
[7,23,44,83],
[10,25,53,71],
[6,41,61,73]],

[[0,32,63,68],
[9,37,55,87,90],
[12,43,47,83],
[5,28,52,78,97],
[10,31,51,86,93],
[2,27,59,85,95],
[21,29,46,80,89],
[19,30,61,69,94],
[13,23,53,76],
[3,40,65,75,92],
[15,35,64,77,91],
[4,34,57,81,88],
[14,42,56,70],
[1,39,49,79],
[20,36,50,66],
[18,25,44,73],
[16,38,60,82],
[17,22,48,67,96],
[6,33,58,71],
[8,24,45,84],
[11,26,54,72],
[7,41,62,74]],

[[8,41,44,75],
[1,33,63,69],
[10,38,56,87,91],
[13,43,48,84],
[6,29,53,79],
[11,32,52,86,94],
[3,28,60,85,96],
[21,30,47,81,90],
[19,31,62,70,95],
[14,24,54,77],
[4,22,65,76,93],
[16,36,64,78,92],
[5,35,58,82,89],
[15,42,57,71],
[2,40,50,80],
[20,37,51,67,88],
[0,26,45,74],
[17,39,61,83],
[18,23,49,68,97],
[7,34,59,72],
[9,25,46,66],
[12,27,55,73]],

[[9,41,45,76],
[2,34,63,70],
[11,39,57,87,92],
[14,43,49,66],
[7,30,54,80],
[12,33,53,86,95],
[4,29,61,85,97],
[21,31,48,82,91],
[19,32,44,71,96],
[15,25,55,78],
[5,23,65,77,94],
[17,37,64,79,93],
[6,36,59,83,90],
[16,42,58,72,88],
[3,22,51,81],
[20,38,52,68,89],
[1,27,46,75],
[18,40,62,84],
[0,24,50,69],
[8,35,60,73],
[10,26,47,67],
[13,28,56,74]]

]
