[[[0, 16, 32, 48, 64, 80],
[1, 17, 34, 51, 68, 85],
[2, 18, 35, 52, 69, 86],
[3, 19, 36, 53, 70, 87],
[4, 20, 37, 54, 71, 88],
[5, 21, 38, 55, 72, 89],
[6, 22, 39, 56, 73, 90],
[7, 23, 40, 57, 74, 91],
[8, 24, 41, 58, 75, 92],
[9, 25, 42, 59, 76, 93],
[10, 26, 43, 60, 77, 94],
[11, 27, 44, 61, 78],
[12, 28, 45, 62, 79, 81],
[13, 29, 46, 63, 65, 82],
[14, 30, 47, 49, 66, 83],
[15, 31, 33, 50, 67, 84]],

[[0, 17, 33, 49, 65, 81],
[1, 16, 37, 57, 79, 82],
[2, 21, 41, 63, 66, 91],
[3, 25, 47, 50, 75, 94],
[4, 31, 34, 59, 78, 90],
[5, 18, 43, 62, 74, 83],
[6, 27, 46, 58, 67, 88],
[7, 30, 42, 51, 72, 86],
[8, 26, 35, 56, 70, 93],
[9, 19, 40, 54, 77, 92],
[10, 24, 38, 61, 76, 87],
[11, 22, 45, 60, 71, 84],
[12, 29, 44, 55, 68, 80],
[13, 28, 39, 52, 64, 85],
[14, 23, 36, 48, 69, 89],
[15, 20, 32, 53, 73]],

[[0, 18, 34, 50, 66, 82],
[1, 21, 32, 54, 74, 81],
[2, 16, 38, 58, 65, 83],
[3, 22, 42, 49, 67, 92],
[4, 26, 33, 51, 76],
[5, 17, 35, 60, 79, 91],
[6, 19, 44, 63, 75, 84],
[7, 28, 47, 59, 68, 89],
[8, 31, 43, 52, 73, 87],
[9, 27, 36, 57, 71, 94],
[10, 20, 41, 55, 78, 93],
[11, 25, 39, 62, 77, 88],
[12, 23, 46, 61, 72, 85],
[13, 30, 45, 56, 69, 80],
[14, 29, 40, 53, 64, 86],
[15, 24, 37, 48, 70, 90]],

[[0, 19, 35, 51, 67, 83],
[1, 25, 38, 48, 71, 91],
[2, 22, 32, 55, 75, 82],
[3, 16, 39, 59, 66, 84],
[4, 23, 43, 50, 68, 93],
[5, 27, 34, 52, 77, 81],
[6, 18, 36, 61, 65, 92],
[7, 20, 45, 49, 76, 85],
[8, 29, 33, 60, 69, 90],
[9, 17, 44, 53, 74, 88],
[10, 28, 37, 58, 72],
[11, 21, 42, 56, 79, 94],
[12, 26, 40, 63, 78, 89],
[13, 24, 47, 62, 73, 86],
[14, 31, 46, 57, 70, 80],
[15, 30, 41, 54, 64, 87]],

[[0, 20, 36, 52, 68, 84],
[1, 31, 42, 55, 64, 88],
[2, 26, 39, 48, 72, 92],
[3, 23, 32, 56, 76, 83],
[4, 16, 40, 60, 67, 85],
[5, 24, 44, 51, 69, 94],
[6, 28, 35, 53, 78, 82],
[7, 19, 37, 62, 66, 93],
[8, 21, 46, 50, 77, 86],
[9, 30, 34, 61, 70, 91],
[10, 18, 45, 54, 75, 89],
[11, 29, 38, 59, 73, 81],
[12, 22, 43, 57, 65],
[13, 27, 41, 49, 79, 90],
[14, 25, 33, 63, 74, 87],
[15, 17, 47, 58, 71, 80]],

[[0, 21, 37, 53, 69, 85],
[1, 18, 33, 59, 72, 80],
[2, 17, 43, 56, 64, 89],
[3, 27, 40, 48, 73, 93],
[4, 24, 32, 57, 77, 84],
[5, 16, 41, 61, 68, 86],
[6, 25, 45, 52, 70],
[7, 29, 36, 54, 79, 83],
[8, 20, 38, 63, 67, 94],
[9, 22, 47, 51, 78, 87],
[10, 31, 35, 62, 71, 92],
[11, 19, 46, 55, 76, 90],
[12, 30, 39, 60, 74, 82],
[13, 23, 44, 58, 66, 81],
[14, 28, 42, 50, 65, 91],
[15, 26, 34, 49, 75, 88]],

[[0, 22, 38, 54, 70, 86],
[1, 27, 35, 50, 76, 89],
[2, 19, 34, 60, 73, 80],
[3, 18, 44, 57, 64, 90],
[4, 28, 41, 48, 74, 94],
[5, 25, 32, 58, 78, 85],
[6, 16, 42, 62, 69, 87],
[7, 26, 46, 53, 71, 81],
[8, 30, 37, 55, 65, 84],
[9, 21, 39, 49, 68],
[10, 23, 33, 52, 79, 88],
[11, 17, 36, 63, 72, 93],
[12, 20, 47, 56, 77, 91],
[13, 31, 40, 61, 75, 83],
[14, 24, 45, 59, 67, 82],
[15, 29, 43, 51, 66, 92]],

[[0, 23, 39, 55, 71, 87],
[1, 30, 44, 52, 67, 93],
[2, 28, 36, 51, 77, 90],
[3, 20, 35, 61, 74, 80],
[4, 19, 45, 58, 64, 91],
[5, 29, 42, 48, 75],
[6, 26, 32, 59, 79, 86],
[7, 16, 43, 63, 70, 88],
[8, 27, 47, 54, 72, 82],
[9, 31, 38, 56, 66, 85],
[10, 22, 40, 50, 69, 81],
[11, 24, 34, 53, 65, 89],
[12, 18, 37, 49, 73, 94],
[13, 21, 33, 57, 78, 92],
[14, 17, 41, 62, 76, 84],
[15, 25, 46, 60, 68, 83]],

[[0, 24, 40, 56, 72, 88],
[1, 26, 47, 61, 69, 84],
[2, 31, 45, 53, 68, 94],
[3, 29, 37, 52, 78, 91],
[4, 21, 36, 62, 75, 80],
[5, 20, 46, 59, 64, 92],
[6, 30, 43, 48, 76, 81],
[7, 27, 32, 60, 65, 87],
[8, 16, 44, 49, 71, 89],
[9, 28, 33, 55, 73, 83],
[10, 17, 39, 57, 67, 86],
[11, 23, 41, 51, 70, 82],
[12, 25, 35, 54, 66, 90],
[13, 19, 38, 50, 74],
[14, 22, 34, 58, 79, 93],
[15, 18, 42, 63, 77, 85]],

[[0, 25, 41, 57, 73, 89],
[1, 19, 43, 49, 78, 86],
[2, 27, 33, 62, 70, 85],
[3, 17, 46, 54, 69],
[4, 30, 38, 53, 79, 92],
[5, 22, 37, 63, 76, 80],
[6, 21, 47, 60, 64, 93],
[7, 31, 44, 48, 77, 82],
[8, 28, 32, 61, 66, 88],
[9, 16, 45, 50, 72, 90],
[10, 29, 34, 56, 74, 84],
[11, 18, 40, 58, 68, 87],
[12, 24, 42, 52, 71, 83],
[13, 26, 36, 55, 67, 91],
[14, 20, 39, 51, 75, 81],
[15, 23, 35, 59, 65, 94]],

[[0, 26, 42, 58, 74, 90],
[1, 24, 36, 60, 66],
[2, 20, 44, 50, 79, 87],
[3, 28, 34, 63, 71, 86],
[4, 18, 47, 55, 70, 81],
[5, 31, 39, 54, 65, 93],
[6, 23, 38, 49, 77, 80],
[7, 22, 33, 61, 64, 94],
[8, 17, 45, 48, 78, 83],
[9, 29, 32, 62, 67, 89],
[10, 16, 46, 51, 73, 91],
[11, 30, 35, 57, 75, 85],
[12, 19, 41, 59, 69, 88],
[13, 25, 43, 53, 72, 84],
[14, 27, 37, 56, 68, 92],
[15, 21, 40, 52, 76, 82]],

[[0, 27, 43, 59, 75, 91],
[1, 22, 41, 53, 77, 83],
[2, 25, 37, 61, 67, 81],
[3, 21, 45, 51, 65, 88],
[4, 29, 35, 49, 72, 87],
[5, 19, 33, 56, 71, 82],
[6, 17, 40, 55, 66, 94],
[7, 24, 39, 50, 78, 80],
[8, 23, 34, 62, 64],
[9, 18, 46, 48, 79, 84],
[10, 30, 32, 63, 68, 90],
[11, 16, 47, 52, 74, 92],
[12, 31, 36, 58, 76, 86],
[13, 20, 42, 60, 70, 89],
[14, 26, 44, 54, 73, 85],
[15, 28, 38, 57, 69, 93]],

[[0, 28, 44, 60, 76, 92],
[1, 29, 39, 58, 70, 94],
[2, 23, 42, 54, 78, 84],
[3, 26, 38, 62, 68, 82],
[4, 22, 46, 52, 66, 89],
[5, 30, 36, 50, 73, 88],
[6, 20, 34, 57, 72, 83],
[7, 18, 41, 56, 67],
[8, 25, 40, 51, 79, 80],
[9, 24, 35, 63, 64, 81],
[10, 19, 47, 48, 65, 85],
[11, 31, 32, 49, 69, 91],
[12, 16, 33, 53, 75, 93],
[13, 17, 37, 59, 77, 87],
[14, 21, 43, 61, 71, 90],
[15, 27, 45, 55, 74, 86]],

[[0, 29, 45, 61, 77, 93],
[1, 28, 46, 56, 75, 87],
[2, 30, 40, 59, 71],
[3, 24, 43, 55, 79, 85],
[4, 27, 39, 63, 69, 83],
[5, 23, 47, 53, 67, 90],
[6, 31, 37, 51, 74, 89],
[7, 21, 35, 58, 73, 84],
[8, 19, 42, 57, 68, 81],
[9, 26, 41, 52, 65, 80],
[10, 25, 36, 49, 64, 82],
[11, 20, 33, 48, 66, 86],
[12, 17, 32, 50, 70, 92],
[13, 16, 34, 54, 76, 94],
[14, 18, 38, 60, 78, 88],
[15, 22, 44, 62, 72, 91]],

[[0, 30, 46, 62, 78, 94],
[1, 23, 45, 63, 73, 92],
[2, 29, 47, 57, 76, 88],
[3, 31, 41, 60, 72, 81],
[4, 25, 44, 56, 65, 86],
[5, 28, 40, 49, 70, 84],
[6, 24, 33, 54, 68, 91],
[7, 17, 38, 52, 75, 90],
[8, 22, 36, 59, 74, 85],
[9, 20, 43, 58, 69, 82],
[10, 27, 42, 53, 66, 80],
[11, 26, 37, 50, 64, 83],
[12, 21, 34, 48, 67, 87],
[13, 18, 32, 51, 71, 93],
[14, 16, 35, 55, 77],
[15, 19, 39, 61, 79, 89]],

[[0, 31, 47, 63, 79],
[1, 20, 40, 62, 65, 90],
[2, 24, 46, 49, 74, 93],
[3, 30, 33, 58, 77, 89],
[4, 17, 42, 61, 73, 82],
[5, 26, 45, 57, 66, 87],
[6, 29, 41, 50, 71, 85],
[7, 25, 34, 55, 69, 92],
[8, 18, 39, 53, 76, 91],
[9, 23, 37, 60, 75, 86],
[10, 21, 44, 59, 70, 83],
[11, 28, 43, 54, 67, 80],
[12, 27, 38, 51, 64, 84],
[13, 22, 35, 48, 68, 88],
[14, 19, 32, 52, 72, 94],
[15, 16, 36, 56, 78, 81]]]