[[[0, 18, 36, 54, 72, 90],
[1, 21, 43, 62, 77, 92],
[2, 24, 41, 58, 79, 91],
[3, 34, 48, 68, 76, 99],
[4, 28, 46, 64, 78],
[5, 31, 53, 69, 74],
[6, 19, 52, 65, 88, 93],
[7, 22, 50, 70, 81, 95],
[8, 25, 45, 66, 86, 94],
[9, 29, 38, 63, 75, 98],
[10, 32, 42, 71, 80, 97],
[11, 35, 40, 67, 73, 96],
[12, 33, 49, 61, 89],
[13, 27, 47, 57, 82],
[14, 30, 51, 56, 84],
[15, 20, 37, 59, 85],
[16, 23, 44, 55, 87],
[17, 26, 39, 60, 83]],

[[0, 25, 39, 59, 80, 92],
[1, 19, 37, 55, 73, 91],
[2, 22, 44, 60, 75, 90],
[3, 32, 51, 70, 72],
[4, 35, 49, 66, 77],
[5, 29, 47, 65, 79, 99],
[6, 26, 46, 67, 84, 95],
[7, 20, 53, 63, 89, 94],
[8, 23, 48, 71, 82, 93],
[9, 33, 41, 68, 74, 97],
[10, 27, 36, 64, 76, 96],
[11, 30, 43, 69, 78, 98],
[12, 31, 52, 54, 85],
[13, 34, 50, 62, 87],
[14, 28, 45, 58, 83],
[15, 24, 40, 61, 81],
[16, 18, 38, 57, 86],
[17, 21, 42, 56, 88]],

[[0, 23, 42, 61, 76, 91],
[1, 26, 40, 57, 78, 90],
[2, 20, 38, 56, 74, 92],
[3, 27, 45, 63, 80],
[4, 30, 52, 71, 73, 99],
[5, 33, 50, 67, 75],
[6, 21, 49, 69, 83, 94],
[7, 24, 47, 68, 85, 93],
[8, 18, 51, 64, 87, 95],
[9, 31, 44, 70, 79, 96],
[10, 34, 39, 66, 72, 98],
[11, 28, 37, 65, 77, 97],
[12, 29, 46, 59, 81],
[13, 32, 53, 55, 86],
[14, 35, 48, 60, 88],
[15, 22, 43, 54, 89],
[16, 25, 41, 62, 82],
[17, 19, 36, 58, 84]],

[[0, 22, 46, 68, 82, 96],
[1, 25, 53, 64, 84, 98],
[2, 19, 48, 69, 89, 97],
[3, 21, 39, 57, 75, 93],
[4, 24, 37, 56, 80, 95],
[5, 18, 44, 61, 73, 94],
[6, 28, 51, 71, 79],
[7, 31, 49, 67, 72],
[8, 34, 47, 63, 77],
[9, 23, 40, 62, 88],
[10, 26, 38, 58, 81],
[11, 20, 42, 54, 86],
[12, 32, 41, 66, 78, 92],
[13, 35, 36, 65, 74, 91],
[14, 29, 43, 70, 76, 90],
[15, 27, 52, 55, 83],
[16, 30, 50, 60, 85],
[17, 33, 45, 59, 87, 99]],

[[0, 20, 49, 70, 87, 98],
[1, 23, 47, 66, 83, 97],
[2, 26, 51, 65, 85, 96],
[3, 19, 42, 62, 74, 95],
[4, 22, 40, 58, 76, 94],
[5, 25, 38, 54, 78, 93],
[6, 35, 45, 64, 75],
[7, 29, 52, 69, 80],
[8, 32, 50, 68, 73],
[9, 18, 43, 55, 84],
[10, 21, 41, 60, 89],
[11, 24, 36, 59, 82],
[12, 27, 44, 71, 77, 91],
[13, 30, 39, 67, 79, 90],
[14, 33, 37, 63, 72, 92],
[15, 34, 46, 57, 88],
[16, 28, 53, 56, 81, 99],
[17, 31, 48, 61, 86]],

[[0, 24, 52, 63, 86, 97],
[1, 18, 50, 71, 88, 96],
[2, 21, 45, 67, 81, 98],
[3, 26, 36, 55, 79, 94],
[4, 20, 43, 60, 72, 93],
[5, 23, 41, 59, 77, 95],
[6, 30, 48, 66, 74],
[7, 33, 46, 65, 76],
[8, 27, 53, 70, 78],
[9, 25, 37, 57, 83],
[10, 19, 44, 56, 85],
[11, 22, 39, 61, 87],
[12, 34, 38, 64, 73, 90],
[13, 28, 42, 69, 75, 92],
[14, 31, 40, 68, 80, 91],
[15, 32, 49, 62, 84, 99],
[16, 35, 47, 58, 89],
[17, 29, 51, 54, 82]],

[[0, 31, 45, 65, 73],
[1, 34, 52, 70, 75],
[2, 28, 50, 66, 80],
[3, 25, 49, 71, 85, 90],
[4, 19, 47, 67, 87, 92],
[5, 22, 51, 63, 83, 91],
[6, 24, 42, 60, 78, 96],
[7, 18, 40, 59, 74, 98],
[8, 21, 38, 55, 76, 97],
[9, 30, 46, 58, 86],
[10, 33, 53, 54, 88],
[11, 27, 48, 62, 81],
[12, 26, 43, 56, 82],
[13, 20, 41, 61, 84],
[14, 23, 36, 57, 89, 99],
[15, 35, 44, 69, 72, 95],
[16, 29, 39, 68, 77, 94],
[17, 32, 37, 64, 79, 93]],

[[0, 29, 48, 67, 78],
[1, 32, 46, 63, 74],
[2, 35, 53, 71, 76],
[3, 23, 52, 64, 81, 92],
[4, 26, 50, 69, 86, 91],
[5, 20, 45, 68, 88, 90],
[6, 22, 36, 56, 77, 98],
[7, 25, 43, 61, 79, 97],
[8, 19, 41, 57, 72, 96],
[9, 28, 49, 60, 82],
[10, 31, 47, 59, 84],
[11, 34, 51, 55, 89],
[12, 21, 37, 58, 87],
[13, 24, 44, 54, 83, 99],
[14, 18, 39, 62, 85],
[15, 30, 38, 65, 80, 94],
[16, 33, 42, 70, 73, 93],
[17, 27, 40, 66, 75, 95]],

[[0, 33, 51, 69, 77],
[1, 27, 49, 68, 79],
[2, 30, 47, 64, 72],
[3, 18, 46, 66, 89, 91],
[4, 21, 53, 65, 82, 90],
[5, 24, 48, 70, 84, 92],
[6, 20, 39, 58, 73, 97],
[7, 23, 37, 54, 75, 96],
[8, 26, 44, 62, 80, 98],
[9, 35, 52, 56, 87],
[10, 29, 50, 61, 83],
[11, 32, 45, 57, 85],
[12, 19, 40, 60, 86, 99],
[13, 22, 38, 59, 88],
[14, 25, 42, 55, 81],
[15, 28, 41, 67, 76, 93],
[16, 31, 36, 63, 78, 95],
[17, 34, 43, 71, 74, 94]],

[[0, 32, 47, 60, 81, 94],
[1, 35, 51, 59, 86, 93],
[2, 29, 49, 55, 88, 95],
[3, 24, 43, 65, 87],
[4, 18, 41, 70, 83],
[5, 21, 36, 66, 85],
[6, 27, 38, 61, 72, 99],
[7, 30, 42, 57, 77],
[8, 33, 40, 56, 79],
[9, 26, 45, 54, 76, 92],
[10, 20, 52, 62, 78, 91],
[11, 23, 50, 58, 74, 90],
[12, 28, 39, 63, 84, 96],
[13, 31, 37, 71, 89, 98],
[14, 34, 44, 67, 82, 97],
[15, 19, 53, 68, 75],
[16, 22, 48, 64, 80],
[17, 25, 46, 69, 73]],

[[0, 27, 50, 56, 89, 93],
[1, 30, 45, 61, 82, 95],
[2, 33, 52, 57, 84, 94],
[3, 22, 37, 67, 86],
[4, 25, 44, 63, 88],
[5, 19, 39, 71, 81],
[6, 34, 41, 54, 80],
[7, 28, 36, 62, 73],
[8, 31, 43, 58, 75, 99],
[9, 21, 48, 59, 72, 91],
[10, 24, 46, 55, 77, 90],
[11, 18, 53, 60, 79, 92],
[12, 35, 42, 68, 83, 98],
[13, 29, 40, 64, 85, 97],
[14, 32, 38, 69, 87, 96],
[15, 26, 47, 70, 74],
[16, 20, 51, 66, 76],
[17, 23, 49, 65, 78]],

[[0, 34, 53, 58, 85, 95],
[1, 28, 48, 54, 87, 94],
[2, 31, 46, 62, 83, 93],
[3, 20, 40, 69, 82],
[4, 23, 38, 68, 84],
[5, 26, 42, 64, 89],
[6, 32, 44, 59, 76],
[7, 35, 39, 55, 78, 99],
[8, 29, 37, 60, 74],
[9, 19, 51, 61, 80, 90],
[10, 22, 49, 57, 73, 92],
[11, 25, 47, 56, 75, 91],
[12, 30, 36, 70, 88, 97],
[13, 33, 43, 66, 81, 96],
[14, 27, 41, 65, 86, 98],
[15, 21, 50, 63, 79],
[16, 24, 45, 71, 72],
[17, 18, 52, 67, 77]],

[[0, 30, 41, 55, 75],
[1, 33, 36, 60, 80],
[2, 27, 43, 59, 73],
[3, 35, 50, 54, 84, 97],
[4, 29, 45, 62, 89, 96],
[5, 32, 52, 58, 82, 98],
[6, 18, 37, 68, 81],
[7, 21, 44, 64, 86],
[8, 24, 39, 69, 88],
[9, 22, 47, 71, 78],
[10, 25, 51, 67, 74, 99],
[11, 19, 49, 63, 76],
[12, 20, 48, 57, 79, 95],
[13, 23, 46, 56, 72, 94],
[14, 26, 53, 61, 77, 93],
[15, 31, 42, 66, 87, 90],
[16, 34, 40, 65, 83, 92],
[17, 28, 38, 70, 85, 91]],

[[0, 28, 44, 57, 74],
[1, 31, 39, 56, 76],
[2, 34, 37, 61, 78],
[3, 30, 53, 59, 83, 96],
[4, 33, 48, 55, 85, 98],
[5, 27, 46, 60, 87, 97],
[6, 25, 40, 70, 89],
[7, 19, 38, 66, 82],
[8, 22, 42, 65, 84],
[9, 20, 50, 64, 77, 99],
[10, 23, 45, 69, 79],
[11, 26, 52, 68, 72],
[12, 24, 51, 62, 75, 94],
[13, 18, 49, 58, 80, 93],
[14, 21, 47, 54, 73, 95],
[15, 29, 36, 71, 86, 92],
[16, 32, 43, 67, 88, 91],
[17, 35, 41, 63, 81, 90]],

[[0, 35, 38, 62, 79],
[1, 29, 42, 58, 72],
[2, 32, 40, 54, 77],
[3, 28, 47, 61, 88, 98],
[4, 31, 51, 57, 81, 97],
[5, 34, 49, 56, 86, 96],
[6, 23, 43, 63, 85],
[7, 26, 41, 71, 87],
[8, 20, 36, 67, 83],
[9, 24, 53, 66, 73],
[10, 18, 48, 65, 75],
[11, 21, 46, 70, 80, 99],
[12, 22, 45, 55, 74, 93],
[13, 25, 52, 60, 76, 95],
[14, 19, 50, 59, 78, 94],
[15, 33, 39, 64, 82, 91],
[16, 27, 37, 69, 84, 90],
[17, 30, 44, 68, 89, 92]],

[[0, 21, 40, 71, 84],
[1, 24, 38, 67, 89],
[2, 18, 42, 63, 82, 99],
[3, 33, 44, 58, 78],
[4, 27, 39, 54, 74],
[5, 30, 37, 62, 76],
[6, 29, 53, 57, 87, 91],
[7, 32, 48, 56, 83, 90],
[8, 35, 46, 61, 85, 92],
[9, 34, 36, 69, 81, 93],
[10, 28, 43, 68, 86, 95],
[11, 31, 41, 64, 88, 94],
[12, 25, 50, 65, 72],
[13, 19, 45, 70, 77],
[14, 22, 52, 66, 79],
[15, 23, 51, 60, 73, 98],
[16, 26, 49, 59, 75, 97],
[17, 20, 47, 55, 80, 96]],

[[0, 19, 43, 64, 83],
[1, 22, 41, 69, 85, 99],
[2, 25, 36, 68, 87],
[3, 31, 38, 60, 77],
[4, 34, 42, 59, 79],
[5, 28, 40, 55, 72],
[6, 33, 47, 62, 86, 90],
[7, 27, 51, 58, 88, 92],
[8, 30, 49, 54, 81, 91],
[9, 32, 39, 65, 89, 95],
[10, 35, 37, 70, 82, 94],
[11, 29, 44, 66, 84, 93],
[12, 23, 53, 67, 80],
[13, 26, 48, 63, 73],
[14, 20, 46, 71, 75],
[15, 18, 45, 56, 78, 97],
[16, 21, 52, 61, 74, 96],
[17, 24, 50, 57, 76, 98]],

[[0, 26, 37, 66, 88, 99],
[1, 20, 44, 65, 81],
[2, 23, 39, 70, 86],
[3, 29, 41, 56, 73],
[4, 32, 36, 61, 75],
[5, 35, 43, 57, 80],
[6, 31, 50, 55, 82, 92],
[7, 34, 45, 60, 84, 91],
[8, 28, 52, 59, 89, 90],
[9, 27, 42, 67, 85, 94],
[10, 30, 40, 63, 87, 93],
[11, 33, 38, 71, 83, 95],
[12, 18, 47, 69, 76],
[13, 21, 51, 68, 78],
[14, 24, 49, 64, 74],
[15, 25, 48, 58, 77, 96],
[16, 19, 46, 54, 79, 98],
[17, 22, 53, 62, 72, 97]]]