[[[1, 7, 40, 56, 88],
[9, 22, 32, 53, 95],
[6, 83, 89, 122, 138],
[15, 42, 48, 81, 129],
[47, 97, 124, 130, 163],
[13, 91, 104, 114, 135],
[12, 50, 63, 73, 136],
[54, 94, 132, 145, 155],
[2, 58, 77, 87, 102],
[18, 71, 78, 86, 98],
[5, 20, 84, 140, 159],
[17, 36, 43, 128, 143],
[46, 61, 99, 118, 125],
[4, 16, 100, 153, 160],
[30, 37, 59, 127, 139],
[45, 57, 112, 119, 141],
[10, 31, 34, 103, 161],
[8, 19, 33, 107, 137],
[21, 79, 92, 113, 116],
[51, 72, 75, 120, 144],
[38, 62, 133, 154, 157],
[25, 55, 90, 101, 115],
[49, 60, 74, 96, 148],
[14, 66, 131, 142, 156],
[24, 85, 121, 149, 158],
[11, 105, 109, 151, 152],
[3, 39, 67, 76, 106],
[65, 108, 117, 126, 162],
[26, 35, 44, 80, 147],
[23, 27, 69, 70, 93],
[52, 110, 111, 146, 150],
[28, 29, 64, 68, 134],
[0, 41, 82, 123, 164]],

[[0, 2, 8, 57, 89],
[10, 23, 33, 54, 96],
[7, 82, 84, 90, 139],
[16, 41, 43, 49, 130],
[48, 98, 123, 125, 131],
[14, 92, 105, 115, 136],
[13, 51, 64, 74, 137],
[55, 95, 133, 146, 156],
[3, 59, 78, 88, 103],
[19, 72, 79, 87, 99],
[6, 21, 85, 141, 160],
[18, 37, 44, 129, 144],
[47, 62, 100, 119, 126],
[5, 17, 101, 154, 161],
[31, 38, 60, 128, 140],
[46, 58, 113, 120, 142],
[11, 32, 35, 104, 162],
[9, 20, 34, 108, 138],
[22, 80, 93, 114, 117],
[52, 73, 76, 121, 145],
[39, 63, 134, 155, 158],
[26, 56, 91, 102, 116],
[50, 61, 75, 97, 149],
[15, 67, 132, 143, 157],
[25, 86, 122, 150, 159],
[12, 106, 110, 152, 153],
[4, 40, 68, 77, 107],
[66, 109, 118, 127, 163],
[27, 36, 45, 81, 148],
[24, 28, 70, 71, 94],
[53, 111, 112, 147, 151],
[29, 30, 65, 69, 135],
[1, 42, 83, 124, 164]],

[[1, 3, 9, 58, 90],
[11, 24, 34, 55, 97],
[8, 83, 85, 91, 140],
[17, 42, 44, 50, 131],
[49, 99, 124, 126, 132],
[15, 93, 106, 116, 137],
[14, 52, 65, 75, 138],
[56, 96, 134, 147, 157],
[4, 60, 79, 89, 104],
[20, 73, 80, 88, 100],
[7, 22, 86, 142, 161],
[19, 38, 45, 130, 145],
[48, 63, 101, 120, 127],
[6, 18, 102, 155, 162],
[32, 39, 61, 129, 141],
[47, 59, 114, 121, 143],
[12, 33, 36, 105, 163],
[10, 21, 35, 109, 139],
[23, 81, 94, 115, 118],
[53, 74, 77, 122, 146],
[40, 64, 135, 156, 159],
[27, 57, 92, 103, 117],
[51, 62, 76, 98, 150],
[16, 68, 133, 144, 158],
[26, 82, 87, 151, 160],
[13, 107, 111, 153, 154],
[0, 5, 69, 78, 108],
[67, 110, 119, 123, 128],
[28, 37, 41, 46, 149],
[25, 29, 71, 72, 95],
[54, 112, 113, 148, 152],
[30, 31, 66, 70, 136],
[2, 43, 84, 125, 164]],

[[2, 4, 10, 59, 91],
[12, 25, 35, 56, 98],
[9, 84, 86, 92, 141],
[18, 43, 45, 51, 132],
[50, 100, 125, 127, 133],
[16, 94, 107, 117, 138],
[15, 53, 66, 76, 139],
[57, 97, 135, 148, 158],
[5, 61, 80, 90, 105],
[21, 74, 81, 89, 101],
[8, 23, 87, 143, 162],
[20, 39, 46, 131, 146],
[49, 64, 102, 121, 128],
[7, 19, 103, 156, 163],
[33, 40, 62, 130, 142],
[48, 60, 115, 122, 144],
[13, 34, 37, 106, 123],
[11, 22, 36, 110, 140],
[24, 41, 95, 116, 119],
[54, 75, 78, 82, 147],
[0, 65, 136, 157, 160],
[28, 58, 93, 104, 118],
[52, 63, 77, 99, 151],
[17, 69, 134, 145, 159],
[27, 83, 88, 152, 161],
[14, 108, 112, 154, 155],
[1, 6, 70, 79, 109],
[68, 111, 120, 124, 129],
[29, 38, 42, 47, 150],
[26, 30, 72, 73, 96],
[55, 113, 114, 149, 153],
[31, 32, 67, 71, 137],
[3, 44, 85, 126, 164]],

[[3, 5, 11, 60, 92],
[13, 26, 36, 57, 99],
[10, 85, 87, 93, 142],
[19, 44, 46, 52, 133],
[51, 101, 126, 128, 134],
[17, 95, 108, 118, 139],
[16, 54, 67, 77, 140],
[58, 98, 136, 149, 159],
[6, 62, 81, 91, 106],
[22, 41, 75, 90, 102],
[9, 24, 88, 144, 163],
[21, 40, 47, 132, 147],
[50, 65, 103, 122, 129],
[8, 20, 104, 123, 157],
[0, 34, 63, 131, 143],
[49, 61, 82, 116, 145],
[14, 35, 38, 107, 124],
[12, 23, 37, 111, 141],
[25, 42, 96, 117, 120],
[55, 76, 79, 83, 148],
[1, 66, 137, 158, 161],
[29, 59, 94, 105, 119],
[53, 64, 78, 100, 152],
[18, 70, 135, 146, 160],
[28, 84, 89, 153, 162],
[15, 109, 113, 155, 156],
[2, 7, 71, 80, 110],
[69, 112, 121, 125, 130],
[30, 39, 43, 48, 151],
[27, 31, 73, 74, 97],
[56, 114, 115, 150, 154],
[32, 33, 68, 72, 138],
[4, 45, 86, 127, 164]],

[[4, 6, 12, 61, 93],
[14, 27, 37, 58, 100],
[11, 86, 88, 94, 143],
[20, 45, 47, 53, 134],
[52, 102, 127, 129, 135],
[18, 96, 109, 119, 140],
[17, 55, 68, 78, 141],
[59, 99, 137, 150, 160],
[7, 41, 63, 92, 107],
[23, 42, 76, 91, 103],
[10, 25, 89, 123, 145],
[0, 22, 48, 133, 148],
[51, 66, 82, 104, 130],
[9, 21, 105, 124, 158],
[1, 35, 64, 132, 144],
[50, 62, 83, 117, 146],
[15, 36, 39, 108, 125],
[13, 24, 38, 112, 142],
[26, 43, 97, 118, 121],
[56, 77, 80, 84, 149],
[2, 67, 138, 159, 162],
[30, 60, 95, 106, 120],
[54, 65, 79, 101, 153],
[19, 71, 136, 147, 161],
[29, 85, 90, 154, 163],
[16, 110, 114, 156, 157],
[3, 8, 72, 81, 111],
[70, 113, 122, 126, 131],
[31, 40, 44, 49, 152],
[28, 32, 74, 75, 98],
[57, 115, 116, 151, 155],
[33, 34, 69, 73, 139],
[5, 46, 87, 128, 164]],

[[5, 7, 13, 62, 94],
[15, 28, 38, 59, 101],
[12, 87, 89, 95, 144],
[21, 46, 48, 54, 135],
[53, 103, 128, 130, 136],
[19, 97, 110, 120, 141],
[18, 56, 69, 79, 142],
[60, 100, 138, 151, 161],
[8, 42, 64, 93, 108],
[24, 43, 77, 92, 104],
[11, 26, 90, 124, 146],
[1, 23, 49, 134, 149],
[52, 67, 83, 105, 131],
[10, 22, 106, 125, 159],
[2, 36, 65, 133, 145],
[51, 63, 84, 118, 147],
[16, 37, 40, 109, 126],
[14, 25, 39, 113, 143],
[27, 44, 98, 119, 122],
[57, 78, 81, 85, 150],
[3, 68, 139, 160, 163],
[31, 61, 96, 107, 121],
[55, 66, 80, 102, 154],
[20, 72, 137, 148, 162],
[30, 86, 91, 123, 155],
[17, 111, 115, 157, 158],
[4, 9, 41, 73, 112],
[71, 82, 114, 127, 132],
[0, 32, 45, 50, 153],
[29, 33, 75, 76, 99],
[58, 116, 117, 152, 156],
[34, 35, 70, 74, 140],
[6, 47, 88, 129, 164]],

[[6, 8, 14, 63, 95],
[16, 29, 39, 60, 102],
[13, 88, 90, 96, 145],
[22, 47, 49, 55, 136],
[54, 104, 129, 131, 137],
[20, 98, 111, 121, 142],
[19, 57, 70, 80, 143],
[61, 101, 139, 152, 162],
[9, 43, 65, 94, 109],
[25, 44, 78, 93, 105],
[12, 27, 91, 125, 147],
[2, 24, 50, 135, 150],
[53, 68, 84, 106, 132],
[11, 23, 107, 126, 160],
[3, 37, 66, 134, 146],
[52, 64, 85, 119, 148],
[0, 17, 38, 110, 127],
[15, 26, 40, 114, 144],
[28, 45, 82, 99, 120],
[41, 58, 79, 86, 151],
[4, 69, 123, 140, 161],
[32, 62, 97, 108, 122],
[56, 67, 81, 103, 155],
[21, 73, 138, 149, 163],
[31, 87, 92, 124, 156],
[18, 112, 116, 158, 159],
[5, 10, 42, 74, 113],
[72, 83, 115, 128, 133],
[1, 33, 46, 51, 154],
[30, 34, 76, 77, 100],
[59, 117, 118, 153, 157],
[35, 36, 71, 75, 141],
[7, 48, 89, 130, 164]],

[[7, 9, 15, 64, 96],
[17, 30, 40, 61, 103],
[14, 89, 91, 97, 146],
[23, 48, 50, 56, 137],
[55, 105, 130, 132, 138],
[21, 99, 112, 122, 143],
[20, 58, 71, 81, 144],
[62, 102, 140, 153, 163],
[10, 44, 66, 95, 110],
[26, 45, 79, 94, 106],
[13, 28, 92, 126, 148],
[3, 25, 51, 136, 151],
[54, 69, 85, 107, 133],
[12, 24, 108, 127, 161],
[4, 38, 67, 135, 147],
[53, 65, 86, 120, 149],
[1, 18, 39, 111, 128],
[0, 16, 27, 115, 145],
[29, 46, 83, 100, 121],
[42, 59, 80, 87, 152],
[5, 70, 124, 141, 162],
[33, 63, 82, 98, 109],
[41, 57, 68, 104, 156],
[22, 74, 123, 139, 150],
[32, 88, 93, 125, 157],
[19, 113, 117, 159, 160],
[6, 11, 43, 75, 114],
[73, 84, 116, 129, 134],
[2, 34, 47, 52, 155],
[31, 35, 77, 78, 101],
[60, 118, 119, 154, 158],
[36, 37, 72, 76, 142],
[8, 49, 90, 131, 164]],

[[8, 10, 16, 65, 97],
[0, 18, 31, 62, 104],
[15, 90, 92, 98, 147],
[24, 49, 51, 57, 138],
[56, 106, 131, 133, 139],
[22, 82, 100, 113, 144],
[21, 41, 59, 72, 145],
[63, 103, 123, 141, 154],
[11, 45, 67, 96, 111],
[27, 46, 80, 95, 107],
[14, 29, 93, 127, 149],
[4, 26, 52, 137, 152],
[55, 70, 86, 108, 134],
[13, 25, 109, 128, 162],
[5, 39, 68, 136, 148],
[54, 66, 87, 121, 150],
[2, 19, 40, 112, 129],
[1, 17, 28, 116, 146],
[30, 47, 84, 101, 122],
[43, 60, 81, 88, 153],
[6, 71, 125, 142, 163],
[34, 64, 83, 99, 110],
[42, 58, 69, 105, 157],
[23, 75, 124, 140, 151],
[33, 89, 94, 126, 158],
[20, 114, 118, 160, 161],
[7, 12, 44, 76, 115],
[74, 85, 117, 130, 135],
[3, 35, 48, 53, 156],
[32, 36, 78, 79, 102],
[61, 119, 120, 155, 159],
[37, 38, 73, 77, 143],
[9, 50, 91, 132, 164]],

[[9, 11, 17, 66, 98],
[1, 19, 32, 63, 105],
[16, 91, 93, 99, 148],
[25, 50, 52, 58, 139],
[57, 107, 132, 134, 140],
[23, 83, 101, 114, 145],
[22, 42, 60, 73, 146],
[64, 104, 124, 142, 155],
[12, 46, 68, 97, 112],
[28, 47, 81, 96, 108],
[15, 30, 94, 128, 150],
[5, 27, 53, 138, 153],
[56, 71, 87, 109, 135],
[14, 26, 110, 129, 163],
[6, 40, 69, 137, 149],
[55, 67, 88, 122, 151],
[0, 3, 20, 113, 130],
[2, 18, 29, 117, 147],
[31, 48, 82, 85, 102],
[41, 44, 61, 89, 154],
[7, 72, 123, 126, 143],
[35, 65, 84, 100, 111],
[43, 59, 70, 106, 158],
[24, 76, 125, 141, 152],
[34, 90, 95, 127, 159],
[21, 115, 119, 161, 162],
[8, 13, 45, 77, 116],
[75, 86, 118, 131, 136],
[4, 36, 49, 54, 157],
[33, 37, 79, 80, 103],
[62, 120, 121, 156, 160],
[38, 39, 74, 78, 144],
[10, 51, 92, 133, 164]],

[[10, 12, 18, 67, 99],
[2, 20, 33, 64, 106],
[17, 92, 94, 100, 149],
[26, 51, 53, 59, 140],
[58, 108, 133, 135, 141],
[24, 84, 102, 115, 146],
[23, 43, 61, 74, 147],
[65, 105, 125, 143, 156],
[13, 47, 69, 98, 113],
[29, 41, 48, 97, 109],
[16, 31, 95, 129, 151],
[6, 28, 54, 139, 154],
[57, 72, 88, 110, 136],
[15, 27, 111, 123, 130],
[0, 7, 70, 138, 150],
[56, 68, 82, 89, 152],
[1, 4, 21, 114, 131],
[3, 19, 30, 118, 148],
[32, 49, 83, 86, 103],
[42, 45, 62, 90, 155],
[8, 73, 124, 127, 144],
[36, 66, 85, 101, 112],
[44, 60, 71, 107, 159],
[25, 77, 126, 142, 153],
[35, 91, 96, 128, 160],
[22, 116, 120, 162, 163],
[9, 14, 46, 78, 117],
[76, 87, 119, 132, 137],
[5, 37, 50, 55, 158],
[34, 38, 80, 81, 104],
[63, 121, 122, 157, 161],
[39, 40, 75, 79, 145],
[11, 52, 93, 134, 164]],

[[11, 13, 19, 68, 100],
[3, 21, 34, 65, 107],
[18, 93, 95, 101, 150],
[27, 52, 54, 60, 141],
[59, 109, 134, 136, 142],
[25, 85, 103, 116, 147],
[24, 44, 62, 75, 148],
[66, 106, 126, 144, 157],
[14, 48, 70, 99, 114],
[30, 42, 49, 98, 110],
[17, 32, 96, 130, 152],
[7, 29, 55, 140, 155],
[58, 73, 89, 111, 137],
[16, 28, 112, 124, 131],
[1, 8, 71, 139, 151],
[57, 69, 83, 90, 153],
[2, 5, 22, 115, 132],
[4, 20, 31, 119, 149],
[33, 50, 84, 87, 104],
[43, 46, 63, 91, 156],
[9, 74, 125, 128, 145],
[37, 67, 86, 102, 113],
[45, 61, 72, 108, 160],
[26, 78, 127, 143, 154],
[36, 92, 97, 129, 161],
[23, 117, 121, 123, 163],
[10, 15, 47, 79, 118],
[77, 88, 120, 133, 138],
[6, 38, 51, 56, 159],
[35, 39, 41, 81, 105],
[64, 82, 122, 158, 162],
[0, 40, 76, 80, 146],
[12, 53, 94, 135, 164]],

[[12, 14, 20, 69, 101],
[4, 22, 35, 66, 108],
[19, 94, 96, 102, 151],
[28, 53, 55, 61, 142],
[60, 110, 135, 137, 143],
[26, 86, 104, 117, 148],
[25, 45, 63, 76, 149],
[67, 107, 127, 145, 158],
[15, 49, 71, 100, 115],
[31, 43, 50, 99, 111],
[18, 33, 97, 131, 153],
[8, 30, 56, 141, 156],
[59, 74, 90, 112, 138],
[17, 29, 113, 125, 132],
[2, 9, 72, 140, 152],
[58, 70, 84, 91, 154],
[3, 6, 23, 116, 133],
[5, 21, 32, 120, 150],
[34, 51, 85, 88, 105],
[44, 47, 64, 92, 157],
[10, 75, 126, 129, 146],
[38, 68, 87, 103, 114],
[46, 62, 73, 109, 161],
[27, 79, 128, 144, 155],
[37, 93, 98, 130, 162],
[24, 118, 122, 123, 124],
[11, 16, 48, 80, 119],
[78, 89, 121, 134, 139],
[7, 39, 52, 57, 160],
[36, 40, 41, 42, 106],
[65, 82, 83, 159, 163],
[0, 1, 77, 81, 147],
[13, 54, 95, 136, 164]],

[[13, 15, 21, 70, 102],
[5, 23, 36, 67, 109],
[20, 95, 97, 103, 152],
[29, 54, 56, 62, 143],
[61, 111, 136, 138, 144],
[27, 87, 105, 118, 149],
[26, 46, 64, 77, 150],
[68, 108, 128, 146, 159],
[16, 50, 72, 101, 116],
[32, 44, 51, 100, 112],
[19, 34, 98, 132, 154],
[9, 31, 57, 142, 157],
[60, 75, 91, 113, 139],
[18, 30, 114, 126, 133],
[3, 10, 73, 141, 153],
[59, 71, 85, 92, 155],
[4, 7, 24, 117, 134],
[6, 22, 33, 121, 151],
[35, 52, 86, 89, 106],
[45, 48, 65, 93, 158],
[11, 76, 127, 130, 147],
[39, 69, 88, 104, 115],
[47, 63, 74, 110, 162],
[28, 80, 129, 145, 156],
[38, 94, 99, 131, 163],
[25, 82, 119, 124, 125],
[12, 17, 49, 81, 120],
[79, 90, 122, 135, 140],
[8, 40, 53, 58, 161],
[0, 37, 42, 43, 107],
[66, 83, 84, 123, 160],
[1, 2, 41, 78, 148],
[14, 55, 96, 137, 164]],

[[14, 16, 22, 71, 103],
[6, 24, 37, 68, 110],
[21, 96, 98, 104, 153],
[30, 55, 57, 63, 144],
[62, 112, 137, 139, 145],
[28, 88, 106, 119, 150],
[27, 47, 65, 78, 151],
[69, 109, 129, 147, 160],
[17, 51, 73, 102, 117],
[33, 45, 52, 101, 113],
[20, 35, 99, 133, 155],
[10, 32, 58, 143, 158],
[61, 76, 92, 114, 140],
[19, 31, 115, 127, 134],
[4, 11, 74, 142, 154],
[60, 72, 86, 93, 156],
[5, 8, 25, 118, 135],
[7, 23, 34, 122, 152],
[36, 53, 87, 90, 107],
[46, 49, 66, 94, 159],
[12, 77, 128, 131, 148],
[40, 70, 89, 105, 116],
[48, 64, 75, 111, 163],
[29, 81, 130, 146, 157],
[39, 95, 100, 123, 132],
[26, 83, 120, 125, 126],
[13, 18, 41, 50, 121],
[80, 82, 91, 136, 141],
[0, 9, 54, 59, 162],
[1, 38, 43, 44, 108],
[67, 84, 85, 124, 161],
[2, 3, 42, 79, 149],
[15, 56, 97, 138, 164]],

[[15, 17, 23, 72, 104],
[7, 25, 38, 69, 111],
[22, 97, 99, 105, 154],
[31, 56, 58, 64, 145],
[63, 113, 138, 140, 146],
[29, 89, 107, 120, 151],
[28, 48, 66, 79, 152],
[70, 110, 130, 148, 161],
[18, 52, 74, 103, 118],
[34, 46, 53, 102, 114],
[21, 36, 100, 134, 156],
[11, 33, 59, 144, 159],
[62, 77, 93, 115, 141],
[20, 32, 116, 128, 135],
[5, 12, 75, 143, 155],
[61, 73, 87, 94, 157],
[6, 9, 26, 119, 136],
[8, 24, 35, 82, 153],
[37, 54, 88, 91, 108],
[47, 50, 67, 95, 160],
[13, 78, 129, 132, 149],
[0, 71, 90, 106, 117],
[49, 65, 76, 112, 123],
[30, 41, 131, 147, 158],
[40, 96, 101, 124, 133],
[27, 84, 121, 126, 127],
[14, 19, 42, 51, 122],
[81, 83, 92, 137, 142],
[1, 10, 55, 60, 163],
[2, 39, 44, 45, 109],
[68, 85, 86, 125, 162],
[3, 4, 43, 80, 150],
[16, 57, 98, 139, 164]],

[[16, 18, 24, 73, 105],
[8, 26, 39, 70, 112],
[23, 98, 100, 106, 155],
[32, 57, 59, 65, 146],
[64, 114, 139, 141, 147],
[30, 90, 108, 121, 152],
[29, 49, 67, 80, 153],
[71, 111, 131, 149, 162],
[19, 53, 75, 104, 119],
[35, 47, 54, 103, 115],
[22, 37, 101, 135, 157],
[12, 34, 60, 145, 160],
[63, 78, 94, 116, 142],
[21, 33, 117, 129, 136],
[6, 13, 76, 144, 156],
[62, 74, 88, 95, 158],
[7, 10, 27, 120, 137],
[9, 25, 36, 83, 154],
[38, 55, 89, 92, 109],
[48, 51, 68, 96, 161],
[14, 79, 130, 133, 150],
[1, 72, 91, 107, 118],
[50, 66, 77, 113, 124],
[31, 42, 132, 148, 159],
[0, 97, 102, 125, 134],
[28, 85, 122, 127, 128],
[15, 20, 43, 52, 82],
[41, 84, 93, 138, 143],
[2, 11, 56, 61, 123],
[3, 40, 45, 46, 110],
[69, 86, 87, 126, 163],
[4, 5, 44, 81, 151],
[17, 58, 99, 140, 164]],

[[17, 19, 25, 74, 106],
[9, 27, 40, 71, 113],
[24, 99, 101, 107, 156],
[33, 58, 60, 66, 147],
[65, 115, 140, 142, 148],
[31, 91, 109, 122, 153],
[30, 50, 68, 81, 154],
[72, 112, 132, 150, 163],
[20, 54, 76, 105, 120],
[36, 48, 55, 104, 116],
[23, 38, 102, 136, 158],
[13, 35, 61, 146, 161],
[64, 79, 95, 117, 143],
[22, 34, 118, 130, 137],
[7, 14, 77, 145, 157],
[63, 75, 89, 96, 159],
[8, 11, 28, 121, 138],
[10, 26, 37, 84, 155],
[39, 56, 90, 93, 110],
[49, 52, 69, 97, 162],
[15, 80, 131, 134, 151],
[2, 73, 92, 108, 119],
[51, 67, 78, 114, 125],
[32, 43, 133, 149, 160],
[1, 98, 103, 126, 135],
[29, 82, 86, 128, 129],
[16, 21, 44, 53, 83],
[42, 85, 94, 139, 144],
[3, 12, 57, 62, 124],
[0, 4, 46, 47, 111],
[70, 87, 88, 123, 127],
[5, 6, 41, 45, 152],
[18, 59, 100, 141, 164]],

[[18, 20, 26, 75, 107],
[0, 10, 28, 72, 114],
[25, 100, 102, 108, 157],
[34, 59, 61, 67, 148],
[66, 116, 141, 143, 149],
[32, 82, 92, 110, 154],
[31, 41, 51, 69, 155],
[73, 113, 123, 133, 151],
[21, 55, 77, 106, 121],
[37, 49, 56, 105, 117],
[24, 39, 103, 137, 159],
[14, 36, 62, 147, 162],
[65, 80, 96, 118, 144],
[23, 35, 119, 131, 138],
[8, 15, 78, 146, 158],
[64, 76, 90, 97, 160],
[9, 12, 29, 122, 139],
[11, 27, 38, 85, 156],
[40, 57, 91, 94, 111],
[50, 53, 70, 98, 163],
[16, 81, 132, 135, 152],
[3, 74, 93, 109, 120],
[52, 68, 79, 115, 126],
[33, 44, 134, 150, 161],
[2, 99, 104, 127, 136],
[30, 83, 87, 129, 130],
[17, 22, 45, 54, 84],
[43, 86, 95, 140, 145],
[4, 13, 58, 63, 125],
[1, 5, 47, 48, 112],
[71, 88, 89, 124, 128],
[6, 7, 42, 46, 153],
[19, 60, 101, 142, 164]],

[[19, 21, 27, 76, 108],
[1, 11, 29, 73, 115],
[26, 101, 103, 109, 158],
[35, 60, 62, 68, 149],
[67, 117, 142, 144, 150],
[33, 83, 93, 111, 155],
[32, 42, 52, 70, 156],
[74, 114, 124, 134, 152],
[22, 56, 78, 107, 122],
[38, 50, 57, 106, 118],
[25, 40, 104, 138, 160],
[15, 37, 63, 148, 163],
[66, 81, 97, 119, 145],
[24, 36, 120, 132, 139],
[9, 16, 79, 147, 159],
[65, 77, 91, 98, 161],
[10, 13, 30, 82, 140],
[12, 28, 39, 86, 157],
[0, 58, 92, 95, 112],
[51, 54, 71, 99, 123],
[17, 41, 133, 136, 153],
[4, 75, 94, 110, 121],
[53, 69, 80, 116, 127],
[34, 45, 135, 151, 162],
[3, 100, 105, 128, 137],
[31, 84, 88, 130, 131],
[18, 23, 46, 55, 85],
[44, 87, 96, 141, 146],
[5, 14, 59, 64, 126],
[2, 6, 48, 49, 113],
[72, 89, 90, 125, 129],
[7, 8, 43, 47, 154],
[20, 61, 102, 143, 164]],

[[20, 22, 28, 77, 109],
[2, 12, 30, 74, 116],
[27, 102, 104, 110, 159],
[36, 61, 63, 69, 150],
[68, 118, 143, 145, 151],
[34, 84, 94, 112, 156],
[33, 43, 53, 71, 157],
[75, 115, 125, 135, 153],
[23, 57, 79, 82, 108],
[39, 51, 58, 107, 119],
[0, 26, 105, 139, 161],
[16, 38, 64, 123, 149],
[41, 67, 98, 120, 146],
[25, 37, 121, 133, 140],
[10, 17, 80, 148, 160],
[66, 78, 92, 99, 162],
[11, 14, 31, 83, 141],
[13, 29, 40, 87, 158],
[1, 59, 93, 96, 113],
[52, 55, 72, 100, 124],
[18, 42, 134, 137, 154],
[5, 76, 95, 111, 122],
[54, 70, 81, 117, 128],
[35, 46, 136, 152, 163],
[4, 101, 106, 129, 138],
[32, 85, 89, 131, 132],
[19, 24, 47, 56, 86],
[45, 88, 97, 142, 147],
[6, 15, 60, 65, 127],
[3, 7, 49, 50, 114],
[73, 90, 91, 126, 130],
[8, 9, 44, 48, 155],
[21, 62, 103, 144, 164]],

[[21, 23, 29, 78, 110],
[3, 13, 31, 75, 117],
[28, 103, 105, 111, 160],
[37, 62, 64, 70, 151],
[69, 119, 144, 146, 152],
[35, 85, 95, 113, 157],
[34, 44, 54, 72, 158],
[76, 116, 126, 136, 154],
[24, 58, 80, 83, 109],
[40, 52, 59, 108, 120],
[1, 27, 106, 140, 162],
[17, 39, 65, 124, 150],
[42, 68, 99, 121, 147],
[26, 38, 122, 134, 141],
[11, 18, 81, 149, 161],
[67, 79, 93, 100, 163],
[12, 15, 32, 84, 142],
[0, 14, 30, 88, 159],
[2, 60, 94, 97, 114],
[53, 56, 73, 101, 125],
[19, 43, 135, 138, 155],
[6, 77, 82, 96, 112],
[41, 55, 71, 118, 129],
[36, 47, 123, 137, 153],
[5, 102, 107, 130, 139],
[33, 86, 90, 132, 133],
[20, 25, 48, 57, 87],
[46, 89, 98, 143, 148],
[7, 16, 61, 66, 128],
[4, 8, 50, 51, 115],
[74, 91, 92, 127, 131],
[9, 10, 45, 49, 156],
[22, 63, 104, 145, 164]],

[[22, 24, 30, 79, 111],
[4, 14, 32, 76, 118],
[29, 104, 106, 112, 161],
[38, 63, 65, 71, 152],
[70, 120, 145, 147, 153],
[36, 86, 96, 114, 158],
[35, 45, 55, 73, 159],
[77, 117, 127, 137, 155],
[25, 59, 81, 84, 110],
[0, 53, 60, 109, 121],
[2, 28, 107, 141, 163],
[18, 40, 66, 125, 151],
[43, 69, 100, 122, 148],
[27, 39, 82, 135, 142],
[12, 19, 41, 150, 162],
[68, 80, 94, 101, 123],
[13, 16, 33, 85, 143],
[1, 15, 31, 89, 160],
[3, 61, 95, 98, 115],
[54, 57, 74, 102, 126],
[20, 44, 136, 139, 156],
[7, 78, 83, 97, 113],
[42, 56, 72, 119, 130],
[37, 48, 124, 138, 154],
[6, 103, 108, 131, 140],
[34, 87, 91, 133, 134],
[21, 26, 49, 58, 88],
[47, 90, 99, 144, 149],
[8, 17, 62, 67, 129],
[5, 9, 51, 52, 116],
[75, 92, 93, 128, 132],
[10, 11, 46, 50, 157],
[23, 64, 105, 146, 164]],

[[23, 25, 31, 80, 112],
[5, 15, 33, 77, 119],
[30, 105, 107, 113, 162],
[39, 64, 66, 72, 153],
[71, 121, 146, 148, 154],
[37, 87, 97, 115, 159],
[36, 46, 56, 74, 160],
[78, 118, 128, 138, 156],
[26, 41, 60, 85, 111],
[1, 54, 61, 110, 122],
[3, 29, 108, 123, 142],
[0, 19, 67, 126, 152],
[44, 70, 82, 101, 149],
[28, 40, 83, 136, 143],
[13, 20, 42, 151, 163],
[69, 81, 95, 102, 124],
[14, 17, 34, 86, 144],
[2, 16, 32, 90, 161],
[4, 62, 96, 99, 116],
[55, 58, 75, 103, 127],
[21, 45, 137, 140, 157],
[8, 79, 84, 98, 114],
[43, 57, 73, 120, 131],
[38, 49, 125, 139, 155],
[7, 104, 109, 132, 141],
[35, 88, 92, 134, 135],
[22, 27, 50, 59, 89],
[48, 91, 100, 145, 150],
[9, 18, 63, 68, 130],
[6, 10, 52, 53, 117],
[76, 93, 94, 129, 133],
[11, 12, 47, 51, 158],
[24, 65, 106, 147, 164]],

[[24, 26, 32, 81, 113],
[6, 16, 34, 78, 120],
[31, 106, 108, 114, 163],
[40, 65, 67, 73, 154],
[72, 122, 147, 149, 155],
[38, 88, 98, 116, 160],
[37, 47, 57, 75, 161],
[79, 119, 129, 139, 157],
[27, 42, 61, 86, 112],
[2, 55, 62, 82, 111],
[4, 30, 109, 124, 143],
[1, 20, 68, 127, 153],
[45, 71, 83, 102, 150],
[0, 29, 84, 137, 144],
[14, 21, 43, 123, 152],
[41, 70, 96, 103, 125],
[15, 18, 35, 87, 145],
[3, 17, 33, 91, 162],
[5, 63, 97, 100, 117],
[56, 59, 76, 104, 128],
[22, 46, 138, 141, 158],
[9, 80, 85, 99, 115],
[44, 58, 74, 121, 132],
[39, 50, 126, 140, 156],
[8, 105, 110, 133, 142],
[36, 89, 93, 135, 136],
[23, 28, 51, 60, 90],
[49, 92, 101, 146, 151],
[10, 19, 64, 69, 131],
[7, 11, 53, 54, 118],
[77, 94, 95, 130, 134],
[12, 13, 48, 52, 159],
[25, 66, 107, 148, 164]],

[[25, 27, 33, 41, 114],
[7, 17, 35, 79, 121],
[32, 107, 109, 115, 123],
[0, 66, 68, 74, 155],
[73, 82, 148, 150, 156],
[39, 89, 99, 117, 161],
[38, 48, 58, 76, 162],
[80, 120, 130, 140, 158],
[28, 43, 62, 87, 113],
[3, 56, 63, 83, 112],
[5, 31, 110, 125, 144],
[2, 21, 69, 128, 154],
[46, 72, 84, 103, 151],
[1, 30, 85, 138, 145],
[15, 22, 44, 124, 153],
[42, 71, 97, 104, 126],
[16, 19, 36, 88, 146],
[4, 18, 34, 92, 163],
[6, 64, 98, 101, 118],
[57, 60, 77, 105, 129],
[23, 47, 139, 142, 159],
[10, 81, 86, 100, 116],
[45, 59, 75, 122, 133],
[40, 51, 127, 141, 157],
[9, 106, 111, 134, 143],
[37, 90, 94, 136, 137],
[24, 29, 52, 61, 91],
[50, 93, 102, 147, 152],
[11, 20, 65, 70, 132],
[8, 12, 54, 55, 119],
[78, 95, 96, 131, 135],
[13, 14, 49, 53, 160],
[26, 67, 108, 149, 164]],

[[26, 28, 34, 42, 115],
[8, 18, 36, 80, 122],
[33, 108, 110, 116, 124],
[1, 67, 69, 75, 156],
[74, 83, 149, 151, 157],
[40, 90, 100, 118, 162],
[39, 49, 59, 77, 163],
[81, 121, 131, 141, 159],
[29, 44, 63, 88, 114],
[4, 57, 64, 84, 113],
[6, 32, 111, 126, 145],
[3, 22, 70, 129, 155],
[47, 73, 85, 104, 152],
[2, 31, 86, 139, 146],
[16, 23, 45, 125, 154],
[43, 72, 98, 105, 127],
[17, 20, 37, 89, 147],
[5, 19, 35, 93, 123],
[7, 65, 99, 102, 119],
[58, 61, 78, 106, 130],
[24, 48, 140, 143, 160],
[11, 41, 87, 101, 117],
[46, 60, 76, 82, 134],
[0, 52, 128, 142, 158],
[10, 107, 112, 135, 144],
[38, 91, 95, 137, 138],
[25, 30, 53, 62, 92],
[51, 94, 103, 148, 153],
[12, 21, 66, 71, 133],
[9, 13, 55, 56, 120],
[79, 96, 97, 132, 136],
[14, 15, 50, 54, 161],
[27, 68, 109, 150, 164]],

[[27, 29, 35, 43, 116],
[9, 19, 37, 81, 82],
[34, 109, 111, 117, 125],
[2, 68, 70, 76, 157],
[75, 84, 150, 152, 158],
[0, 91, 101, 119, 163],
[40, 50, 60, 78, 123],
[41, 122, 132, 142, 160],
[30, 45, 64, 89, 115],
[5, 58, 65, 85, 114],
[7, 33, 112, 127, 146],
[4, 23, 71, 130, 156],
[48, 74, 86, 105, 153],
[3, 32, 87, 140, 147],
[17, 24, 46, 126, 155],
[44, 73, 99, 106, 128],
[18, 21, 38, 90, 148],
[6, 20, 36, 94, 124],
[8, 66, 100, 103, 120],
[59, 62, 79, 107, 131],
[25, 49, 141, 144, 161],
[12, 42, 88, 102, 118],
[47, 61, 77, 83, 135],
[1, 53, 129, 143, 159],
[11, 108, 113, 136, 145],
[39, 92, 96, 138, 139],
[26, 31, 54, 63, 93],
[52, 95, 104, 149, 154],
[13, 22, 67, 72, 134],
[10, 14, 56, 57, 121],
[80, 97, 98, 133, 137],
[15, 16, 51, 55, 162],
[28, 69, 110, 151, 164]],

[[28, 30, 36, 44, 117],
[10, 20, 38, 41, 83],
[35, 110, 112, 118, 126],
[3, 69, 71, 77, 158],
[76, 85, 151, 153, 159],
[1, 92, 102, 120, 123],
[0, 51, 61, 79, 124],
[42, 82, 133, 143, 161],
[31, 46, 65, 90, 116],
[6, 59, 66, 86, 115],
[8, 34, 113, 128, 147],
[5, 24, 72, 131, 157],
[49, 75, 87, 106, 154],
[4, 33, 88, 141, 148],
[18, 25, 47, 127, 156],
[45, 74, 100, 107, 129],
[19, 22, 39, 91, 149],
[7, 21, 37, 95, 125],
[9, 67, 101, 104, 121],
[60, 63, 80, 108, 132],
[26, 50, 142, 145, 162],
[13, 43, 89, 103, 119],
[48, 62, 78, 84, 136],
[2, 54, 130, 144, 160],
[12, 109, 114, 137, 146],
[40, 93, 97, 139, 140],
[27, 32, 55, 64, 94],
[53, 96, 105, 150, 155],
[14, 23, 68, 73, 135],
[11, 15, 57, 58, 122],
[81, 98, 99, 134, 138],
[16, 17, 52, 56, 163],
[29, 70, 111, 152, 164]],

[[29, 31, 37, 45, 118],
[11, 21, 39, 42, 84],
[36, 111, 113, 119, 127],
[4, 70, 72, 78, 159],
[77, 86, 152, 154, 160],
[2, 93, 103, 121, 124],
[1, 52, 62, 80, 125],
[43, 83, 134, 144, 162],
[32, 47, 66, 91, 117],
[7, 60, 67, 87, 116],
[9, 35, 114, 129, 148],
[6, 25, 73, 132, 158],
[50, 76, 88, 107, 155],
[5, 34, 89, 142, 149],
[19, 26, 48, 128, 157],
[46, 75, 101, 108, 130],
[20, 23, 40, 92, 150],
[8, 22, 38, 96, 126],
[10, 68, 102, 105, 122],
[61, 64, 81, 109, 133],
[27, 51, 143, 146, 163],
[14, 44, 90, 104, 120],
[49, 63, 79, 85, 137],
[3, 55, 131, 145, 161],
[13, 110, 115, 138, 147],
[0, 94, 98, 140, 141],
[28, 33, 56, 65, 95],
[54, 97, 106, 151, 156],
[15, 24, 69, 74, 136],
[12, 16, 58, 59, 82],
[41, 99, 100, 135, 139],
[17, 18, 53, 57, 123],
[30, 71, 112, 153, 164]],

[[30, 32, 38, 46, 119],
[12, 22, 40, 43, 85],
[37, 112, 114, 120, 128],
[5, 71, 73, 79, 160],
[78, 87, 153, 155, 161],
[3, 94, 104, 122, 125],
[2, 53, 63, 81, 126],
[44, 84, 135, 145, 163],
[33, 48, 67, 92, 118],
[8, 61, 68, 88, 117],
[10, 36, 115, 130, 149],
[7, 26, 74, 133, 159],
[51, 77, 89, 108, 156],
[6, 35, 90, 143, 150],
[20, 27, 49, 129, 158],
[47, 76, 102, 109, 131],
[0, 21, 24, 93, 151],
[9, 23, 39, 97, 127],
[11, 69, 82, 103, 106],
[41, 62, 65, 110, 134],
[28, 52, 123, 144, 147],
[15, 45, 91, 105, 121],
[50, 64, 80, 86, 138],
[4, 56, 132, 146, 162],
[14, 111, 116, 139, 148],
[1, 95, 99, 141, 142],
[29, 34, 57, 66, 96],
[55, 98, 107, 152, 157],
[16, 25, 70, 75, 137],
[13, 17, 59, 60, 83],
[42, 100, 101, 136, 140],
[18, 19, 54, 58, 124],
[31, 72, 113, 154, 164]],

[[31, 33, 39, 47, 120],
[0, 13, 23, 44, 86],
[38, 113, 115, 121, 129],
[6, 72, 74, 80, 161],
[79, 88, 154, 156, 162],
[4, 82, 95, 105, 126],
[3, 41, 54, 64, 127],
[45, 85, 123, 136, 146],
[34, 49, 68, 93, 119],
[9, 62, 69, 89, 118],
[11, 37, 116, 131, 150],
[8, 27, 75, 134, 160],
[52, 78, 90, 109, 157],
[7, 36, 91, 144, 151],
[21, 28, 50, 130, 159],
[48, 77, 103, 110, 132],
[1, 22, 25, 94, 152],
[10, 24, 40, 98, 128],
[12, 70, 83, 104, 107],
[42, 63, 66, 111, 135],
[29, 53, 124, 145, 148],
[16, 46, 92, 106, 122],
[51, 65, 81, 87, 139],
[5, 57, 133, 147, 163],
[15, 112, 117, 140, 149],
[2, 96, 100, 142, 143],
[30, 35, 58, 67, 97],
[56, 99, 108, 153, 158],
[17, 26, 71, 76, 138],
[14, 18, 60, 61, 84],
[43, 101, 102, 137, 141],
[19, 20, 55, 59, 125],
[32, 73, 114, 155, 164]],

[[32, 34, 40, 48, 121],
[1, 14, 24, 45, 87],
[39, 114, 116, 122, 130],
[7, 73, 75, 81, 162],
[80, 89, 155, 157, 163],
[5, 83, 96, 106, 127],
[4, 42, 55, 65, 128],
[46, 86, 124, 137, 147],
[35, 50, 69, 94, 120],
[10, 63, 70, 90, 119],
[12, 38, 117, 132, 151],
[9, 28, 76, 135, 161],
[53, 79, 91, 110, 158],
[8, 37, 92, 145, 152],
[22, 29, 51, 131, 160],
[49, 78, 104, 111, 133],
[2, 23, 26, 95, 153],
[0, 11, 25, 99, 129],
[13, 71, 84, 105, 108],
[43, 64, 67, 112, 136],
[30, 54, 125, 146, 149],
[17, 47, 82, 93, 107],
[41, 52, 66, 88, 140],
[6, 58, 123, 134, 148],
[16, 113, 118, 141, 150],
[3, 97, 101, 143, 144],
[31, 36, 59, 68, 98],
[57, 100, 109, 154, 159],
[18, 27, 72, 77, 139],
[15, 19, 61, 62, 85],
[44, 102, 103, 138, 142],
[20, 21, 56, 60, 126],
[33, 74, 115, 156, 164]],

[[0, 33, 35, 49, 122],
[2, 15, 25, 46, 88],
[40, 82, 115, 117, 131],
[8, 41, 74, 76, 163],
[81, 90, 123, 156, 158],
[6, 84, 97, 107, 128],
[5, 43, 56, 66, 129],
[47, 87, 125, 138, 148],
[36, 51, 70, 95, 121],
[11, 64, 71, 91, 120],
[13, 39, 118, 133, 152],
[10, 29, 77, 136, 162],
[54, 80, 92, 111, 159],
[9, 38, 93, 146, 153],
[23, 30, 52, 132, 161],
[50, 79, 105, 112, 134],
[3, 24, 27, 96, 154],
[1, 12, 26, 100, 130],
[14, 72, 85, 106, 109],
[44, 65, 68, 113, 137],
[31, 55, 126, 147, 150],
[18, 48, 83, 94, 108],
[42, 53, 67, 89, 141],
[7, 59, 124, 135, 149],
[17, 114, 119, 142, 151],
[4, 98, 102, 144, 145],
[32, 37, 60, 69, 99],
[58, 101, 110, 155, 160],
[19, 28, 73, 78, 140],
[16, 20, 62, 63, 86],
[45, 103, 104, 139, 143],
[21, 22, 57, 61, 127],
[34, 75, 116, 157, 164]],

[[1, 34, 36, 50, 82],
[3, 16, 26, 47, 89],
[0, 83, 116, 118, 132],
[9, 42, 75, 77, 123],
[41, 91, 124, 157, 159],
[7, 85, 98, 108, 129],
[6, 44, 57, 67, 130],
[48, 88, 126, 139, 149],
[37, 52, 71, 96, 122],
[12, 65, 72, 92, 121],
[14, 40, 119, 134, 153],
[11, 30, 78, 137, 163],
[55, 81, 93, 112, 160],
[10, 39, 94, 147, 154],
[24, 31, 53, 133, 162],
[51, 80, 106, 113, 135],
[4, 25, 28, 97, 155],
[2, 13, 27, 101, 131],
[15, 73, 86, 107, 110],
[45, 66, 69, 114, 138],
[32, 56, 127, 148, 151],
[19, 49, 84, 95, 109],
[43, 54, 68, 90, 142],
[8, 60, 125, 136, 150],
[18, 115, 120, 143, 152],
[5, 99, 103, 145, 146],
[33, 38, 61, 70, 100],
[59, 102, 111, 156, 161],
[20, 29, 74, 79, 141],
[17, 21, 63, 64, 87],
[46, 104, 105, 140, 144],
[22, 23, 58, 62, 128],
[35, 76, 117, 158, 164]],

[[2, 35, 37, 51, 83],
[4, 17, 27, 48, 90],
[1, 84, 117, 119, 133],
[10, 43, 76, 78, 124],
[42, 92, 125, 158, 160],
[8, 86, 99, 109, 130],
[7, 45, 58, 68, 131],
[49, 89, 127, 140, 150],
[38, 53, 72, 82, 97],
[13, 66, 73, 93, 122],
[0, 15, 120, 135, 154],
[12, 31, 79, 123, 138],
[41, 56, 94, 113, 161],
[11, 40, 95, 148, 155],
[25, 32, 54, 134, 163],
[52, 81, 107, 114, 136],
[5, 26, 29, 98, 156],
[3, 14, 28, 102, 132],
[16, 74, 87, 108, 111],
[46, 67, 70, 115, 139],
[33, 57, 128, 149, 152],
[20, 50, 85, 96, 110],
[44, 55, 69, 91, 143],
[9, 61, 126, 137, 151],
[19, 116, 121, 144, 153],
[6, 100, 104, 146, 147],
[34, 39, 62, 71, 101],
[60, 103, 112, 157, 162],
[21, 30, 75, 80, 142],
[18, 22, 64, 65, 88],
[47, 105, 106, 141, 145],
[23, 24, 59, 63, 129],
[36, 77, 118, 159, 164]],

[[3, 36, 38, 52, 84],
[5, 18, 28, 49, 91],
[2, 85, 118, 120, 134],
[11, 44, 77, 79, 125],
[43, 93, 126, 159, 161],
[9, 87, 100, 110, 131],
[8, 46, 59, 69, 132],
[50, 90, 128, 141, 151],
[39, 54, 73, 83, 98],
[14, 67, 74, 82, 94],
[1, 16, 121, 136, 155],
[13, 32, 80, 124, 139],
[42, 57, 95, 114, 162],
[0, 12, 96, 149, 156],
[26, 33, 55, 123, 135],
[41, 53, 108, 115, 137],
[6, 27, 30, 99, 157],
[4, 15, 29, 103, 133],
[17, 75, 88, 109, 112],
[47, 68, 71, 116, 140],
[34, 58, 129, 150, 153],
[21, 51, 86, 97, 111],
[45, 56, 70, 92, 144],
[10, 62, 127, 138, 152],
[20, 117, 122, 145, 154],
[7, 101, 105, 147, 148],
[35, 40, 63, 72, 102],
[61, 104, 113, 158, 163],
[22, 31, 76, 81, 143],
[19, 23, 65, 66, 89],
[48, 106, 107, 142, 146],
[24, 25, 60, 64, 130],
[37, 78, 119, 160, 164]],

[[4, 37, 39, 53, 85],
[6, 19, 29, 50, 92],
[3, 86, 119, 121, 135],
[12, 45, 78, 80, 126],
[44, 94, 127, 160, 162],
[10, 88, 101, 111, 132],
[9, 47, 60, 70, 133],
[51, 91, 129, 142, 152],
[40, 55, 74, 84, 99],
[15, 68, 75, 83, 95],
[2, 17, 122, 137, 156],
[14, 33, 81, 125, 140],
[43, 58, 96, 115, 163],
[1, 13, 97, 150, 157],
[27, 34, 56, 124, 136],
[42, 54, 109, 116, 138],
[7, 28, 31, 100, 158],
[5, 16, 30, 104, 134],
[18, 76, 89, 110, 113],
[48, 69, 72, 117, 141],
[35, 59, 130, 151, 154],
[22, 52, 87, 98, 112],
[46, 57, 71, 93, 145],
[11, 63, 128, 139, 153],
[21, 82, 118, 146, 155],
[8, 102, 106, 148, 149],
[0, 36, 64, 73, 103],
[62, 105, 114, 123, 159],
[23, 32, 41, 77, 144],
[20, 24, 66, 67, 90],
[49, 107, 108, 143, 147],
[25, 26, 61, 65, 131],
[38, 79, 120, 161, 164]],

[[5, 38, 40, 54, 86],
[7, 20, 30, 51, 93],
[4, 87, 120, 122, 136],
[13, 46, 79, 81, 127],
[45, 95, 128, 161, 163],
[11, 89, 102, 112, 133],
[10, 48, 61, 71, 134],
[52, 92, 130, 143, 153],
[0, 56, 75, 85, 100],
[16, 69, 76, 84, 96],
[3, 18, 82, 138, 157],
[15, 34, 41, 126, 141],
[44, 59, 97, 116, 123],
[2, 14, 98, 151, 158],
[28, 35, 57, 125, 137],
[43, 55, 110, 117, 139],
[8, 29, 32, 101, 159],
[6, 17, 31, 105, 135],
[19, 77, 90, 111, 114],
[49, 70, 73, 118, 142],
[36, 60, 131, 152, 155],
[23, 53, 88, 99, 113],
[47, 58, 72, 94, 146],
[12, 64, 129, 140, 154],
[22, 83, 119, 147, 156],
[9, 103, 107, 149, 150],
[1, 37, 65, 74, 104],
[63, 106, 115, 124, 160],
[24, 33, 42, 78, 145],
[21, 25, 67, 68, 91],
[50, 108, 109, 144, 148],
[26, 27, 62, 66, 132],
[39, 80, 121, 162, 164]],

[[0, 6, 39, 55, 87],
[8, 21, 31, 52, 94],
[5, 82, 88, 121, 137],
[14, 41, 47, 80, 128],
[46, 96, 123, 129, 162],
[12, 90, 103, 113, 134],
[11, 49, 62, 72, 135],
[53, 93, 131, 144, 154],
[1, 57, 76, 86, 101],
[17, 70, 77, 85, 97],
[4, 19, 83, 139, 158],
[16, 35, 42, 127, 142],
[45, 60, 98, 117, 124],
[3, 15, 99, 152, 159],
[29, 36, 58, 126, 138],
[44, 56, 111, 118, 140],
[9, 30, 33, 102, 160],
[7, 18, 32, 106, 136],
[20, 78, 91, 112, 115],
[50, 71, 74, 119, 143],
[37, 61, 132, 153, 156],
[24, 54, 89, 100, 114],
[48, 59, 73, 95, 147],
[13, 65, 130, 141, 155],
[23, 84, 120, 148, 157],
[10, 104, 108, 150, 151],
[2, 38, 66, 75, 105],
[64, 107, 116, 125, 161],
[25, 34, 43, 79, 146],
[22, 26, 68, 69, 92],
[51, 109, 110, 145, 149],
[27, 28, 63, 67, 133],
[40, 81, 122, 163, 164]]]