[[[0,11,12,14],
[16,27,44,62],
[32,43,76,110],
[48,59,108,158],
[30,64,75,140],
[78,80,91,172],
[28,96,107,126],
[60,112,123,174],
[46,92,128,139],
[94,124,144,155],
[142,156,160,171],
[1,2,3,4],
[17,18,35,52],
[33,34,67,100],
[49,50,99,148],
[20,65,66,131],
[68,81,82,163],
[19,97,98,116],
[51,113,114,164],
[36,83,129,130],
[84,115,145,146],
[132,147,161,162],
[5,7,10,15],
[21,26,47,55],
[37,42,79,103],
[53,58,111,151],
[23,69,74,143],
[71,85,90,175],
[31,101,106,119],
[63,117,122,167],
[39,95,133,138],
[87,127,149,154],
[135,159,165,170],
[6,8,9,13],
[22,25,40,61],
[38,41,72,109],
[54,57,104,157],
[29,70,73,136],
[77,86,89,168],
[24,102,105,125],
[56,118,121,173],
[45,88,134,137],
[93,120,150,153],
[141,152,166,169]],

[[0,27,28,30],
[16,43,60,78],
[32,59,92,126],
[48,75,124,174],
[46,64,91,156],
[12,80,94,107],
[44,96,123,142],
[14,76,112,139],
[62,108,128,155],
[110,140,144,171],
[11,158,160,172],
[1,18,19,20],
[17,34,51,68],
[33,50,83,116],
[49,66,115,164],
[36,65,82,147],
[3,81,84,98],
[35,97,114,132],
[4,67,113,130],
[52,99,129,146],
[100,131,145,162],
[2,148,161,163],
[5,23,26,31],
[21,42,63,71],
[37,58,95,119],
[53,74,127,167],
[39,69,90,159],
[15,85,87,106],
[47,101,122,135],
[7,79,117,138],
[55,111,133,154],
[103,143,149,170],
[10,151,165,175],
[6,24,25,29],
[22,41,56,77],
[38,57,88,125],
[54,73,120,173],
[45,70,89,152],
[8,86,93,105],
[40,102,121,141],
[13,72,118,137],
[61,104,134,153],
[109,136,150,169],
[9,157,166,168]],

[[0,43,44,46],
[16,59,76,94],
[32,75,108,142],
[14,48,91,140],
[62,64,107,172],
[28,80,110,123],
[60,96,139,158],
[30,92,112,155],
[78,124,128,171],
[11,126,144,156],
[12,27,160,174],
[1,34,35,36],
[17,50,67,84],
[33,66,99,132],
[4,49,82,131],
[52,65,98,163],
[19,81,100,114],
[51,97,130,148],
[20,83,113,146],
[68,115,129,162],
[2,116,145,147],
[3,18,161,164],
[5,39,42,47],
[21,58,79,87],
[37,74,111,135],
[7,53,90,143],
[55,69,106,175],
[31,85,103,122],
[63,101,138,151],
[23,95,117,154],
[71,127,133,170],
[10,119,149,159],
[15,26,165,167],
[6,40,41,45],
[22,57,72,93],
[38,73,104,141],
[13,54,89,136],
[61,70,105,168],
[24,86,109,121],
[56,102,137,157],
[29,88,118,153],
[77,120,134,169],
[9,125,150,152],
[8,25,166,173]],

[[0,59,60,62],
[16,75,92,110],
[32,91,124,158],
[30,48,107,156],
[12,64,78,123],
[44,80,126,139],
[76,96,155,174],
[46,108,112,171],
[11,94,128,140],
[27,142,144,172],
[14,28,43,160],
[1,50,51,52],
[17,66,83,100],
[33,82,115,148],
[20,49,98,147],
[3,65,68,114],
[35,81,116,130],
[67,97,146,164],
[36,99,113,162],
[2,84,129,131],
[18,132,145,163],
[4,19,34,161],
[5,55,58,63],
[21,74,95,103],
[37,90,127,151],
[23,53,106,159],
[15,69,71,122],
[47,85,119,138],
[79,101,154,167],
[39,111,117,170],
[10,87,133,143],
[26,135,149,175],
[7,31,42,165],
[6,56,57,61],
[22,73,88,109],
[38,89,120,157],
[29,54,105,152],
[8,70,77,121],
[40,86,125,137],
[72,102,153,173],
[45,104,118,169],
[9,93,134,136],
[25,141,150,168],
[13,24,41,166]],

[[0,75,76,78],
[16,91,108,126],
[32,107,140,174],
[46,48,123,172],
[28,64,94,139],
[60,80,142,155],
[14,92,96,171],
[11,62,112,124],
[27,110,128,156],
[12,43,144,158],
[30,44,59,160],
[1,66,67,68],
[17,82,99,116],
[33,98,131,164],
[36,49,114,163],
[19,65,84,130],
[51,81,132,146],
[4,83,97,162],
[2,52,113,115],
[18,100,129,147],
[3,34,145,148],
[20,35,50,161],
[5,71,74,79],
[21,90,111,119],
[37,106,143,167],
[39,53,122,175],
[31,69,87,138],
[63,85,135,154],
[7,95,101,170],
[10,55,117,127],
[26,103,133,159],
[15,42,149,151],
[23,47,58,165],
[6,72,73,77],
[22,89,104,125],
[38,105,136,173],
[45,54,121,168],
[24,70,93,137],
[56,86,141,153],
[13,88,102,169],
[9,61,118,120],
[25,109,134,152],
[8,41,150,157],
[29,40,57,166]],

[[0,91,92,94],
[16,107,124,142],
[14,32,123,156],
[12,48,62,139],
[44,64,110,155],
[76,80,158,171],
[11,30,96,108],
[27,78,112,140],
[43,126,128,172],
[28,59,144,174],
[46,60,75,160],
[1,82,83,84],
[17,98,115,132],
[4,33,114,147],
[3,49,52,130],
[35,65,100,146],
[67,81,148,162],
[2,20,97,99],
[18,68,113,131],
[34,116,129,163],
[19,50,145,164],
[36,51,66,161],
[5,87,90,95],
[21,106,127,135],
[7,37,122,159],
[15,53,55,138],
[47,69,103,154],
[79,85,151,170],
[10,23,101,111],
[26,71,117,143],
[42,119,133,175],
[31,58,149,167],
[39,63,74,165],
[6,88,89,93],
[22,105,120,141],
[13,38,121,152],
[8,54,61,137],
[40,70,109,153],
[72,86,157,169],
[9,29,102,104],
[25,77,118,136],
[41,125,134,168],
[24,57,150,173],
[45,56,73,166]],

[[0,107,108,110],
[16,123,140,158],
[30,32,139,172],
[28,48,78,155],
[60,64,126,171],
[11,80,92,174],
[27,46,96,124],
[43,94,112,156],
[12,59,128,142],
[14,44,75,144],
[62,76,91,160],
[1,98,99,100],
[17,114,131,148],
[20,33,130,163],
[19,49,68,146],
[51,65,116,162],
[2,81,83,164],
[18,36,97,115],
[34,84,113,147],
[3,50,129,132],
[4,35,66,145],
[52,67,82,161],
[5,103,106,111],
[21,122,143,151],
[23,37,138,175],
[31,53,71,154],
[63,69,119,170],
[10,85,95,167],
[26,39,101,127],
[42,87,117,159],
[15,58,133,135],
[7,47,74,149],
[55,79,90,165],
[6,104,105,109],
[22,121,136,157],
[29,38,137,168],
[24,54,77,153],
[56,70,125,169],
[9,86,88,173],
[25,45,102,120],
[41,93,118,152],
[8,57,134,141],
[13,40,73,150],
[61,72,89,166]],

[[0,123,124,126],
[16,139,156,174],
[12,32,46,155],
[44,48,94,171],
[11,64,76,142],
[14,27,80,108],
[43,62,96,140],
[59,110,112,172],
[28,75,128,158],
[30,60,91,144],
[78,92,107,160],
[1,114,115,116],
[17,130,147,164],
[3,33,36,146],
[35,49,84,162],
[2,65,67,132],
[4,18,81,99],
[34,52,97,131],
[50,100,113,163],
[19,66,129,148],
[20,51,82,145],
[68,83,98,161],
[5,119,122,127],
[21,138,159,167],
[15,37,39,154],
[47,53,87,170],
[10,69,79,135],
[7,26,85,111],
[42,55,101,143],
[58,103,117,175],
[31,74,133,151],
[23,63,90,149],
[71,95,106,165],
[6,120,121,125],
[22,137,152,173],
[8,38,45,153],
[40,54,93,169],
[9,70,72,141],
[13,25,86,104],
[41,61,102,136],
[57,109,118,168],
[24,73,134,157],
[29,56,89,150],
[77,88,105,166]],

[[0,139,140,142],
[14,16,155,172],
[28,32,62,171],
[11,48,60,110],
[27,64,92,158],
[30,43,80,124],
[59,78,96,156],
[12,75,112,126],
[44,91,128,174],
[46,76,107,144],
[94,108,123,160],
[1,130,131,132],
[4,17,146,163],
[19,33,52,162],
[2,49,51,100],
[18,65,83,148],
[20,34,81,115],
[50,68,97,147],
[3,66,113,116],
[35,82,129,164],
[36,67,98,145],
[84,99,114,161],
[5,135,138,143],
[7,21,154,175],
[31,37,55,170],
[10,53,63,103],
[26,69,95,151],
[23,42,85,127],
[58,71,101,159],
[15,74,117,119],
[47,90,133,167],
[39,79,106,149],
[87,111,122,165],
[6,136,137,141],
[13,22,153,168],
[24,38,61,169],
[9,54,56,109],
[25,70,88,157],
[29,41,86,120],
[57,77,102,152],
[8,73,118,125],
[40,89,134,173],
[45,72,105,150],
[93,104,121,166]],

[[0,155,156,158],
[12,16,30,171],
[11,32,44,78],
[27,48,76,126],
[43,64,108,174],
[46,59,80,140],
[75,94,96,172],
[28,91,112,142],
[14,60,107,128],
[62,92,123,144],
[110,124,139,160],
[1,146,147,148],
[3,17,20,162],
[2,33,35,68],
[18,49,67,116],
[34,65,99,164],
[36,50,81,131],
[66,84,97,163],
[19,82,113,132],
[4,51,98,129],
[52,83,114,145],
[100,115,130,161],
[5,151,154,159],
[15,21,23,170],
[10,37,47,71],
[26,53,79,119],
[42,69,111,167],
[39,58,85,143],
[74,87,101,175],
[31,90,117,135],
[7,63,106,133],
[55,95,122,149],
[103,127,138,165],
[6,152,153,157],
[8,22,29,169],
[9,38,40,77],
[25,54,72,125],
[41,70,104,173],
[45,57,86,136],
[73,93,102,168],
[24,89,118,141],
[13,56,105,134],
[61,88,121,150],
[109,120,137,166]],

[[0,171,172,174],
[11,16,28,46],
[27,32,60,94],
[43,48,92,142],
[14,59,64,124],
[62,75,80,156],
[12,91,96,110],
[44,107,112,158],
[30,76,123,128],
[78,108,139,144],
[126,140,155,160],
[1,162,163,164],
[2,17,19,36],
[18,33,51,84],
[34,49,83,132],
[4,50,65,115],
[52,66,81,147],
[3,82,97,100],
[35,98,113,148],
[20,67,114,129],
[68,99,130,145],
[116,131,146,161],
[5,167,170,175],
[10,21,31,39],
[26,37,63,87],
[42,53,95,135],
[7,58,69,127],
[55,74,85,159],
[15,90,101,103],
[47,106,117,151],
[23,79,122,133],
[71,111,138,149],
[119,143,154,165],
[6,168,169,173],
[9,22,24,45],
[25,38,56,93],
[41,54,88,141],
[13,57,70,120],
[61,73,86,152],
[8,89,102,109],
[40,105,118,157],
[29,72,121,134],
[77,104,137,150],
[125,136,153,166]],

[[0,2,5,6],
[16,18,37,54],
[32,34,69,102],
[48,50,101,150],
[22,64,66,133],
[70,80,82,165],
[21,96,98,118],
[53,112,114,166],
[38,85,128,130],
[86,117,144,146],
[134,149,160,162],
[1,11,13,15],
[17,27,47,61],
[33,43,79,109],
[49,59,111,157],
[29,65,75,143],
[77,81,91,175],
[31,97,107,125],
[63,113,123,173],
[45,95,129,139],
[93,127,145,155],
[141,159,161,171],
[3,8,10,12],
[19,26,40,60],
[35,42,72,108],
[51,58,104,156],
[28,67,74,136],
[76,83,90,168],
[24,99,106,124],
[56,115,122,172],
[44,88,131,138],
[92,120,147,154],
[140,152,163,170],
[4,7,9,14],
[20,25,46,55],
[36,41,78,103],
[52,57,110,151],
[23,68,73,142],
[71,84,89,174],
[30,100,105,119],
[62,116,121,167],
[39,94,132,137],
[87,126,148,153],
[135,158,164,169]],

[[0,18,21,22],
[16,34,53,70],
[32,50,85,118],
[48,66,117,166],
[38,64,82,149],
[5,80,86,98],
[37,96,114,134],
[6,69,112,130],
[54,101,128,146],
[102,133,144,162],
[2,150,160,165],
[1,27,29,31],
[17,43,63,77],
[33,59,95,125],
[49,75,127,173],
[45,65,91,159],
[15,81,93,107],
[47,97,123,141],
[13,79,113,139],
[61,111,129,155],
[109,143,145,171],
[11,157,161,175],
[3,24,26,28],
[19,42,56,76],
[35,58,88,124],
[51,74,120,172],
[44,67,90,152],
[8,83,92,106],
[40,99,122,140],
[12,72,115,138],
[60,104,131,154],
[108,136,147,170],
[10,156,163,168],
[4,23,25,30],
[20,41,62,71],
[36,57,94,119],
[52,73,126,167],
[39,68,89,158],
[14,84,87,105],
[46,100,121,135],
[7,78,116,137],
[55,110,132,153],
[103,142,148,169],
[9,151,164,174]],

[[0,34,37,38],
[16,50,69,86],
[32,66,101,134],
[6,48,82,133],
[54,64,98,165],
[21,80,102,114],
[53,96,130,150],
[22,85,112,146],
[70,117,128,162],
[2,118,144,149],
[5,18,160,166],
[1,43,45,47],
[17,59,79,93],
[33,75,111,141],
[13,49,91,143],
[61,65,107,175],
[31,81,109,123],
[63,97,139,157],
[29,95,113,155],
[77,127,129,171],
[11,125,145,159],
[15,27,161,173],
[3,40,42,44],
[19,58,72,92],
[35,74,104,140],
[12,51,90,136],
[60,67,106,168],
[24,83,108,122],
[56,99,138,156],
[28,88,115,154],
[76,120,131,170],
[10,124,147,152],
[8,26,163,172],
[4,39,41,46],
[20,57,78,87],
[36,73,110,135],
[7,52,89,142],
[55,68,105,174],
[30,84,103,121],
[62,100,137,151],
[23,94,116,153],
[71,126,132,169],
[9,119,148,158],
[14,25,164,167]],

[[0,50,53,54],
[16,66,85,102],
[32,82,117,150],
[22,48,98,149],
[5,64,70,114],
[37,80,118,130],
[69,96,146,166],
[38,101,112,162],
[2,86,128,133],
[18,134,144,165],
[6,21,34,160],
[1,59,61,63],
[17,75,95,109],
[33,91,127,157],
[29,49,107,159],
[15,65,77,123],
[47,81,125,139],
[79,97,155,173],
[45,111,113,171],
[11,93,129,143],
[27,141,145,175],
[13,31,43,161],
[3,56,58,60],
[19,74,88,108],
[35,90,120,156],
[28,51,106,152],
[8,67,76,122],
[40,83,124,138],
[72,99,154,172],
[44,104,115,170],
[10,92,131,136],
[26,140,147,168],
[12,24,42,163],
[4,55,57,62],
[20,73,94,103],
[36,89,126,151],
[23,52,105,158],
[14,68,71,121],
[46,84,119,137],
[78,100,153,167],
[39,110,116,169],
[9,87,132,142],
[25,135,148,174],
[7,30,41,164]],

[[0,66,69,70],
[16,82,101,118],
[32,98,133,166],
[38,48,114,165],
[21,64,86,130],
[53,80,134,146],
[6,85,96,162],
[2,54,112,117],
[18,102,128,149],
[5,34,144,150],
[22,37,50,160],
[1,75,77,79],
[17,91,111,125],
[33,107,143,173],
[45,49,123,175],
[31,65,93,139],
[63,81,141,155],
[13,95,97,171],
[11,61,113,127],
[27,109,129,159],
[15,43,145,157],
[29,47,59,161],
[3,72,74,76],
[19,90,104,124],
[35,106,136,172],
[44,51,122,168],
[24,67,92,138],
[56,83,140,154],
[12,88,99,170],
[10,60,115,120],
[26,108,131,152],
[8,42,147,156],
[28,40,58,163],
[4,71,73,78],
[20,89,110,119],
[36,105,142,167],
[39,52,121,174],
[30,68,87,137],
[62,84,135,153],
[7,94,100,169],
[9,55,116,126],
[25,103,132,158],
[14,41,148,151],
[23,46,57,164]],

[[0,82,85,86],
[16,98,117,134],
[6,32,114,149],
[5,48,54,130],
[37,64,102,146],
[69,80,150,162],
[2,22,96,101],
[18,70,112,133],
[34,118,128,165],
[21,50,144,166],
[38,53,66,160],
[1,91,93,95],
[17,107,127,141],
[13,33,123,159],
[15,49,61,139],
[47,65,109,155],
[79,81,157,171],
[11,29,97,111],
[27,77,113,143],
[43,125,129,175],
[31,59,145,173],
[45,63,75,161],
[3,88,90,92],
[19,106,120,140],
[12,35,122,152],
[8,51,60,138],
[40,67,108,154],
[72,83,156,170],
[10,28,99,104],
[26,76,115,136],
[42,124,131,168],
[24,58,147,172],
[44,56,74,163],
[4,87,89,94],
[20,105,126,135],
[7,36,121,158],
[14,52,55,137],
[46,68,103,153],
[78,84,151,169],
[9,23,100,110],
[25,71,116,142],
[41,119,132,174],
[30,57,148,167],
[39,62,73,164]],

[[0,98,101,102],
[16,114,133,150],
[22,32,130,165],
[21,48,70,146],
[53,64,118,162],
[2,80,85,166],
[18,38,96,117],
[34,86,112,149],
[5,50,128,134],
[6,37,66,144],
[54,69,82,160],
[1,107,109,111],
[17,123,143,157],
[29,33,139,175],
[31,49,77,155],
[63,65,125,171],
[11,81,95,173],
[27,45,97,127],
[43,93,113,159],
[15,59,129,141],
[13,47,75,145],
[61,79,91,161],
[3,104,106,108],
[19,122,136,156],
[28,35,138,168],
[24,51,76,154],
[56,67,124,170],
[10,83,88,172],
[26,44,99,120],
[42,92,115,152],
[8,58,131,140],
[12,40,74,147],
[60,72,90,163],
[4,103,105,110],
[20,121,142,151],
[23,36,137,174],
[30,52,71,153],
[62,68,119,169],
[9,84,94,167],
[25,39,100,126],
[41,87,116,158],
[14,57,132,135],
[7,46,73,148],
[55,78,89,164]],

[[0,114,117,118],
[16,130,149,166],
[5,32,38,146],
[37,48,86,162],
[2,64,69,134],
[6,18,80,101],
[34,54,96,133],
[50,102,112,165],
[21,66,128,150],
[22,53,82,144],
[70,85,98,160],
[1,123,125,127],
[17,139,159,173],
[15,33,45,155],
[47,49,93,171],
[11,65,79,141],
[13,27,81,111],
[43,61,97,143],
[59,109,113,175],
[31,75,129,157],
[29,63,91,145],
[77,95,107,161],
[3,120,122,124],
[19,138,152,172],
[8,35,44,154],
[40,51,92,170],
[10,67,72,140],
[12,26,83,104],
[42,60,99,136],
[58,108,115,168],
[24,74,131,156],
[28,56,90,147],
[76,88,106,163],
[4,119,121,126],
[20,137,158,167],
[14,36,39,153],
[46,52,87,169],
[9,68,78,135],
[7,25,84,110],
[41,55,100,142],
[57,103,116,174],
[30,73,132,151],
[23,62,89,148],
[71,94,105,164]],

[[0,130,133,134],
[6,16,146,165],
[21,32,54,162],
[2,48,53,102],
[18,64,85,150],
[22,34,80,117],
[50,70,96,149],
[5,66,112,118],
[37,82,128,166],
[38,69,98,144],
[86,101,114,160],
[1,139,141,143],
[13,17,155,175],
[31,33,61,171],
[11,49,63,109],
[27,65,95,157],
[29,43,81,127],
[59,77,97,159],
[15,75,113,125],
[47,91,129,173],
[45,79,107,145],
[93,111,123,161],
[3,136,138,140],
[12,19,154,168],
[24,35,60,170],
[10,51,56,108],
[26,67,88,156],
[28,42,83,120],
[58,76,99,152],
[8,74,115,124],
[40,90,131,172],
[44,72,106,147],
[92,104,122,163],
[4,135,137,142],
[7,20,153,174],
[30,36,55,169],
[9,52,62,103],
[25,68,94,151],
[23,41,84,126],
[57,71,100,158],
[14,73,116,119],
[46,89,132,167],
[39,78,105,148],
[87,110,121,164]],

[[0,146,149,150],
[5,16,22,162],
[2,32,37,70],
[18,48,69,118],
[34,64,101,166],
[38,50,80,133],
[66,86,96,165],
[21,82,112,134],
[6,53,98,128],
[54,85,114,144],
[102,117,130,160],
[1,155,157,159],
[15,17,29,171],
[11,33,47,77],
[27,49,79,125],
[43,65,111,173],
[45,59,81,143],
[75,93,97,175],
[31,91,113,141],
[13,63,107,129],
[61,95,123,145],
[109,127,139,161],
[3,152,154,156],
[8,19,28,170],
[10,35,40,76],
[26,51,72,124],
[42,67,104,172],
[44,58,83,136],
[74,92,99,168],
[24,90,115,140],
[12,56,106,131],
[60,88,122,147],
[108,120,138,163],
[4,151,153,158],
[14,20,23,169],
[9,36,46,71],
[25,52,78,119],
[41,68,110,167],
[39,57,84,142],
[73,87,100,174],
[30,89,116,135],
[7,62,105,132],
[55,94,121,148],
[103,126,137,164]],

[[0,162,165,166],
[2,16,21,38],
[18,32,53,86],
[34,48,85,134],
[6,50,64,117],
[54,66,80,149],
[5,82,96,102],
[37,98,112,150],
[22,69,114,128],
[70,101,130,144],
[118,133,146,160],
[1,171,173,175],
[11,17,31,45],
[27,33,63,93],
[43,49,95,141],
[13,59,65,127],
[61,75,81,159],
[15,91,97,109],
[47,107,113,157],
[29,79,123,129],
[77,111,139,145],
[125,143,155,161],
[3,168,170,172],
[10,19,24,44],
[26,35,56,92],
[42,51,88,140],
[12,58,67,120],
[60,74,83,152],
[8,90,99,108],
[40,106,115,156],
[28,72,122,131],
[76,104,138,147],
[124,136,154,163],
[4,167,169,174],
[9,20,30,39],
[25,36,62,87],
[41,52,94,135],
[7,57,68,126],
[55,73,84,158],
[14,89,100,103],
[46,105,116,151],
[23,78,121,132],
[71,110,137,148],
[119,142,153,164]],

[[0,1,7,8],
[16,17,39,56],
[32,33,71,104],
[48,49,103,152],
[24,64,65,135],
[72,80,81,167],
[23,96,97,120],
[55,112,113,168],
[40,87,128,129],
[88,119,144,145],
[136,151,160,161],
[2,9,10,11],
[18,25,43,58],
[34,41,75,106],
[50,57,107,154],
[26,66,73,139],
[74,82,89,171],
[27,98,105,122],
[59,114,121,170],
[42,91,130,137],
[90,123,146,153],
[138,155,162,169],
[3,5,13,14],
[19,21,46,61],
[35,37,78,109],
[51,53,110,157],
[29,67,69,142],
[77,83,85,174],
[30,99,101,125],
[62,115,117,173],
[45,94,131,133],
[93,126,147,149],
[141,158,163,165],
[4,6,12,15],
[20,22,47,60],
[36,38,79,108],
[52,54,111,156],
[28,68,70,143],
[76,84,86,175],
[31,100,102,124],
[63,116,118,172],
[44,95,132,134],
[92,127,148,150],
[140,159,164,166]],

[[0,17,23,24],
[16,33,55,72],
[32,49,87,120],
[48,65,119,168],
[40,64,81,151],
[7,80,88,97],
[39,96,113,136],
[8,71,112,129],
[56,103,128,145],
[104,135,144,161],
[1,152,160,167],
[2,25,26,27],
[18,41,59,74],
[34,57,91,122],
[50,73,123,170],
[42,66,89,155],
[11,82,90,105],
[43,98,121,138],
[10,75,114,137],
[58,107,130,153],
[106,139,146,169],
[9,154,162,171],
[3,21,29,30],
[19,37,62,77],
[35,53,94,125],
[51,69,126,173],
[45,67,85,158],
[14,83,93,101],
[46,99,117,141],
[13,78,115,133],
[61,110,131,149],
[109,142,147,165],
[5,157,163,174],
[4,22,28,31],
[20,38,63,76],
[36,54,95,124],
[52,70,127,172],
[44,68,86,159],
[15,84,92,102],
[47,100,118,140],
[12,79,116,134],
[60,111,132,150],
[108,143,148,166],
[6,156,164,175]],

[[0,33,39,40],
[16,49,71,88],
[32,65,103,136],
[8,48,81,135],
[56,64,97,167],
[23,80,104,113],
[55,96,129,152],
[24,87,112,145],
[72,119,128,161],
[1,120,144,151],
[7,17,160,168],
[2,41,42,43],
[18,57,75,90],
[34,73,107,138],
[10,50,89,139],
[58,66,105,171],
[27,82,106,121],
[59,98,137,154],
[26,91,114,153],
[74,123,130,169],
[9,122,146,155],
[11,25,162,170],
[3,37,45,46],
[19,53,78,93],
[35,69,110,141],
[13,51,85,142],
[61,67,101,174],
[30,83,109,117],
[62,99,133,157],
[29,94,115,149],
[77,126,131,165],
[5,125,147,158],
[14,21,163,173],
[4,38,44,47],
[20,54,79,92],
[36,70,111,140],
[12,52,86,143],
[60,68,102,175],
[31,84,108,118],
[63,100,134,156],
[28,95,116,150],
[76,127,132,166],
[6,124,148,159],
[15,22,164,172]],

[[0,49,55,56],
[16,65,87,104],
[32,81,119,152],
[24,48,97,151],
[7,64,72,113],
[39,80,120,129],
[71,96,145,168],
[40,103,112,161],
[1,88,128,135],
[17,136,144,167],
[8,23,33,160],
[2,57,58,59],
[18,73,91,106],
[34,89,123,154],
[26,50,105,155],
[11,66,74,121],
[43,82,122,137],
[75,98,153,170],
[42,107,114,169],
[9,90,130,139],
[25,138,146,171],
[10,27,41,162],
[3,53,61,62],
[19,69,94,109],
[35,85,126,157],
[29,51,101,158],
[14,67,77,117],
[46,83,125,133],
[78,99,149,173],
[45,110,115,165],
[5,93,131,142],
[21,141,147,174],
[13,30,37,163],
[4,54,60,63],
[20,70,95,108],
[36,86,127,156],
[28,52,102,159],
[15,68,76,118],
[47,84,124,134],
[79,100,150,172],
[44,111,116,166],
[6,92,132,143],
[22,140,148,175],
[12,31,38,164]],

[[0,65,71,72],
[16,81,103,120],
[32,97,135,168],
[40,48,113,167],
[23,64,88,129],
[55,80,136,145],
[8,87,96,161],
[1,56,112,119],
[17,104,128,151],
[7,33,144,152],
[24,39,49,160],
[2,73,74,75],
[18,89,107,122],
[34,105,139,170],
[42,50,121,171],
[27,66,90,137],
[59,82,138,153],
[10,91,98,169],
[9,58,114,123],
[25,106,130,155],
[11,41,146,154],
[26,43,57,162],
[3,69,77,78],
[19,85,110,125],
[35,101,142,173],
[45,51,117,174],
[30,67,93,133],
[62,83,141,149],
[13,94,99,165],
[5,61,115,126],
[21,109,131,158],
[14,37,147,157],
[29,46,53,163],
[4,70,76,79],
[20,86,111,124],
[36,102,143,172],
[44,52,118,175],
[31,68,92,134],
[63,84,140,150],
[12,95,100,166],
[6,60,116,127],
[22,108,132,159],
[15,38,148,156],
[28,47,54,164]],

[[0,81,87,88],
[16,97,119,136],
[8,32,113,151],
[7,48,56,129],
[39,64,104,145],
[71,80,152,161],
[1,24,96,103],
[17,72,112,135],
[33,120,128,167],
[23,49,144,168],
[40,55,65,160],
[2,89,90,91],
[18,105,123,138],
[10,34,121,155],
[11,50,58,137],
[43,66,106,153],
[75,82,154,169],
[9,26,98,107],
[25,74,114,139],
[41,122,130,171],
[27,57,146,170],
[42,59,73,162],
[3,85,93,94],
[19,101,126,141],
[13,35,117,158],
[14,51,61,133],
[46,67,109,149],
[78,83,157,165],
[5,29,99,110],
[21,77,115,142],
[37,125,131,174],
[30,53,147,173],
[45,62,69,163],
[4,86,92,95],
[20,102,127,140],
[12,36,118,159],
[15,52,60,134],
[47,68,108,150],
[79,84,156,166],
[6,28,100,111],
[22,76,116,143],
[38,124,132,175],
[31,54,148,172],
[44,63,70,164]],

[[0,97,103,104],
[16,113,135,152],
[24,32,129,167],
[23,48,72,145],
[55,64,120,161],
[1,80,87,168],
[17,40,96,119],
[33,88,112,151],
[7,49,128,136],
[8,39,65,144],
[56,71,81,160],
[2,105,106,107],
[18,121,139,154],
[26,34,137,171],
[27,50,74,153],
[59,66,122,169],
[9,82,91,170],
[25,42,98,123],
[41,90,114,155],
[11,57,130,138],
[10,43,73,146],
[58,75,89,162],
[3,101,109,110],
[19,117,142,157],
[29,35,133,174],
[30,51,77,149],
[62,67,125,165],
[5,83,94,173],
[21,45,99,126],
[37,93,115,158],
[14,53,131,141],
[13,46,69,147],
[61,78,85,163],
[4,102,108,111],
[20,118,143,156],
[28,36,134,175],
[31,52,76,150],
[63,68,124,166],
[6,84,95,172],
[22,44,100,127],
[38,92,116,159],
[15,54,132,140],
[12,47,70,148],
[60,79,86,164]],

[[0,113,119,120],
[16,129,151,168],
[7,32,40,145],
[39,48,88,161],
[1,64,71,136],
[8,17,80,103],
[33,56,96,135],
[49,104,112,167],
[23,65,128,152],
[24,55,81,144],
[72,87,97,160],
[2,121,122,123],
[18,137,155,170],
[11,34,42,153],
[43,50,90,169],
[9,66,75,138],
[10,25,82,107],
[41,58,98,139],
[57,106,114,171],
[27,73,130,154],
[26,59,89,146],
[74,91,105,162],
[3,117,125,126],
[19,133,158,173],
[14,35,45,149],
[46,51,93,165],
[5,67,78,141],
[13,21,83,110],
[37,61,99,142],
[53,109,115,174],
[30,69,131,157],
[29,62,85,147],
[77,94,101,163],
[4,118,124,127],
[20,134,159,172],
[15,36,44,150],
[47,52,92,166],
[6,68,79,140],
[12,22,84,111],
[38,60,100,143],
[54,108,116,175],
[31,70,132,156],
[28,63,86,148],
[76,95,102,164]],

[[0,129,135,136],
[8,16,145,167],
[23,32,56,161],
[1,48,55,104],
[17,64,87,152],
[24,33,80,119],
[49,72,96,151],
[7,65,112,120],
[39,81,128,168],
[40,71,97,144],
[88,103,113,160],
[2,137,138,139],
[10,18,153,171],
[27,34,58,169],
[9,50,59,106],
[25,66,91,154],
[26,41,82,123],
[57,74,98,155],
[11,73,114,122],
[43,89,130,170],
[42,75,105,146],
[90,107,121,162],
[3,133,141,142],
[13,19,149,174],
[30,35,61,165],
[5,51,62,109],
[21,67,94,157],
[29,37,83,126],
[53,77,99,158],
[14,69,115,125],
[46,85,131,173],
[45,78,101,147],
[93,110,117,163],
[4,134,140,143],
[12,20,150,175],
[31,36,60,166],
[6,52,63,108],
[22,68,95,156],
[28,38,84,127],
[54,76,100,159],
[15,70,116,124],
[47,86,132,172],
[44,79,102,148],
[92,111,118,164]],

[[0,145,151,152],
[7,16,24,161],
[1,32,39,72],
[17,48,71,120],
[33,64,103,168],
[40,49,80,135],
[65,88,96,167],
[23,81,112,136],
[8,55,97,128],
[56,87,113,144],
[104,119,129,160],
[2,153,154,155],
[11,18,26,169],
[9,34,43,74],
[25,50,75,122],
[41,66,107,170],
[42,57,82,139],
[73,90,98,171],
[27,89,114,138],
[10,59,105,130],
[58,91,121,146],
[106,123,137,162],
[3,149,157,158],
[14,19,29,165],
[5,35,46,77],
[21,51,78,125],
[37,67,110,173],
[45,53,83,142],
[69,93,99,174],
[30,85,115,141],
[13,62,101,131],
[61,94,117,147],
[109,126,133,163],
[4,150,156,159],
[15,20,28,166],
[6,36,47,76],
[22,52,79,124],
[38,68,111,172],
[44,54,84,143],
[70,92,100,175],
[31,86,116,140],
[12,63,102,132],
[60,95,118,148],
[108,127,134,164]],

[[0,161,167,168],
[1,16,23,40],
[17,32,55,88],
[33,48,87,136],
[8,49,64,119],
[56,65,80,151],
[7,81,96,104],
[39,97,112,152],
[24,71,113,128],
[72,103,129,144],
[120,135,145,160],
[2,169,170,171],
[9,18,27,42],
[25,34,59,90],
[41,50,91,138],
[10,57,66,123],
[58,73,82,155],
[11,89,98,106],
[43,105,114,154],
[26,75,121,130],
[74,107,137,146],
[122,139,153,162],
[3,165,173,174],
[5,19,30,45],
[21,35,62,93],
[37,51,94,141],
[13,53,67,126],
[61,69,83,158],
[14,85,99,109],
[46,101,115,157],
[29,78,117,131],
[77,110,133,147],
[125,142,149,163],
[4,166,172,175],
[6,20,31,44],
[22,36,63,92],
[38,52,95,140],
[12,54,68,127],
[60,70,84,159],
[15,86,100,108],
[47,102,116,156],
[28,79,118,132],
[76,111,134,148],
[124,143,150,164]],

[[0,3,9,15],
[16,19,41,63],
[32,35,73,111],
[48,51,105,159],
[31,64,67,137],
[79,80,83,169],
[25,96,99,127],
[57,112,115,175],
[47,89,128,131],
[95,121,144,147],
[143,153,160,163],
[1,6,10,14],
[17,22,42,62],
[33,38,74,110],
[49,54,106,158],
[30,65,70,138],
[78,81,86,170],
[26,97,102,126],
[58,113,118,174],
[46,90,129,134],
[94,122,145,150],
[142,154,161,166],
[2,7,12,13],
[18,23,44,61],
[34,39,76,109],
[50,55,108,157],
[29,66,71,140],
[77,82,87,172],
[28,98,103,125],
[60,114,119,173],
[45,92,130,135],
[93,124,146,151],
[141,156,162,167],
[4,5,8,11],
[20,21,43,56],
[36,37,75,104],
[52,53,107,152],
[24,68,69,139],
[72,84,85,171],
[27,100,101,120],
[59,116,117,168],
[40,91,132,133],
[88,123,148,149],
[136,155,164,165]],

[[0,19,25,31],
[16,35,57,79],
[32,51,89,127],
[48,67,121,175],
[47,64,83,153],
[9,80,95,99],
[41,96,115,143],
[15,73,112,131],
[63,105,128,147],
[111,137,144,163],
[3,159,160,169],
[1,22,26,30],
[17,38,58,78],
[33,54,90,126],
[49,70,122,174],
[46,65,86,154],
[10,81,94,102],
[42,97,118,142],
[14,74,113,134],
[62,106,129,150],
[110,138,145,166],
[6,158,161,170],
[2,23,28,29],
[18,39,60,77],
[34,55,92,125],
[50,71,124,173],
[45,66,87,156],
[12,82,93,103],
[44,98,119,141],
[13,76,114,135],
[61,108,130,151],
[109,140,146,167],
[7,157,162,172],
[4,21,24,27],
[20,37,59,72],
[36,53,91,120],
[52,69,123,168],
[40,68,85,155],
[11,84,88,101],
[43,100,117,136],
[8,75,116,133],
[56,107,132,149],
[104,139,148,165],
[5,152,164,171]],

[[0,35,41,47],
[16,51,73,95],
[32,67,105,143],
[15,48,83,137],
[63,64,99,169],
[25,80,111,115],
[57,96,131,159],
[31,89,112,147],
[79,121,128,163],
[3,127,144,153],
[9,19,160,175],
[1,38,42,46],
[17,54,74,94],
[33,70,106,142],
[14,49,86,138],
[62,65,102,170],
[26,81,110,118],
[58,97,134,158],
[30,90,113,150],
[78,122,129,166],
[6,126,145,154],
[10,22,161,174],
[2,39,44,45],
[18,55,76,93],
[34,71,108,141],
[13,50,87,140],
[61,66,103,172],
[28,82,109,119],
[60,98,135,157],
[29,92,114,151],
[77,124,130,167],
[7,125,146,156],
[12,23,162,173],
[4,37,40,43],
[20,53,75,88],
[36,69,107,136],
[8,52,85,139],
[56,68,101,171],
[27,84,104,117],
[59,100,133,152],
[24,91,116,149],
[72,123,132,165],
[5,120,148,155],
[11,21,164,168]],

[[0,51,57,63],
[16,67,89,111],
[32,83,121,159],
[31,48,99,153],
[9,64,79,115],
[41,80,127,131],
[73,96,147,175],
[47,105,112,163],
[3,95,128,137],
[19,143,144,169],
[15,25,35,160],
[1,54,58,62],
[17,70,90,110],
[33,86,122,158],
[30,49,102,154],
[10,65,78,118],
[42,81,126,134],
[74,97,150,174],
[46,106,113,166],
[6,94,129,138],
[22,142,145,170],
[14,26,38,161],
[2,55,60,61],
[18,71,92,109],
[34,87,124,157],
[29,50,103,156],
[12,66,77,119],
[44,82,125,135],
[76,98,151,173],
[45,108,114,167],
[7,93,130,140],
[23,141,146,172],
[13,28,39,162],
[4,53,56,59],
[20,69,91,104],
[36,85,123,152],
[24,52,101,155],
[11,68,72,117],
[43,84,120,133],
[75,100,149,168],
[40,107,116,165],
[5,88,132,139],
[21,136,148,171],
[8,27,37,164]],

[[0,67,73,79],
[16,83,105,127],
[32,99,137,175],
[47,48,115,169],
[25,64,95,131],
[57,80,143,147],
[15,89,96,163],
[3,63,112,121],
[19,111,128,153],
[9,35,144,159],
[31,41,51,160],
[1,70,74,78],
[17,86,106,126],
[33,102,138,174],
[46,49,118,170],
[26,65,94,134],
[58,81,142,150],
[14,90,97,166],
[6,62,113,122],
[22,110,129,154],
[10,38,145,158],
[30,42,54,161],
[2,71,76,77],
[18,87,108,125],
[34,103,140,173],
[45,50,119,172],
[28,66,93,135],
[60,82,141,151],
[13,92,98,167],
[7,61,114,124],
[23,109,130,156],
[12,39,146,157],
[29,44,55,162],
[4,69,72,75],
[20,85,107,120],
[36,101,139,168],
[40,52,117,171],
[27,68,88,133],
[59,84,136,149],
[8,91,100,165],
[5,56,116,123],
[21,104,132,155],
[11,37,148,152],
[24,43,53,164]],

[[0,83,89,95],
[16,99,121,143],
[15,32,115,153],
[9,48,63,131],
[41,64,111,147],
[73,80,159,163],
[3,31,96,105],
[19,79,112,137],
[35,127,128,169],
[25,51,144,175],
[47,57,67,160],
[1,86,90,94],
[17,102,122,142],
[14,33,118,154],
[10,49,62,134],
[42,65,110,150],
[74,81,158,166],
[6,30,97,106],
[22,78,113,138],
[38,126,129,170],
[26,54,145,174],
[46,58,70,161],
[2,87,92,93],
[18,103,124,141],
[13,34,119,156],
[12,50,61,135],
[44,66,109,151],
[76,82,157,167],
[7,29,98,108],
[23,77,114,140],
[39,125,130,172],
[28,55,146,173],
[45,60,71,162],
[4,85,88,91],
[20,101,123,136],
[8,36,117,155],
[11,52,56,133],
[43,68,104,149],
[75,84,152,165],
[5,24,100,107],
[21,72,116,139],
[37,120,132,171],
[27,53,148,168],
[40,59,69,164]],

[[0,99,105,111],
[16,115,137,159],
[31,32,131,169],
[25,48,79,147],
[57,64,127,163],
[3,80,89,175],
[19,47,96,121],
[35,95,112,153],
[9,51,128,143],
[15,41,67,144],
[63,73,83,160],
[1,102,106,110],
[17,118,138,158],
[30,33,134,170],
[26,49,78,150],
[58,65,126,166],
[6,81,90,174],
[22,46,97,122],
[38,94,113,154],
[10,54,129,142],
[14,42,70,145],
[62,74,86,161],
[2,103,108,109],
[18,119,140,157],
[29,34,135,172],
[28,50,77,151],
[60,66,125,167],
[7,82,92,173],
[23,45,98,124],
[39,93,114,156],
[12,55,130,141],
[13,44,71,146],
[61,76,87,162],
[4,101,104,107],
[20,117,139,152],
[24,36,133,171],
[27,52,72,149],
[59,68,120,165],
[5,84,91,168],
[21,40,100,123],
[37,88,116,155],
[11,53,132,136],
[8,43,69,148],
[56,75,85,164]],

[[0,115,121,127],
[16,131,153,175],
[9,32,47,147],
[41,48,95,163],
[3,64,73,143],
[15,19,80,105],
[35,63,96,137],
[51,111,112,169],
[25,67,128,159],
[31,57,83,144],
[79,89,99,160],
[1,118,122,126],
[17,134,154,174],
[10,33,46,150],
[42,49,94,166],
[6,65,74,142],
[14,22,81,106],
[38,62,97,138],
[54,110,113,170],
[26,70,129,158],
[30,58,86,145],
[78,90,102,161],
[2,119,124,125],
[18,135,156,173],
[12,34,45,151],
[44,50,93,167],
[7,66,76,141],
[13,23,82,108],
[39,61,98,140],
[55,109,114,172],
[28,71,130,157],
[29,60,87,146],
[77,92,103,162],
[4,117,120,123],
[20,133,155,168],
[11,36,40,149],
[43,52,88,165],
[5,68,75,136],
[8,21,84,107],
[37,56,100,139],
[53,104,116,171],
[27,69,132,152],
[24,59,85,148],
[72,91,101,164]],

[[0,131,137,143],
[15,16,147,169],
[25,32,63,163],
[3,48,57,111],
[19,64,89,159],
[31,35,80,121],
[51,79,96,153],
[9,67,112,127],
[41,83,128,175],
[47,73,99,144],
[95,105,115,160],
[1,134,138,142],
[14,17,150,170],
[26,33,62,166],
[6,49,58,110],
[22,65,90,158],
[30,38,81,122],
[54,78,97,154],
[10,70,113,126],
[42,86,129,174],
[46,74,102,145],
[94,106,118,161],
[2,135,140,141],
[13,18,151,172],
[28,34,61,167],
[7,50,60,109],
[23,66,92,157],
[29,39,82,124],
[55,77,98,156],
[12,71,114,125],
[44,87,130,173],
[45,76,103,146],
[93,108,119,162],
[4,133,136,139],
[8,20,149,171],
[27,36,56,165],
[5,52,59,104],
[21,68,91,152],
[24,37,84,123],
[53,72,100,155],
[11,69,116,120],
[43,85,132,168],
[40,75,101,148],
[88,107,117,164]],

[[0,147,153,159],
[9,16,31,163],
[3,32,41,79],
[19,48,73,127],
[35,64,105,175],
[47,51,80,137],
[67,95,96,169],
[25,83,112,143],
[15,57,99,128],
[63,89,115,144],
[111,121,131,160],
[1,150,154,158],
[10,17,30,166],
[6,33,42,78],
[22,49,74,126],
[38,65,106,174],
[46,54,81,138],
[70,94,97,170],
[26,86,113,142],
[14,58,102,129],
[62,90,118,145],
[110,122,134,161],
[2,151,156,157],
[12,18,29,167],
[7,34,44,77],
[23,50,76,125],
[39,66,108,173],
[45,55,82,140],
[71,93,98,172],
[28,87,114,141],
[13,60,103,130],
[61,92,119,146],
[109,124,135,162],
[4,149,152,155],
[11,20,24,165],
[5,36,43,72],
[21,52,75,120],
[37,68,107,168],
[40,53,84,139],
[69,88,100,171],
[27,85,116,136],
[8,59,101,132],
[56,91,117,148],
[104,123,133,164]],

[[0,163,169,175],
[3,16,25,47],
[19,32,57,95],
[35,48,89,143],
[15,51,64,121],
[63,67,80,153],
[9,83,96,111],
[41,99,112,159],
[31,73,115,128],
[79,105,131,144],
[127,137,147,160],
[1,166,170,174],
[6,17,26,46],
[22,33,58,94],
[38,49,90,142],
[14,54,65,122],
[62,70,81,154],
[10,86,97,110],
[42,102,113,158],
[30,74,118,129],
[78,106,134,145],
[126,138,150,161],
[2,167,172,173],
[7,18,28,45],
[23,34,60,93],
[39,50,92,141],
[13,55,66,124],
[61,71,82,156],
[12,87,98,109],
[44,103,114,157],
[29,76,119,130],
[77,108,135,146],
[125,140,151,162],
[4,165,168,171],
[5,20,27,40],
[21,36,59,88],
[37,52,91,136],
[8,53,68,123],
[56,69,84,155],
[11,85,100,104],
[43,101,116,152],
[24,75,117,132],
[72,107,133,148],
[120,139,149,164]],

[[0,16,64,96],
[84,116,122,128],
[4,13,58,138],
[48,74,141,173],
[32,52,68,148],
[77,90,100,160],
[20,26,125,170],
[36,132,154,157],
[42,80,106,164],
[10,61,93,112],
[29,45,109,144],
[1,17,65,97],
[85,117,121,129],
[5,12,57,137],
[49,73,140,172],
[33,53,69,149],
[76,89,101,161],
[21,25,124,169],
[37,133,153,156],
[41,81,105,165],
[9,60,92,113],
[28,44,108,145],
[2,18,66,98],
[88,120,127,130],
[8,14,63,143],
[50,79,142,174],
[34,56,72,152],
[78,95,104,162],
[24,31,126,175],
[40,136,158,159],
[47,82,111,168],
[15,62,94,114],
[30,46,110,146],
[3,19,67,99],
[86,118,123,131],
[6,7,59,139],
[51,75,135,167],
[35,54,70,150],
[71,91,102,163],
[22,27,119,171],
[38,134,151,155],
[43,83,107,166],
[11,55,87,115],
[23,39,103,147]],

[[16,32,80,112],
[100,132,138,144],
[20,29,74,154],
[64,90,106,173],
[48,68,84,164],
[4,52,93,116],
[13,36,42,141],
[0,148,157,170],
[10,58,96,122],
[26,77,109,128],
[45,61,125,160],
[17,33,81,113],
[101,133,137,145],
[21,28,73,153],
[65,89,105,172],
[49,69,85,165],
[5,53,92,117],
[12,37,41,140],
[1,149,156,169],
[9,57,97,121],
[25,76,108,129],
[44,60,124,161],
[18,34,82,114],
[104,136,143,146],
[24,30,79,159],
[66,95,111,174],
[50,72,88,168],
[8,56,94,120],
[14,40,47,142],
[2,152,158,175],
[15,63,98,127],
[31,78,110,130],
[46,62,126,162],
[19,35,83,115],
[102,134,139,147],
[22,23,75,155],
[67,91,107,167],
[51,70,86,166],
[6,54,87,118],
[7,38,43,135],
[3,150,151,171],
[11,59,99,123],
[27,71,103,131],
[39,55,119,163]],

[[32,48,96,128],
[116,148,154,160],
[36,45,90,170],
[52,80,122,173],
[10,64,84,100],
[20,68,109,132],
[0,29,58,106],
[13,16,157,164],
[26,74,112,138],
[42,93,125,144],
[4,61,77,141],
[33,49,97,129],
[117,149,153,161],
[37,44,89,169],
[53,81,121,172],
[9,65,85,101],
[21,69,108,133],
[1,28,57,105],
[12,17,156,165],
[25,73,113,137],
[41,92,124,145],
[5,60,76,140],
[34,50,98,130],
[120,152,159,162],
[40,46,95,175],
[56,82,127,174],
[15,66,88,104],
[24,72,110,136],
[2,30,63,111],
[14,18,158,168],
[31,79,114,143],
[47,94,126,146],
[8,62,78,142],
[35,51,99,131],
[118,150,155,163],
[38,39,91,171],
[54,83,123,167],
[11,67,86,102],
[22,70,103,134],
[3,23,59,107],
[7,19,151,166],
[27,75,115,139],
[43,87,119,147],
[6,55,71,135]],

[[48,64,112,144],
[4,132,164,170],
[0,13,52,61],
[68,96,138,173],
[26,80,100,116],
[36,84,125,148],
[16,45,74,122],
[10,29,32,157],
[42,90,128,154],
[58,109,141,160],
[20,77,93,106],
[49,65,113,145],
[5,133,165,169],
[1,12,53,60],
[69,97,137,172],
[25,81,101,117],
[37,85,124,149],
[17,44,73,121],
[9,28,33,156],
[41,89,129,153],
[57,108,140,161],
[21,76,92,105],
[50,66,114,146],
[8,136,168,175],
[2,14,56,62],
[72,98,143,174],
[31,82,104,120],
[40,88,126,152],
[18,46,79,127],
[15,30,34,158],
[47,95,130,159],
[63,110,142,162],
[24,78,94,111],
[51,67,115,147],
[6,134,166,171],
[3,7,54,55],
[70,99,139,167],
[27,83,102,118],
[38,86,119,150],
[19,39,75,123],
[11,23,35,151],
[43,91,131,155],
[59,103,135,163],
[22,71,87,107]],

[[64,80,128,160],
[10,13,20,148],
[16,29,68,77],
[84,112,154,173],
[42,96,116,132],
[0,100,141,164],
[32,61,90,138],
[26,45,48,157],
[52,58,144,170],
[4,74,106,125],
[36,93,109,122],
[65,81,129,161],
[9,12,21,149],
[17,28,69,76],
[85,113,153,172],
[41,97,117,133],
[1,101,140,165],
[33,60,89,137],
[25,44,49,156],
[53,57,145,169],
[5,73,105,124],
[37,92,108,121],
[66,82,130,162],
[14,15,24,152],
[18,30,72,78],
[88,114,159,174],
[47,98,120,136],
[2,104,142,168],
[34,62,95,143],
[31,46,50,158],
[56,63,146,175],
[8,79,111,126],
[40,94,110,127],
[67,83,131,163],
[7,11,22,150],
[19,23,70,71],
[86,115,155,167],
[43,99,118,134],
[3,102,135,166],
[35,55,91,139],
[27,39,51,151],
[54,59,147,171],
[6,75,107,119],
[38,87,103,123]],

[[4,80,96,144],
[26,29,36,164],
[32,45,84,93],
[100,128,170,173],
[58,112,132,148],
[10,16,106,116],
[48,52,77,154],
[42,61,64,157],
[13,68,74,160],
[20,90,122,141],
[0,109,125,138],
[5,81,97,145],
[25,28,37,165],
[33,44,85,92],
[101,129,169,172],
[57,113,133,149],
[9,17,105,117],
[49,53,76,153],
[41,60,65,156],
[12,69,73,161],
[21,89,121,140],
[1,108,124,137],
[8,82,98,146],
[30,31,40,168],
[34,46,88,94],
[104,130,174,175],
[63,114,136,152],
[15,18,111,120],
[50,56,78,159],
[47,62,66,158],
[14,72,79,162],
[24,95,127,142],
[2,110,126,143],
[6,83,99,147],
[23,27,38,166],
[35,39,86,87],
[102,131,167,171],
[59,115,134,150],
[11,19,107,118],
[51,54,71,155],
[43,55,67,151],
[7,70,75,163],
[22,91,123,135],
[3,103,119,139]],

[[20,96,112,160],
[0,10,42,45],
[48,61,100,109],
[13,116,144,173],
[74,128,148,164],
[26,32,122,132],
[64,68,93,170],
[58,77,80,157],
[4,29,84,90],
[36,52,106,138],
[16,125,141,154],
[21,97,113,161],
[1,9,41,44],
[49,60,101,108],
[12,117,145,172],
[73,129,149,165],
[25,33,121,133],
[65,69,92,169],
[57,76,81,156],
[5,28,85,89],
[37,53,105,137],
[17,124,140,153],
[24,98,114,162],
[2,15,46,47],
[50,62,104,110],
[14,120,146,174],
[79,130,152,168],
[31,34,127,136],
[66,72,94,175],
[63,78,82,158],
[8,30,88,95],
[40,56,111,143],
[18,126,142,159],
[22,99,115,163],
[3,11,39,43],
[51,55,102,103],
[7,118,147,167],
[75,131,150,166],
[27,35,123,134],
[67,70,87,171],
[59,71,83,151],
[6,23,86,91],
[38,54,107,139],
[19,119,135,155]],

[[4,36,112,128],
[16,26,58,61],
[64,77,116,125],
[29,132,160,173],
[10,90,144,164],
[42,48,138,148],
[13,80,84,109],
[74,93,96,157],
[20,45,52,100],
[0,68,122,154],
[32,106,141,170],
[5,37,113,129],
[17,25,57,60],
[65,76,117,124],
[28,133,161,172],
[9,89,145,165],
[41,49,137,149],
[12,81,85,108],
[73,92,97,156],
[21,44,53,101],
[1,69,121,153],
[33,105,140,169],
[8,40,114,130],
[18,31,62,63],
[66,78,120,126],
[30,136,162,174],
[15,95,146,168],
[47,50,143,152],
[14,82,88,110],
[79,94,98,158],
[24,46,56,104],
[2,72,127,159],
[34,111,142,175],
[6,38,115,131],
[19,27,55,59],
[67,71,118,119],
[23,134,163,167],
[11,91,147,166],
[43,51,139,150],
[7,83,86,103],
[75,87,99,151],
[22,39,54,102],
[3,70,123,155],
[35,107,135,171]],

[[0,20,128,144],
[32,42,74,77],
[80,93,132,141],
[4,45,148,173],
[10,26,52,160],
[58,64,154,164],
[29,96,100,125],
[90,109,112,157],
[36,61,68,116],
[16,84,138,170],
[13,48,106,122],
[1,21,129,145],
[33,41,73,76],
[81,92,133,140],
[5,44,149,172],
[9,25,53,161],
[57,65,153,165],
[28,97,101,124],
[89,108,113,156],
[37,60,69,117],
[17,85,137,169],
[12,49,105,121],
[2,24,130,146],
[34,47,78,79],
[82,94,136,142],
[8,46,152,174],
[15,31,56,162],
[63,66,159,168],
[30,98,104,126],
[95,110,114,158],
[40,62,72,120],
[18,88,143,175],
[14,50,111,127],
[3,22,131,147],
[35,43,71,75],
[83,87,134,135],
[6,39,150,167],
[11,27,54,163],
[59,67,155,166],
[23,99,102,119],
[91,103,115,151],
[38,55,70,118],
[19,86,139,171],
[7,51,107,123]],

[[16,36,144,160],
[48,58,90,93],
[96,106,109,148],
[20,61,164,173],
[4,26,42,68],
[10,74,80,170],
[45,112,116,141],
[52,125,128,157],
[0,77,84,132],
[13,32,100,154],
[29,64,122,138],
[17,37,145,161],
[49,57,89,92],
[97,105,108,149],
[21,60,165,172],
[5,25,41,69],
[9,73,81,169],
[44,113,117,140],
[53,124,129,156],
[1,76,85,133],
[12,33,101,153],
[28,65,121,137],
[18,40,146,162],
[50,63,94,95],
[98,110,111,152],
[24,62,168,174],
[8,31,47,72],
[15,79,82,175],
[46,114,120,142],
[56,126,130,158],
[2,78,88,136],
[14,34,104,159],
[30,66,127,143],
[19,38,147,163],
[51,59,87,91],
[99,103,107,150],
[22,55,166,167],
[6,27,43,70],
[11,75,83,171],
[39,115,118,135],
[54,119,131,151],
[3,71,86,134],
[7,35,102,155],
[23,67,123,139]],

[[0,4,32,160],
[52,64,74,109],
[112,122,125,164],
[10,36,77,173],
[20,42,58,84],
[13,26,90,96],
[61,106,128,132],
[68,141,144,157],
[16,93,100,148],
[29,48,116,170],
[45,80,138,154],
[1,5,33,161],
[53,65,73,108],
[113,121,124,165],
[9,37,76,172],
[21,41,57,85],
[12,25,89,97],
[60,105,129,133],
[69,140,145,156],
[17,92,101,149],
[28,49,117,169],
[44,81,137,153],
[2,8,34,162],
[56,66,79,110],
[114,126,127,168],
[15,40,78,174],
[24,47,63,88],
[14,31,95,98],
[62,111,130,136],
[72,142,146,158],
[18,94,104,152],
[30,50,120,175],
[46,82,143,159],
[3,6,35,163],
[54,67,75,103],
[115,119,123,166],
[11,38,71,167],
[22,43,59,86],
[7,27,91,99],
[55,107,131,134],
[70,135,147,151],
[19,87,102,150],
[23,51,118,171],
[39,83,139,155]],

[[4,16,20,48],
[68,80,90,125],
[10,128,138,141],
[0,26,93,173],
[36,58,74,100],
[29,42,52,112],
[77,122,144,148],
[84,106,157,160],
[32,109,116,164],
[13,45,64,132],
[61,96,154,170],
[5,17,21,49],
[69,81,89,124],
[9,129,137,140],
[1,25,92,172],
[37,57,73,101],
[28,41,53,113],
[76,121,145,149],
[85,105,156,161],
[33,108,117,165],
[12,44,65,133],
[60,97,153,169],
[8,18,24,50],
[72,82,95,126],
[15,130,142,143],
[2,31,94,174],
[40,63,79,104],
[30,47,56,114],
[78,127,146,152],
[88,111,158,162],
[34,110,120,168],
[14,46,66,136],
[62,98,159,175],
[6,19,22,51],
[70,83,91,119],
[11,131,135,139],
[3,27,87,167],
[38,59,75,102],
[23,43,54,115],
[71,123,147,150],
[86,107,151,163],
[35,103,118,166],
[7,39,67,134],
[55,99,155,171]],

[[20,32,36,64],
[52,84,96,141],
[26,106,144,154],
[16,42,109,173],
[0,74,90,116],
[45,58,68,128],
[93,138,160,164],
[4,100,122,157],
[10,48,125,132],
[29,61,80,148],
[13,77,112,170],
[21,33,37,65],
[53,85,97,140],
[25,105,145,153],
[17,41,108,172],
[1,73,89,117],
[44,57,69,129],
[92,137,161,165],
[5,101,121,156],
[9,49,124,133],
[28,60,81,149],
[12,76,113,169],
[24,34,40,66],
[56,88,98,142],
[31,111,146,159],
[18,47,110,174],
[2,79,95,120],
[46,63,72,130],
[94,143,162,168],
[8,104,127,158],
[15,50,126,136],
[30,62,82,152],
[14,78,114,175],
[22,35,38,67],
[54,86,99,135],
[27,107,147,155],
[19,43,103,167],
[3,75,91,118],
[39,59,70,131],
[87,139,163,166],
[6,102,123,151],
[11,51,119,134],
[23,55,83,150],
[7,71,115,171]],

[[0,36,48,80],
[68,100,106,112],
[42,122,160,170],
[32,58,125,173],
[16,52,90,132],
[61,74,84,144],
[4,10,109,154],
[20,116,138,157],
[26,64,141,148],
[45,77,96,164],
[13,29,93,128],
[1,37,49,81],
[69,101,105,113],
[41,121,161,169],
[33,57,124,172],
[17,53,89,133],
[60,73,85,145],
[5,9,108,153],
[21,117,137,156],
[25,65,140,149],
[44,76,97,165],
[12,28,92,129],
[2,40,50,82],
[72,104,111,114],
[47,127,162,175],
[34,63,126,174],
[18,56,95,136],
[62,79,88,146],
[8,15,110,159],
[24,120,143,158],
[31,66,142,152],
[46,78,98,168],
[14,30,94,130],
[3,38,51,83],
[70,102,107,115],
[43,123,163,171],
[35,59,119,167],
[19,54,91,134],
[55,75,86,147],
[6,11,103,155],
[22,118,139,151],
[27,67,135,150],
[39,71,99,166],
[7,23,87,131]]

]
