[[[0,57,114],
[1,64,120],
[2,58,121],
[3,59,115],
[4,60,116],
[5,61,117],
[6,62,118],
[7,63,119],
[8,113,162],
[9,74,139],
[10,75,140],
[11,76,141],
[12,77,142],
[13,78,143],
[14,79,144],
[15,80,145],
[16,65,170],
[17,90,163],
[18,91,164],
[19,92,165],
[20,93,166],
[21,94,167],
[22,95,168],
[23,96,169],
[24,73,122],
[25,106,131],
[26,107,132],
[27,108,133],
[28,109,134],
[29,110,135],
[30,111,136],
[31,112,137],
[32,81,130],
[33,66,155],
[34,67,156],
[35,68,157],
[36,69,158],
[37,70,159],
[38,71,160],
[39,72,161],
[40,89,138],
[41,82,123],
[42,83,124],
[43,84,125],
[44,85,126],
[45,86,127],
[46,87,128],
[47,88,129],
[48,97,146],
[49,98,147],
[50,99,148],
[51,100,149],
[52,101,150],
[53,102,151],
[54,103,152],
[55,104,153],
[56,105,154]],

[[0,60,119],
[1,58,115],
[2,64,118],
[3,62,120],
[4,57,117],
[5,63,116],
[6,59,121],
[7,61,114],
[8,77,145],
[9,113,168],
[10,74,144],
[11,79,139],
[12,73,143],
[13,80,142],
[14,76,140],
[15,78,138],
[16,90,169],
[17,89,165],
[18,66,170],
[19,96,163],
[20,91,167],
[21,95,166],
[22,94,164],
[23,92,162],
[24,109,135],
[25,107,136],
[26,106,133],
[27,75,123],
[28,105,137],
[29,112,130],
[30,108,131],
[31,110,134],
[32,67,161],
[33,69,157],
[34,65,160],
[35,70,155],
[36,84,132],
[37,68,158],
[38,72,156],
[39,71,154],
[40,83,128],
[41,85,127],
[42,81,129],
[43,86,126],
[44,82,125],
[45,93,141],
[46,88,122],
[47,87,124],
[48,98,149],
[49,97,153],
[50,101,151],
[51,104,146],
[52,99,152],
[53,103,148],
[54,102,150],
[55,100,147],
[56,111,159]],

[[0,61,120],
[1,62,114],
[2,59,116],
[3,58,119],
[4,63,121],
[5,57,118],
[6,64,117],
[7,60,115],
[8,78,139],
[9,79,138],
[10,113,169],
[11,75,145],
[12,80,140],
[13,73,144],
[14,74,143],
[15,77,141],
[16,91,163],
[17,93,162],
[18,89,166],
[19,67,170],
[20,90,164],
[21,92,168],
[22,96,167],
[23,95,165],
[24,110,136],
[25,111,135],
[26,108,137],
[27,107,134],
[28,76,124],
[29,105,131],
[30,106,130],
[31,109,132],
[32,68,155],
[33,72,154],
[34,70,158],
[35,65,161],
[36,71,156],
[37,85,133],
[38,69,159],
[39,66,157],
[40,84,129],
[41,88,125],
[42,86,128],
[43,81,123],
[44,87,127],
[45,83,126],
[46,94,142],
[47,82,122],
[48,99,150],
[49,101,148],
[50,97,147],
[51,102,152],
[52,98,146],
[53,100,153],
[54,104,149],
[55,103,151],
[56,112,160]],

[[0,62,121],
[1,61,116],
[2,63,114],
[3,60,117],
[4,59,120],
[5,64,115],
[6,57,119],
[7,58,118],
[8,79,140],
[9,78,142],
[10,80,138],
[11,113,163],
[12,76,139],
[13,74,141],
[14,73,145],
[15,75,144],
[16,92,164],
[17,96,166],
[18,94,162],
[19,89,167],
[20,68,170],
[21,91,165],
[22,93,169],
[23,90,168],
[24,111,137],
[25,110,133],
[26,112,136],
[27,109,131],
[28,108,135],
[29,77,125],
[30,105,132],
[31,107,130],
[32,69,156],
[33,67,158],
[34,66,154],
[35,71,159],
[36,65,155],
[37,72,157],
[38,86,134],
[39,70,160],
[40,85,123],
[41,83,122],
[42,82,126],
[43,87,129],
[44,81,124],
[45,88,128],
[46,84,127],
[47,95,143],
[48,100,151],
[49,104,152],
[50,102,149],
[51,97,148],
[52,103,153],
[53,99,146],
[54,101,147],
[55,98,150],
[56,106,161]],

[[0,63,115],
[1,59,119],
[2,62,117],
[3,64,114],
[4,61,118],
[5,60,121],
[6,58,116],
[7,57,120],
[8,80,141],
[9,76,145],
[10,79,143],
[11,74,138],
[12,113,164],
[13,77,140],
[14,75,142],
[15,73,139],
[16,93,165],
[17,91,169],
[18,90,167],
[19,95,162],
[20,89,168],
[21,69,170],
[22,92,166],
[23,94,163],
[24,112,131],
[25,108,130],
[26,111,134],
[27,106,137],
[28,110,132],
[29,109,136],
[30,78,126],
[31,105,133],
[32,70,157],
[33,71,161],
[34,68,159],
[35,67,154],
[36,72,160],
[37,65,156],
[38,66,158],
[39,87,135],
[40,86,124],
[41,96,144],
[42,84,122],
[43,83,127],
[44,88,123],
[45,81,125],
[46,82,129],
[47,85,128],
[48,101,152],
[49,99,151],
[50,98,153],
[51,103,150],
[52,97,149],
[53,104,147],
[54,100,146],
[55,102,148],
[56,107,155]],

[[0,64,116],
[1,57,121],
[2,60,120],
[3,63,118],
[4,58,114],
[5,62,119],
[6,61,115],
[7,59,117],
[8,74,142],
[9,73,140],
[10,77,139],
[11,80,144],
[12,75,138],
[13,113,165],
[14,78,141],
[15,76,143],
[16,94,166],
[17,95,164],
[18,92,163],
[19,91,168],
[20,96,162],
[21,89,169],
[22,70,170],
[23,93,167],
[24,106,132],
[25,105,134],
[26,109,130],
[27,112,135],
[28,107,131],
[29,111,133],
[30,110,137],
[31,79,127],
[32,71,158],
[33,88,136],
[34,72,155],
[35,69,160],
[36,68,154],
[37,66,161],
[38,65,157],
[39,67,159],
[40,87,125],
[41,86,129],
[42,90,145],
[43,85,122],
[44,84,128],
[45,82,124],
[46,81,126],
[47,83,123],
[48,102,153],
[49,103,149],
[50,100,152],
[51,99,147],
[52,104,151],
[53,97,150],
[54,98,148],
[55,101,146],
[56,108,156]],

[[0,58,117],
[1,60,118],
[2,57,115],
[3,61,121],
[4,64,119],
[5,59,114],
[6,63,120],
[7,62,116],
[8,75,143],
[9,77,144],
[10,73,141],
[11,78,140],
[12,74,145],
[13,76,138],
[14,113,166],
[15,79,142],
[16,95,167],
[17,94,168],
[18,96,165],
[19,93,164],
[20,92,169],
[21,90,162],
[22,89,163],
[23,71,170],
[24,107,133],
[25,80,128],
[26,105,135],
[27,110,130],
[28,106,136],
[29,108,132],
[30,112,134],
[31,111,131],
[32,72,159],
[33,68,160],
[34,82,137],
[35,66,156],
[36,70,161],
[37,69,154],
[38,67,155],
[39,65,158],
[40,88,126],
[41,84,124],
[42,87,123],
[43,91,139],
[44,86,122],
[45,85,129],
[46,83,125],
[47,81,127],
[48,103,147],
[49,102,146],
[50,104,150],
[51,101,153],
[52,100,148],
[53,98,152],
[54,97,151],
[55,99,149],
[56,109,157]],

[[0,59,118],
[1,63,117],
[2,61,119],
[3,57,116],
[4,62,115],
[5,58,120],
[6,60,114],
[7,64,121],
[8,76,144],
[9,80,143],
[10,78,145],
[11,73,142],
[12,79,141],
[13,75,139],
[14,77,138],
[15,113,167],
[16,96,168],
[17,72,170],
[18,95,169],
[19,90,166],
[20,94,165],
[21,93,163],
[22,91,162],
[23,89,164],
[24,108,134],
[25,112,132],
[26,74,129],
[27,105,136],
[28,111,130],
[29,107,137],
[30,109,133],
[31,106,135],
[32,66,160],
[33,65,159],
[34,69,161],
[35,83,131],
[36,67,157],
[37,71,155],
[38,70,154],
[39,68,156],
[40,82,127],
[41,81,128],
[42,85,125],
[43,88,124],
[44,92,140],
[45,87,122],
[46,86,123],
[47,84,126],
[48,104,148],
[49,100,150],
[50,103,146],
[51,98,151],
[52,102,147],
[53,101,149],
[54,99,153],
[55,97,152],
[56,110,158]],

[[0,81,154],
[1,110,160],
[2,111,161],
[3,112,155],
[4,106,156],
[5,107,157],
[6,108,158],
[7,109,159],
[8,65,122],
[9,72,128],
[10,66,129],
[11,67,123],
[12,68,124],
[13,69,125],
[14,70,126],
[15,71,127],
[16,113,146],
[17,85,152],
[18,86,153],
[19,87,147],
[20,88,148],
[21,82,149],
[22,83,150],
[23,84,151],
[24,97,162],
[25,104,116],
[26,98,117],
[27,99,118],
[28,100,119],
[29,101,120],
[30,102,121],
[31,103,115],
[32,57,138],
[33,64,144],
[34,58,145],
[35,59,139],
[36,60,140],
[37,61,141],
[38,62,142],
[39,63,143],
[40,105,130],
[41,79,169],
[42,80,163],
[43,74,164],
[44,75,165],
[45,76,166],
[46,77,167],
[47,78,168],
[48,73,170],
[49,94,137],
[50,95,131],
[51,96,132],
[52,90,133],
[53,91,134],
[54,92,135],
[55,93,136],
[56,89,114]],

[[0,106,155],
[1,84,159],
[2,110,157],
[3,108,154],
[4,105,158],
[5,109,161],
[6,112,156],
[7,107,160],
[8,68,127],
[9,66,123],
[10,72,126],
[11,70,128],
[12,65,125],
[13,71,124],
[14,67,129],
[15,69,122],
[16,83,151],
[17,82,147],
[18,113,150],
[19,88,152],
[20,87,149],
[21,85,148],
[22,81,153],
[23,86,146],
[24,100,116],
[25,98,114],
[26,104,119],
[27,102,168],
[28,97,117],
[29,103,121],
[30,99,120],
[31,101,118],
[32,64,143],
[33,57,139],
[34,60,142],
[35,63,144],
[36,58,141],
[37,62,140],
[38,61,145],
[39,59,138],
[40,78,165],
[41,74,163],
[42,77,169],
[43,79,167],
[44,76,162],
[45,111,132],
[46,80,164],
[47,73,166],
[48,95,133],
[49,90,131],
[50,89,137],
[51,91,135],
[52,94,130],
[53,96,136],
[54,75,170],
[55,92,134],
[56,93,115]],

[[0,107,156],
[1,108,161],
[2,85,160],
[3,111,158],
[4,109,154],
[5,105,159],
[6,110,155],
[7,106,157],
[8,69,128],
[9,70,122],
[10,67,124],
[11,66,127],
[12,71,129],
[13,65,126],
[14,72,125],
[15,68,123],
[16,84,152],
[17,87,146],
[18,83,148],
[19,113,151],
[20,82,153],
[21,88,150],
[22,86,149],
[23,81,147],
[24,101,117],
[25,102,119],
[26,99,114],
[27,98,120],
[28,103,169],
[29,97,118],
[30,104,115],
[31,100,121],
[32,58,144],
[33,60,138],
[34,57,140],
[35,61,143],
[36,64,145],
[37,59,142],
[38,63,141],
[39,62,139],
[40,79,166],
[41,73,167],
[42,75,164],
[43,78,163],
[44,80,168],
[45,77,162],
[46,112,133],
[47,74,165],
[48,96,134],
[49,93,135],
[50,91,132],
[51,89,131],
[52,92,136],
[53,95,130],
[54,90,137],
[55,76,170],
[56,94,116]],

[[0,108,157],
[1,107,158],
[2,109,155],
[3,86,161],
[4,112,159],
[5,110,154],
[6,105,160],
[7,111,156],
[8,70,129],
[9,69,124],
[10,71,122],
[11,68,125],
[12,67,128],
[13,72,123],
[14,65,127],
[15,66,126],
[16,85,153],
[17,81,148],
[18,88,146],
[19,84,149],
[20,113,152],
[21,83,147],
[22,82,151],
[23,87,150],
[24,102,118],
[25,101,115],
[26,103,120],
[27,100,114],
[28,99,121],
[29,104,163],
[30,97,119],
[31,98,116],
[32,59,145],
[33,63,140],
[34,61,138],
[35,57,141],
[36,62,144],
[37,58,139],
[38,60,143],
[39,64,142],
[40,80,167],
[41,75,166],
[42,73,168],
[43,76,165],
[44,79,164],
[45,74,169],
[46,78,162],
[47,106,134],
[48,90,135],
[49,77,170],
[50,94,136],
[51,92,133],
[52,89,132],
[53,93,137],
[54,96,130],
[55,91,131],
[56,95,117]],

[[0,109,158],
[1,112,157],
[2,108,159],
[3,110,156],
[4,87,155],
[5,106,160],
[6,111,154],
[7,105,161],
[8,71,123],
[9,67,127],
[10,70,125],
[11,72,122],
[12,69,126],
[13,68,129],
[14,66,124],
[15,65,128],
[16,86,147],
[17,88,151],
[18,81,149],
[19,82,146],
[20,85,150],
[21,113,153],
[22,84,148],
[23,83,152],
[24,103,119],
[25,99,117],
[26,102,116],
[27,104,121],
[28,101,114],
[29,100,115],
[30,98,164],
[31,97,120],
[32,60,139],
[33,58,143],
[34,64,141],
[35,62,138],
[36,57,142],
[37,63,145],
[38,59,140],
[39,61,144],
[40,74,168],
[41,107,135],
[42,76,167],
[43,73,169],
[44,77,166],
[45,80,165],
[46,75,163],
[47,79,162],
[48,91,136],
[49,92,132],
[50,78,170],
[51,95,137],
[52,93,134],
[53,89,133],
[54,94,131],
[55,90,130],
[56,96,118]],

[[0,110,159],
[1,105,155],
[2,106,158],
[3,109,160],
[4,111,157],
[5,88,156],
[6,107,161],
[7,112,154],
[8,72,124],
[9,65,129],
[10,68,128],
[11,71,126],
[12,66,122],
[13,70,127],
[14,69,123],
[15,67,125],
[16,87,148],
[17,84,153],
[18,82,152],
[19,81,150],
[20,83,146],
[21,86,151],
[22,113,147],
[23,85,149],
[24,104,120],
[25,97,121],
[26,100,118],
[27,103,117],
[28,98,115],
[29,102,114],
[30,101,116],
[31,99,165],
[32,61,140],
[33,62,145],
[34,59,144],
[35,58,142],
[36,63,138],
[37,57,143],
[38,64,139],
[39,60,141],
[40,75,169],
[41,80,162],
[42,108,136],
[43,77,168],
[44,73,163],
[45,78,167],
[46,74,166],
[47,76,164],
[48,92,137],
[49,91,130],
[50,93,133],
[51,79,170],
[52,96,131],
[53,94,135],
[54,89,134],
[55,95,132],
[56,90,119]],

[[0,111,160],
[1,106,154],
[2,105,156],
[3,107,159],
[4,110,161],
[5,112,158],
[6,82,157],
[7,108,155],
[8,66,125],
[9,68,126],
[10,65,123],
[11,69,129],
[12,72,127],
[13,67,122],
[14,71,128],
[15,70,124],
[16,88,149],
[17,86,150],
[18,85,147],
[19,83,153],
[20,81,151],
[21,84,146],
[22,87,152],
[23,113,148],
[24,98,121],
[25,100,166],
[26,97,115],
[27,101,119],
[28,104,118],
[29,99,116],
[30,103,114],
[31,102,117],
[32,62,141],
[33,61,142],
[34,63,139],
[35,60,145],
[36,59,143],
[37,64,138],
[38,57,144],
[39,58,140],
[40,76,163],
[41,77,165],
[42,74,162],
[43,109,137],
[44,78,169],
[45,73,164],
[46,79,168],
[47,75,167],
[48,93,131],
[49,96,133],
[50,92,130],
[51,94,134],
[52,80,170],
[53,90,132],
[54,95,136],
[55,89,135],
[56,91,120]],

[[0,112,161],
[1,109,156],
[2,107,154],
[3,105,157],
[4,108,160],
[5,111,155],
[6,106,159],
[7,83,158],
[8,67,126],
[9,71,125],
[10,69,127],
[11,65,124],
[12,70,123],
[13,66,128],
[14,68,122],
[15,72,129],
[16,82,150],
[17,113,149],
[18,87,151],
[19,86,148],
[20,84,147],
[21,81,152],
[22,85,146],
[23,88,153],
[24,99,115],
[25,103,118],
[26,101,167],
[27,97,116],
[28,102,120],
[29,98,119],
[30,100,117],
[31,104,114],
[32,63,142],
[33,59,141],
[34,62,143],
[35,64,140],
[36,61,139],
[37,60,144],
[38,58,138],
[39,57,145],
[40,77,164],
[41,76,168],
[42,78,166],
[43,75,162],
[44,110,131],
[45,79,163],
[46,73,165],
[47,80,169],
[48,94,132],
[49,89,136],
[50,90,134],
[51,93,130],
[52,95,135],
[53,74,170],
[54,91,133],
[55,96,137],
[56,92,121]],

[[0,89,162],
[1,100,143],
[2,101,144],
[3,102,145],
[4,103,139],
[5,104,140],
[6,98,141],
[7,99,142],
[8,97,114],
[9,62,166],
[10,63,167],
[11,64,168],
[12,58,169],
[13,59,163],
[14,60,164],
[15,61,165],
[16,73,130],
[17,80,136],
[18,74,137],
[19,75,131],
[20,76,132],
[21,77,133],
[22,78,134],
[23,79,135],
[24,65,154],
[25,93,160],
[26,94,161],
[27,95,155],
[28,96,156],
[29,90,157],
[30,91,158],
[31,92,159],
[32,105,170],
[33,112,126],
[34,106,127],
[35,107,128],
[36,108,129],
[37,109,123],
[38,110,124],
[39,111,125],
[40,57,146],
[41,67,152],
[42,68,153],
[43,69,147],
[44,70,148],
[45,71,149],
[46,72,150],
[47,66,151],
[48,113,138],
[49,87,116],
[50,88,117],
[51,82,118],
[52,83,119],
[53,84,120],
[54,85,121],
[55,86,115],
[56,81,122]],

[[0,98,139],
[1,104,144],
[2,99,143],
[3,103,141],
[4,102,138],
[5,100,142],
[6,97,145],
[7,92,167],
[8,62,164],
[9,57,163],
[10,58,165],
[11,61,169],
[12,63,168],
[13,60,166],
[14,59,162],
[15,101,121],
[16,76,135],
[17,74,131],
[18,80,134],
[19,78,136],
[20,73,133],
[21,79,132],
[22,75,137],
[23,77,130],
[24,91,159],
[25,90,155],
[26,72,158],
[27,96,160],
[28,95,157],
[29,93,156],
[30,89,161],
[31,94,154],
[32,108,124],
[33,106,123],
[34,112,125],
[35,110,170],
[36,105,128],
[37,111,126],
[38,107,122],
[39,109,127],
[40,69,151],
[41,66,147],
[42,71,150],
[43,65,152],
[44,64,149],
[45,68,148],
[46,70,153],
[47,67,146],
[48,86,116],
[49,82,114],
[50,85,119],
[51,87,115],
[52,84,117],
[53,113,140],
[54,88,120],
[55,81,118],
[56,83,129]],

[[0,99,140],
[1,93,168],
[2,98,145],
[3,100,144],
[4,104,142],
[5,103,138],
[6,101,143],
[7,97,139],
[8,63,165],
[9,102,115],
[10,57,164],
[11,59,166],
[12,62,163],
[13,64,169],
[14,61,167],
[15,60,162],
[16,77,136],
[17,78,130],
[18,75,132],
[19,74,135],
[20,79,137],
[21,73,134],
[22,80,133],
[23,76,131],
[24,92,160],
[25,95,154],
[26,91,156],
[27,66,159],
[28,90,161],
[29,96,158],
[30,94,157],
[31,89,155],
[32,109,125],
[33,110,128],
[34,107,124],
[35,106,126],
[36,111,170],
[37,105,129],
[38,112,127],
[39,108,122],
[40,70,152],
[41,68,146],
[42,67,148],
[43,72,151],
[44,65,153],
[45,58,150],
[46,69,149],
[47,71,147],
[48,87,117],
[49,81,119],
[50,83,114],
[51,86,120],
[52,88,116],
[53,85,118],
[54,113,141],
[55,82,121],
[56,84,123]],

[[0,100,141],
[1,97,140],
[2,94,169],
[3,99,139],
[4,101,145],
[5,98,143],
[6,104,138],
[7,102,144],
[8,64,166],
[9,61,162],
[10,103,116],
[11,57,165],
[12,60,167],
[13,63,164],
[14,58,163],
[15,62,168],
[16,78,137],
[17,77,132],
[18,79,130],
[19,76,133],
[20,75,136],
[21,80,131],
[22,73,135],
[23,74,134],
[24,93,161],
[25,89,156],
[26,96,154],
[27,92,157],
[28,67,160],
[29,91,155],
[30,90,159],
[31,95,158],
[32,110,126],
[33,109,122],
[34,111,129],
[35,108,125],
[36,107,127],
[37,112,170],
[38,105,123],
[39,106,128],
[40,71,153],
[41,72,148],
[42,69,146],
[43,68,149],
[44,66,152],
[45,65,147],
[46,59,151],
[47,70,150],
[48,88,118],
[49,83,115],
[50,81,120],
[51,84,114],
[52,87,121],
[53,82,117],
[54,86,119],
[55,113,142],
[56,85,124]],

[[0,101,142],
[1,103,145],
[2,97,141],
[3,95,163],
[4,100,140],
[5,102,139],
[6,99,144],
[7,98,138],
[8,58,167],
[9,63,169],
[10,62,162],
[11,104,117],
[12,57,166],
[13,61,168],
[14,64,165],
[15,59,164],
[16,79,131],
[17,75,135],
[18,78,133],
[19,80,130],
[20,77,134],
[21,76,137],
[22,74,132],
[23,73,136],
[24,94,155],
[25,96,159],
[26,89,157],
[27,90,154],
[28,93,158],
[29,68,161],
[30,92,156],
[31,91,160],
[32,111,127],
[33,107,129],
[34,110,122],
[35,112,123],
[36,109,126],
[37,108,128],
[38,106,170],
[39,105,124],
[40,72,147],
[41,71,151],
[42,66,149],
[43,70,146],
[44,69,150],
[45,67,153],
[46,65,148],
[47,60,152],
[48,82,119],
[49,113,143],
[50,84,116],
[51,81,121],
[52,85,114],
[53,88,115],
[54,83,118],
[55,87,120],
[56,86,125]],

[[0,102,143],
[1,99,138],
[2,104,139],
[3,97,142],
[4,96,164],
[5,101,141],
[6,103,140],
[7,100,145],
[8,59,168],
[9,60,165],
[10,64,163],
[11,63,162],
[12,98,118],
[13,57,167],
[14,62,169],
[15,58,166],
[16,80,132],
[17,73,137],
[18,76,136],
[19,79,134],
[20,74,130],
[21,78,135],
[22,77,131],
[23,75,133],
[24,95,156],
[25,92,161],
[26,90,160],
[27,89,158],
[28,91,154],
[29,94,159],
[30,69,155],
[31,93,157],
[32,112,128],
[33,105,125],
[34,108,123],
[35,111,122],
[36,106,124],
[37,110,127],
[38,109,129],
[39,107,170],
[40,66,148],
[41,61,153],
[42,72,152],
[43,67,150],
[44,71,146],
[45,70,151],
[46,68,147],
[47,65,149],
[48,83,120],
[49,88,121],
[50,113,144],
[51,85,117],
[52,81,115],
[53,86,114],
[54,82,116],
[55,84,119],
[56,87,126]],

[[0,103,144],
[1,101,139],
[2,100,138],
[3,98,140],
[4,97,143],
[5,90,165],
[6,102,142],
[7,104,141],
[8,60,169],
[9,59,167],
[10,61,166],
[11,58,164],
[12,64,162],
[13,99,119],
[14,57,168],
[15,63,163],
[16,74,133],
[17,76,134],
[18,73,131],
[19,77,137],
[20,80,135],
[21,75,130],
[22,79,136],
[23,78,132],
[24,96,157],
[25,94,158],
[26,93,155],
[27,91,161],
[28,89,159],
[29,92,154],
[30,95,160],
[31,70,156],
[32,106,129],
[33,108,170],
[34,105,126],
[35,109,124],
[36,112,122],
[37,107,125],
[38,111,128],
[39,110,123],
[40,67,149],
[41,65,150],
[42,62,147],
[43,66,153],
[44,68,151],
[45,72,146],
[46,71,152],
[47,69,148],
[48,84,121],
[49,85,120],
[50,82,115],
[51,113,145],
[52,86,118],
[53,81,116],
[54,87,114],
[55,83,117],
[56,88,127]],

[[0,104,145],
[1,98,142],
[2,102,140],
[3,101,138],
[4,99,141],
[5,97,144],
[6,91,166],
[7,103,143],
[8,61,163],
[9,64,164],
[10,60,168],
[11,62,167],
[12,59,165],
[13,58,162],
[14,100,120],
[15,57,169],
[16,75,134],
[17,79,133],
[18,77,135],
[19,73,132],
[20,78,131],
[21,74,136],
[22,76,130],
[23,80,137],
[24,90,158],
[25,71,157],
[26,95,159],
[27,94,156],
[28,92,155],
[29,89,160],
[30,93,154],
[31,96,161],
[32,107,123],
[33,111,124],
[34,109,170],
[35,105,127],
[36,110,125],
[37,106,122],
[38,108,126],
[39,112,129],
[40,68,150],
[41,70,149],
[42,65,151],
[43,63,148],
[44,67,147],
[45,69,152],
[46,66,146],
[47,72,153],
[48,85,115],
[49,84,118],
[50,86,121],
[51,83,116],
[52,113,139],
[53,87,119],
[54,81,117],
[55,88,114],
[56,82,128]],

[[0,97,170],
[1,95,129],
[2,96,123],
[3,90,124],
[4,91,125],
[5,92,126],
[6,93,127],
[7,94,128],
[8,89,130],
[9,110,153],
[10,111,147],
[11,112,148],
[12,106,149],
[13,107,150],
[14,108,151],
[15,109,152],
[16,105,114],
[17,68,118],
[18,69,119],
[19,70,120],
[20,71,121],
[21,72,115],
[22,66,116],
[23,67,117],
[24,81,138],
[25,88,144],
[26,82,145],
[27,83,139],
[28,84,140],
[29,85,141],
[30,86,142],
[31,87,143],
[32,73,162],
[33,101,168],
[34,102,169],
[35,103,163],
[36,104,164],
[37,98,165],
[38,99,166],
[39,100,167],
[40,113,122],
[41,64,134],
[42,58,135],
[43,59,136],
[44,60,137],
[45,61,131],
[46,62,132],
[47,63,133],
[48,57,154],
[49,75,160],
[50,76,161],
[51,77,155],
[52,78,156],
[53,79,157],
[54,80,158],
[55,74,159],
[56,65,146]],

[[0,90,123],
[1,94,125],
[2,92,122],
[3,89,126],
[4,93,129],
[5,96,124],
[6,100,170],
[7,95,127],
[8,111,149],
[9,106,147],
[10,105,153],
[11,107,151],
[12,110,146],
[13,112,152],
[14,91,137],
[15,108,150],
[16,72,118],
[17,66,114],
[18,70,121],
[19,69,117],
[20,67,119],
[21,65,116],
[22,68,115],
[23,109,120],
[24,84,143],
[25,82,139],
[26,88,142],
[27,86,144],
[28,81,141],
[29,87,140],
[30,83,145],
[31,85,138],
[32,99,167],
[33,98,163],
[34,80,166],
[35,104,168],
[36,103,165],
[37,101,164],
[38,97,169],
[39,102,162],
[40,64,132],
[41,57,131],
[42,60,133],
[43,113,128],
[44,58,136],
[45,62,134],
[46,61,130],
[47,59,135],
[48,77,159],
[49,74,155],
[50,79,158],
[51,73,160],
[52,63,157],
[53,76,156],
[54,78,161],
[55,75,154],
[56,71,148]],

[[0,91,124],
[1,96,128],
[2,95,126],
[3,93,122],
[4,89,127],
[5,94,123],
[6,90,125],
[7,101,170],
[8,112,150],
[9,109,151],
[10,107,148],
[11,105,147],
[12,108,152],
[13,111,146],
[14,106,153],
[15,92,131],
[16,66,119],
[17,110,121],
[18,67,114],
[19,71,115],
[20,70,118],
[21,68,120],
[22,65,117],
[23,69,116],
[24,85,144],
[25,86,138],
[26,83,140],
[27,82,143],
[28,87,145],
[29,81,142],
[30,88,141],
[31,84,139],
[32,100,168],
[33,103,162],
[34,99,164],
[35,74,167],
[36,98,169],
[37,104,166],
[38,102,165],
[39,97,163],
[40,58,133],
[41,60,136],
[42,57,132],
[43,61,134],
[44,113,129],
[45,59,137],
[46,63,135],
[47,62,130],
[48,78,160],
[49,76,154],
[50,75,156],
[51,80,159],
[52,73,161],
[53,64,158],
[54,77,157],
[55,79,155],
[56,72,149]],

[[0,92,125],
[1,102,170],
[2,90,129],
[3,96,127],
[4,94,122],
[5,89,128],
[6,95,124],
[7,91,126],
[8,106,151],
[9,93,132],
[10,110,152],
[11,108,149],
[12,105,148],
[13,109,153],
[14,112,146],
[15,107,147],
[16,67,120],
[17,70,117],
[18,111,115],
[19,68,114],
[20,72,116],
[21,71,119],
[22,69,121],
[23,65,118],
[24,86,145],
[25,85,140],
[26,87,138],
[27,84,141],
[28,83,144],
[29,88,139],
[30,81,143],
[31,82,142],
[32,101,169],
[33,97,164],
[34,104,162],
[35,100,165],
[36,75,168],
[37,99,163],
[38,98,167],
[39,103,166],
[40,59,134],
[41,63,130],
[42,61,137],
[43,57,133],
[44,62,135],
[45,113,123],
[46,60,131],
[47,64,136],
[48,79,161],
[49,80,156],
[50,77,154],
[51,76,157],
[52,74,160],
[53,73,155],
[54,58,159],
[55,78,158],
[56,66,150]],

[[0,93,126],
[1,92,127],
[2,103,170],
[3,91,123],
[4,90,128],
[5,95,122],
[6,89,129],
[7,96,125],
[8,107,152],
[9,108,148],
[10,94,133],
[11,111,153],
[12,109,150],
[13,105,149],
[14,110,147],
[15,106,146],
[16,68,121],
[17,65,119],
[18,71,118],
[19,112,116],
[20,69,114],
[21,66,117],
[22,72,120],
[23,70,115],
[24,87,139],
[25,83,143],
[26,86,141],
[27,88,138],
[28,85,142],
[29,84,145],
[30,82,140],
[31,81,144],
[32,102,163],
[33,104,167],
[34,97,165],
[35,98,162],
[36,101,166],
[37,76,169],
[38,100,164],
[39,99,168],
[40,60,135],
[41,58,137],
[42,64,130],
[43,62,131],
[44,57,134],
[45,63,136],
[46,113,124],
[47,61,132],
[48,80,155],
[49,79,159],
[50,74,157],
[51,78,154],
[52,77,158],
[53,75,161],
[54,73,156],
[55,59,160],
[56,67,151]],

[[0,94,127],
[1,90,126],
[2,93,128],
[3,104,170],
[4,92,124],
[5,91,129],
[6,96,122],
[7,89,123],
[8,108,153],
[9,107,146],
[10,109,149],
[11,95,134],
[12,112,147],
[13,110,151],
[14,105,150],
[15,111,148],
[16,69,115],
[17,71,116],
[18,65,120],
[19,72,119],
[20,106,117],
[21,70,114],
[22,67,118],
[23,66,121],
[24,88,140],
[25,81,145],
[26,84,144],
[27,87,142],
[28,82,138],
[29,86,143],
[30,85,139],
[31,83,141],
[32,103,164],
[33,100,169],
[34,98,168],
[35,97,166],
[36,99,162],
[37,102,167],
[38,77,163],
[39,101,165],
[40,61,136],
[41,62,133],
[42,59,131],
[43,58,130],
[44,63,132],
[45,57,135],
[46,64,137],
[47,113,125],
[48,74,156],
[49,60,161],
[50,80,160],
[51,75,158],
[52,79,154],
[53,78,159],
[54,76,155],
[55,73,157],
[56,68,152]],

[[0,95,128],
[1,89,124],
[2,91,127],
[3,94,129],
[4,98,170],
[5,93,125],
[6,92,123],
[7,90,122],
[8,109,147],
[9,112,149],
[10,108,146],
[11,110,150],
[12,96,135],
[13,106,148],
[14,111,152],
[15,105,151],
[16,70,116],
[17,67,115],
[18,72,117],
[19,65,121],
[20,66,120],
[21,107,118],
[22,71,114],
[23,68,119],
[24,82,141],
[25,84,142],
[26,81,139],
[27,85,145],
[28,88,143],
[29,83,138],
[30,87,144],
[31,86,140],
[32,104,165],
[33,102,166],
[34,101,163],
[35,99,169],
[36,97,167],
[37,100,162],
[38,103,168],
[39,78,164],
[40,62,137],
[41,113,126],
[42,63,134],
[43,60,132],
[44,59,130],
[45,64,133],
[46,57,136],
[47,58,131],
[48,75,157],
[49,73,158],
[50,61,155],
[51,74,161],
[52,76,159],
[53,80,154],
[54,79,160],
[55,77,156],
[56,69,153]],

[[0,96,129],
[1,91,122],
[2,89,125],
[3,92,128],
[4,95,123],
[5,99,170],
[6,94,126],
[7,93,124],
[8,110,148],
[9,105,152],
[10,106,150],
[11,109,146],
[12,111,151],
[13,90,136],
[14,107,149],
[15,112,153],
[16,71,117],
[17,69,120],
[18,68,116],
[19,66,118],
[20,65,115],
[21,67,121],
[22,108,119],
[23,72,114],
[24,83,142],
[25,87,141],
[26,85,143],
[27,81,140],
[28,86,139],
[29,82,144],
[30,84,138],
[31,88,145],
[32,98,166],
[33,79,165],
[34,103,167],
[35,102,164],
[36,100,163],
[37,97,168],
[38,101,162],
[39,104,169],
[40,63,131],
[41,59,132],
[42,113,127],
[43,64,135],
[44,61,133],
[45,60,130],
[46,58,134],
[47,57,137],
[48,76,158],
[49,78,157],
[50,73,159],
[51,62,156],
[52,75,155],
[53,77,160],
[54,74,154],
[55,80,161],
[56,70,147]],

[[0,105,122],
[1,87,165],
[2,88,166],
[3,82,167],
[4,83,168],
[5,84,169],
[6,85,163],
[7,86,164],
[8,73,154],
[9,103,137],
[10,104,131],
[11,98,132],
[12,99,133],
[13,100,134],
[14,101,135],
[15,102,136],
[16,97,138],
[17,58,161],
[18,59,155],
[19,60,156],
[20,61,157],
[21,62,158],
[22,63,159],
[23,64,160],
[24,113,114],
[25,76,126],
[26,77,127],
[27,78,128],
[28,79,129],
[29,80,123],
[30,74,124],
[31,75,125],
[32,89,146],
[33,96,152],
[34,90,153],
[35,91,147],
[36,92,148],
[37,93,149],
[38,94,150],
[39,95,151],
[40,81,170],
[41,109,116],
[42,110,117],
[43,111,118],
[44,112,119],
[45,106,120],
[46,107,121],
[47,108,115],
[48,65,130],
[49,72,142],
[50,66,143],
[51,67,144],
[52,68,145],
[53,69,139],
[54,70,140],
[55,71,141],
[56,57,162]],

[[0,82,163],
[1,86,169],
[2,84,164],
[3,81,168],
[4,85,167],
[5,108,127],
[6,83,162],
[7,87,166],
[8,102,133],
[9,98,131],
[10,101,137],
[11,103,135],
[12,100,130],
[13,79,156],
[14,104,132],
[15,97,134],
[16,58,157],
[17,57,155],
[18,61,161],
[19,64,159],
[20,59,154],
[21,63,160],
[22,99,145],
[23,60,158],
[24,80,124],
[25,74,123],
[26,78,125],
[27,77,129],
[28,75,128],
[29,73,126],
[30,76,122],
[31,113,119],
[32,92,151],
[33,90,147],
[34,96,150],
[35,94,152],
[36,89,149],
[37,95,148],
[38,91,153],
[39,93,146],
[40,107,116],
[41,106,114],
[42,88,170],
[43,112,115],
[44,111,117],
[45,109,121],
[46,105,120],
[47,110,118],
[48,68,140],
[49,66,139],
[50,72,141],
[51,70,136],
[52,65,144],
[53,71,142],
[54,67,138],
[55,69,143],
[56,62,165]],

[[0,83,164],
[1,88,167],
[2,87,163],
[3,85,165],
[4,81,169],
[5,86,168],
[6,109,128],
[7,84,162],
[8,103,134],
[9,97,135],
[10,99,132],
[11,102,131],
[12,104,136],
[13,101,130],
[14,80,157],
[15,98,133],
[16,59,158],
[17,61,159],
[18,57,156],
[19,62,155],
[20,58,160],
[21,60,154],
[22,64,161],
[23,100,139],
[24,74,125],
[25,113,120],
[26,75,124],
[27,79,126],
[28,78,123],
[29,76,129],
[30,73,127],
[31,77,122],
[32,93,152],
[33,94,146],
[34,91,148],
[35,90,151],
[36,95,153],
[37,89,150],
[38,96,149],
[39,92,147],
[40,108,117],
[41,111,119],
[42,107,114],
[43,82,170],
[44,106,116],
[45,112,118],
[46,110,115],
[47,105,121],
[48,69,141],
[49,70,144],
[50,67,140],
[51,66,142],
[52,71,137],
[53,65,145],
[54,72,143],
[55,68,138],
[56,63,166]],

[[0,84,165],
[1,85,162],
[2,82,168],
[3,88,164],
[4,86,166],
[5,81,163],
[6,87,169],
[7,110,129],
[8,104,135],
[9,99,134],
[10,97,136],
[11,100,133],
[12,103,132],
[13,98,137],
[14,102,130],
[15,74,158],
[16,60,159],
[17,101,140],
[18,62,160],
[19,57,157],
[20,63,156],
[21,59,161],
[22,61,154],
[23,58,155],
[24,75,126],
[25,78,122],
[26,113,121],
[27,76,125],
[28,80,127],
[29,79,124],
[30,77,123],
[31,73,128],
[32,94,153],
[33,93,148],
[34,95,146],
[35,92,149],
[36,91,152],
[37,96,147],
[38,89,151],
[39,90,150],
[40,109,118],
[41,105,115],
[42,112,120],
[43,108,114],
[44,83,170],
[45,107,117],
[46,106,119],
[47,111,116],
[48,70,142],
[49,69,138],
[50,71,145],
[51,68,141],
[52,67,143],
[53,72,131],
[54,65,139],
[55,66,144],
[56,64,167]],

[[0,85,166],
[1,111,123],
[2,86,162],
[3,83,169],
[4,82,165],
[5,87,167],
[6,81,164],
[7,88,163],
[8,98,136],
[9,75,159],
[10,100,135],
[11,97,137],
[12,101,134],
[13,104,133],
[14,99,131],
[15,103,130],
[16,61,160],
[17,59,156],
[18,102,141],
[19,63,161],
[20,57,158],
[21,64,157],
[22,60,155],
[23,62,154],
[24,76,127],
[25,73,129],
[26,79,122],
[27,113,115],
[28,77,126],
[29,74,128],
[30,80,125],
[31,78,124],
[32,95,147],
[33,91,151],
[34,94,149],
[35,96,146],
[36,93,150],
[37,92,153],
[38,90,148],
[39,89,152],
[40,110,119],
[41,112,117],
[42,105,116],
[43,106,121],
[44,109,114],
[45,84,170],
[46,108,118],
[47,107,120],
[48,71,143],
[49,67,145],
[50,70,138],
[51,72,139],
[52,69,142],
[53,68,144],
[54,66,132],
[55,65,140],
[56,58,168]],

[[0,86,167],
[1,82,164],
[2,112,124],
[3,87,162],
[4,84,163],
[5,83,166],
[6,88,168],
[7,81,165],
[8,99,137],
[9,104,130],
[10,76,160],
[11,101,136],
[12,97,131],
[13,102,135],
[14,98,134],
[15,100,132],
[16,62,161],
[17,63,154],
[18,60,157],
[19,103,142],
[20,64,155],
[21,57,159],
[22,58,158],
[23,61,156],
[24,77,128],
[25,79,125],
[26,73,123],
[27,80,122],
[28,113,116],
[29,78,127],
[30,75,129],
[31,74,126],
[32,96,148],
[33,89,153],
[34,92,152],
[35,95,150],
[36,90,146],
[37,94,151],
[38,93,147],
[39,91,149],
[40,111,120],
[41,108,121],
[42,106,118],
[43,105,117],
[44,107,115],
[45,110,114],
[46,85,170],
[47,109,119],
[48,72,144],
[49,65,141],
[50,68,139],
[51,71,138],
[52,66,140],
[53,70,143],
[54,69,145],
[55,67,133],
[56,59,169]],

[[0,87,168],
[1,81,166],
[2,83,165],
[3,106,125],
[4,88,162],
[5,85,164],
[6,84,167],
[7,82,169],
[8,100,131],
[9,101,133],
[10,98,130],
[11,77,161],
[12,102,137],
[13,97,132],
[14,103,136],
[15,99,135],
[16,63,155],
[17,62,157],
[18,64,154],
[19,61,158],
[20,104,143],
[21,58,156],
[22,57,160],
[23,59,159],
[24,78,129],
[25,75,127],
[26,80,126],
[27,73,124],
[28,74,122],
[29,113,117],
[30,79,128],
[31,76,123],
[32,90,149],
[33,92,150],
[34,89,147],
[35,93,153],
[36,96,151],
[37,91,146],
[38,95,152],
[39,94,148],
[40,112,121],
[41,110,120],
[42,109,115],
[43,107,119],
[44,105,118],
[45,108,116],
[46,111,114],
[47,86,170],
[48,66,145],
[49,68,134],
[50,65,142],
[51,69,140],
[52,72,138],
[53,67,141],
[54,71,144],
[55,70,139],
[56,60,163]],

[[0,88,169],
[1,83,163],
[2,81,167],
[3,84,166],
[4,107,126],
[5,82,162],
[6,86,165],
[7,85,168],
[8,101,132],
[9,100,136],
[10,102,134],
[11,99,130],
[12,78,155],
[13,103,131],
[14,97,133],
[15,104,137],
[16,64,156],
[17,60,160],
[18,63,158],
[19,58,154],
[20,62,159],
[21,98,144],
[22,59,157],
[23,57,161],
[24,79,123],
[25,77,124],
[26,76,128],
[27,74,127],
[28,73,125],
[29,75,122],
[30,113,118],
[31,80,129],
[32,91,150],
[33,95,149],
[34,93,151],
[35,89,148],
[36,94,147],
[37,90,152],
[38,92,146],
[39,96,153],
[40,106,115],
[41,87,170],
[42,111,121],
[43,110,116],
[44,108,120],
[45,105,119],
[46,109,117],
[47,112,114],
[48,67,139],
[49,71,140],
[50,69,135],
[51,65,143],
[52,70,141],
[53,66,138],
[54,68,142],
[55,72,145],
[56,61,164]],

[[0,113,130],
[1,76,153],
[2,77,147],
[3,78,148],
[4,79,149],
[5,80,150],
[6,74,151],
[7,75,152],
[8,57,170],
[9,91,117],
[10,92,118],
[11,93,119],
[12,94,120],
[13,95,121],
[14,96,115],
[15,90,116],
[16,81,162],
[17,111,145],
[18,112,139],
[19,106,140],
[20,107,141],
[21,108,142],
[22,109,143],
[23,110,144],
[24,105,146],
[25,70,169],
[26,71,163],
[27,72,164],
[28,66,165],
[29,67,166],
[30,68,167],
[31,69,168],
[32,65,114],
[33,84,134],
[34,85,135],
[35,86,136],
[36,87,137],
[37,88,131],
[38,82,132],
[39,83,133],
[40,97,154],
[41,104,160],
[42,98,161],
[43,99,155],
[44,100,156],
[45,101,157],
[46,102,158],
[47,103,159],
[48,89,122],
[49,58,128],
[50,59,129],
[51,60,123],
[52,61,124],
[53,62,125],
[54,63,126],
[55,64,127],
[56,73,138]],

[[0,74,147],
[1,80,149],
[2,75,146],
[3,79,150],
[4,113,135],
[5,76,148],
[6,73,152],
[7,77,151],
[8,93,117],
[9,90,114],
[10,95,120],
[11,89,116],
[12,61,170],
[13,92,115],
[14,94,121],
[15,91,119],
[16,110,141],
[17,106,139],
[18,109,145],
[19,111,143],
[20,108,138],
[21,87,164],
[22,112,140],
[23,105,142],
[24,71,165],
[25,66,163],
[26,65,169],
[27,67,167],
[28,70,162],
[29,72,168],
[30,107,153],
[31,68,166],
[32,88,132],
[33,82,131],
[34,86,133],
[35,85,137],
[36,83,136],
[37,81,134],
[38,84,130],
[39,69,118],
[40,100,159],
[41,98,155],
[42,104,158],
[43,102,160],
[44,97,157],
[45,103,156],
[46,99,161],
[47,101,154],
[48,58,127],
[49,57,123],
[50,96,126],
[51,64,128],
[52,59,125],
[53,63,124],
[54,62,129],
[55,60,122],
[56,78,144]],

[[0,75,148],
[1,78,152],
[2,74,150],
[3,76,146],
[4,80,151],
[5,113,136],
[6,77,149],
[7,73,153],
[8,94,118],
[9,92,120],
[10,91,114],
[11,96,121],
[12,89,117],
[13,62,170],
[14,93,116],
[15,95,115],
[16,111,142],
[17,105,143],
[18,107,140],
[19,110,139],
[20,112,144],
[21,109,138],
[22,88,165],
[23,106,141],
[24,72,166],
[25,69,167],
[26,67,164],
[27,65,163],
[28,68,168],
[29,71,162],
[30,66,169],
[31,108,147],
[32,82,133],
[33,70,119],
[34,83,132],
[35,87,134],
[36,86,131],
[37,84,137],
[38,81,135],
[39,85,130],
[40,101,160],
[41,102,154],
[42,99,156],
[43,98,159],
[44,103,161],
[45,97,158],
[46,104,157],
[47,100,155],
[48,59,128],
[49,61,122],
[50,57,124],
[51,90,127],
[52,58,129],
[53,60,126],
[54,64,125],
[55,63,123],
[56,79,145]],

[[0,76,149],
[1,73,147],
[2,79,153],
[3,75,151],
[4,77,146],
[5,74,152],
[6,113,137],
[7,78,150],
[8,95,119],
[9,96,116],
[10,93,121],
[11,92,114],
[12,90,115],
[13,89,118],
[14,63,170],
[15,94,117],
[16,112,143],
[17,107,142],
[18,105,144],
[19,108,141],
[20,111,140],
[21,106,145],
[22,110,138],
[23,82,166],
[24,66,167],
[25,109,148],
[26,70,168],
[27,68,165],
[28,65,164],
[29,69,169],
[30,72,162],
[31,67,163],
[32,83,134],
[33,86,130],
[34,71,120],
[35,84,133],
[36,88,135],
[37,87,132],
[38,85,131],
[39,81,136],
[40,102,161],
[41,101,156],
[42,103,154],
[43,100,157],
[44,99,160],
[45,104,155],
[46,97,159],
[47,98,158],
[48,60,129],
[49,64,124],
[50,62,122],
[51,57,125],
[52,91,128],
[53,59,123],
[54,61,127],
[55,58,126],
[56,80,139]],

[[0,77,150],
[1,79,151],
[2,73,148],
[3,80,147],
[4,76,152],
[5,78,146],
[6,75,153],
[7,113,131],
[8,96,120],
[9,95,118],
[10,90,117],
[11,94,115],
[12,93,114],
[13,91,116],
[14,89,119],
[15,64,170],
[16,106,144],
[17,83,167],
[18,108,143],
[19,105,145],
[20,109,142],
[21,112,141],
[22,107,139],
[23,111,138],
[24,67,168],
[25,68,164],
[26,110,149],
[27,71,169],
[28,69,166],
[29,65,165],
[30,70,163],
[31,66,162],
[32,84,135],
[33,81,137],
[34,87,130],
[35,72,121],
[36,85,134],
[37,82,136],
[38,88,133],
[39,86,132],
[40,103,155],
[41,99,159],
[42,102,157],
[43,104,154],
[44,101,158],
[45,100,161],
[46,98,156],
[47,97,160],
[48,61,123],
[49,59,127],
[50,58,125],
[51,63,122],
[52,57,126],
[53,92,129],
[54,60,124],
[55,62,128],
[56,74,140]],

[[0,78,151],
[1,113,132],
[2,80,152],
[3,73,149],
[4,74,148],
[5,77,153],
[6,79,146],
[7,76,147],
[8,90,121],
[9,58,170],
[10,96,119],
[11,91,118],
[12,95,116],
[13,94,114],
[14,92,117],
[15,89,120],
[16,107,145],
[17,112,138],
[18,84,168],
[19,109,144],
[20,105,139],
[21,110,143],
[22,106,142],
[23,108,140],
[24,68,169],
[25,67,162],
[26,69,165],
[27,111,150],
[28,72,163],
[29,70,167],
[30,65,166],
[31,71,164],
[32,85,136],
[33,87,133],
[34,81,131],
[35,88,130],
[36,66,115],
[37,86,135],
[38,83,137],
[39,82,134],
[40,104,156],
[41,97,161],
[42,100,160],
[43,103,158],
[44,98,154],
[45,102,159],
[46,101,155],
[47,99,157],
[48,62,124],
[49,63,129],
[50,60,128],
[51,59,126],
[52,64,122],
[53,57,127],
[54,93,123],
[55,61,125],
[56,75,141]],

[[0,79,152],
[1,77,148],
[2,113,133],
[3,74,153],
[4,73,150],
[5,75,149],
[6,78,147],
[7,80,146],
[8,91,115],
[9,89,121],
[10,59,170],
[11,90,120],
[12,92,119],
[13,96,117],
[14,95,114],
[15,93,118],
[16,108,139],
[17,109,141],
[18,106,138],
[19,85,169],
[20,110,145],
[21,105,140],
[22,111,144],
[23,107,143],
[24,69,163],
[25,72,165],
[26,68,162],
[27,70,166],
[28,112,151],
[29,66,164],
[30,71,168],
[31,65,167],
[32,86,137],
[33,83,135],
[34,88,134],
[35,81,132],
[36,82,130],
[37,67,116],
[38,87,136],
[39,84,131],
[40,98,157],
[41,100,158],
[42,97,155],
[43,101,161],
[44,104,159],
[45,99,154],
[46,103,160],
[47,102,156],
[48,63,125],
[49,62,126],
[50,64,123],
[51,61,129],
[52,60,127],
[53,58,122],
[54,57,128],
[55,94,124],
[56,76,142]],

[[0,80,153],
[1,74,146],
[2,78,149],
[3,113,134],
[4,75,147],
[5,73,151],
[6,76,150],
[7,79,148],
[8,92,116],
[9,94,119],
[10,89,115],
[11,60,170],
[12,91,121],
[13,93,120],
[14,90,118],
[15,96,114],
[16,109,140],
[17,108,144],
[18,110,142],
[19,107,138],
[20,86,163],
[21,111,139],
[22,105,141],
[23,112,145],
[24,70,164],
[25,65,168],
[26,66,166],
[27,69,162],
[28,71,167],
[29,106,152],
[30,67,165],
[31,72,169],
[32,87,131],
[33,85,132],
[34,84,136],
[35,82,135],
[36,81,133],
[37,83,130],
[38,68,117],
[39,88,137],
[40,99,158],
[41,103,157],
[42,101,159],
[43,97,156],
[44,102,155],
[45,98,160],
[46,100,154],
[47,104,161],
[48,64,126],
[49,95,125],
[50,63,127],
[51,58,124],
[52,62,123],
[53,61,128],
[54,59,122],
[55,57,129],
[56,77,143]],

[[0,65,138],
[1,70,137],
[2,71,131],
[3,72,132],
[4,66,133],
[5,67,134],
[6,68,135],
[7,69,136],
[8,81,146],
[9,88,158],
[10,82,159],
[11,83,160],
[12,84,161],
[13,85,155],
[14,86,156],
[15,87,157],
[16,57,122],
[17,99,128],
[18,100,129],
[19,101,123],
[20,102,124],
[21,103,125],
[22,104,126],
[23,98,127],
[24,89,170],
[25,62,153],
[26,63,147],
[27,64,148],
[28,58,149],
[29,59,150],
[30,60,151],
[31,61,152],
[32,113,154],
[33,78,120],
[34,79,121],
[35,80,115],
[36,74,116],
[37,75,117],
[38,76,118],
[39,77,119],
[40,73,114],
[41,92,142],
[42,93,143],
[43,94,144],
[44,95,145],
[45,96,139],
[46,90,140],
[47,91,141],
[48,105,162],
[49,112,168],
[50,106,169],
[51,107,163],
[52,108,164],
[53,109,165],
[54,110,166],
[55,111,167],
[56,97,130]],

[[0,66,131],
[1,71,133],
[2,70,130],
[3,68,143],
[4,65,137],
[5,69,132],
[6,72,136],
[7,67,135],
[8,84,156],
[9,82,155],
[10,88,157],
[11,86,152],
[12,81,160],
[13,87,158],
[14,83,154],
[15,85,159],
[16,101,127],
[17,98,123],
[18,103,126],
[19,97,128],
[20,60,125],
[21,100,124],
[22,102,129],
[23,99,122],
[24,62,149],
[25,57,147],
[26,58,153],
[27,61,151],
[28,63,146],
[29,95,170],
[30,59,148],
[31,64,150],
[32,79,120],
[33,74,114],
[34,73,116],
[35,75,119],
[36,78,121],
[37,80,118],
[38,113,161],
[39,76,115],
[40,96,140],
[41,90,139],
[42,94,141],
[43,93,145],
[44,91,144],
[45,89,142],
[46,92,138],
[47,77,117],
[48,108,167],
[49,106,163],
[50,112,166],
[51,110,168],
[52,105,165],
[53,111,164],
[54,107,169],
[55,109,162],
[56,104,134]],

[[0,67,132],
[1,68,136],
[2,72,134],
[3,71,130],
[4,69,144],
[5,65,131],
[6,70,133],
[7,66,137],
[8,85,157],
[9,86,160],
[10,83,156],
[11,82,158],
[12,87,153],
[13,81,161],
[14,88,159],
[15,84,154],
[16,102,128],
[17,100,122],
[18,99,124],
[19,104,127],
[20,97,129],
[21,61,126],
[22,101,125],
[23,103,123],
[24,63,150],
[25,58,151],
[26,57,148],
[27,59,147],
[28,62,152],
[29,64,146],
[30,96,170],
[31,60,149],
[32,80,121],
[33,77,116],
[34,75,114],
[35,73,117],
[36,76,120],
[37,79,115],
[38,74,119],
[39,113,155],
[40,90,141],
[41,78,118],
[42,91,140],
[43,95,142],
[44,94,139],
[45,92,145],
[46,89,143],
[47,93,138],
[48,109,168],
[49,110,162],
[50,107,164],
[51,106,167],
[52,111,169],
[53,105,166],
[54,112,165],
[55,108,163],
[56,98,135]],

[[0,68,133],
[1,67,131],
[2,69,137],
[3,66,135],
[4,72,130],
[5,70,145],
[6,65,132],
[7,71,134],
[8,86,158],
[9,85,154],
[10,87,161],
[11,84,157],
[12,83,159],
[13,88,147],
[14,81,155],
[15,82,160],
[16,103,129],
[17,104,124],
[18,101,122],
[19,100,125],
[20,98,128],
[21,97,123],
[22,62,127],
[23,102,126],
[24,64,151],
[25,61,150],
[26,59,152],
[27,57,149],
[28,60,148],
[29,63,153],
[30,58,146],
[31,90,170],
[32,74,115],
[33,113,156],
[34,78,117],
[35,76,114],
[36,73,118],
[37,77,121],
[38,80,116],
[39,75,120],
[40,91,142],
[41,94,138],
[42,79,119],
[43,92,141],
[44,96,143],
[45,95,140],
[46,93,139],
[47,89,144],
[48,110,169],
[49,109,164],
[50,111,162],
[51,108,165],
[52,107,168],
[53,112,163],
[54,105,167],
[55,106,166],
[56,99,136]],

[[0,69,134],
[1,72,135],
[2,68,132],
[3,70,131],
[4,67,136],
[5,66,130],
[6,71,139],
[7,65,133],
[8,87,159],
[9,83,161],
[10,86,154],
[11,88,155],
[12,85,158],
[13,84,160],
[14,82,148],
[15,81,156],
[16,104,123],
[17,103,127],
[18,98,125],
[19,102,122],
[20,101,126],
[21,99,129],
[22,97,124],
[23,63,128],
[24,58,152],
[25,91,170],
[26,62,151],
[27,60,153],
[28,57,150],
[29,61,149],
[30,64,147],
[31,59,146],
[32,75,116],
[33,76,121],
[34,113,157],
[35,79,118],
[36,77,114],
[37,73,119],
[38,78,115],
[39,74,117],
[40,92,143],
[41,89,145],
[42,95,138],
[43,80,120],
[44,93,142],
[45,90,144],
[46,96,141],
[47,94,140],
[48,111,163],
[49,107,167],
[50,110,165],
[51,112,162],
[52,109,166],
[53,108,169],
[54,106,164],
[55,105,168],
[56,100,137]],

[[0,70,135],
[1,65,134],
[2,66,136],
[3,69,133],
[4,71,132],
[5,68,137],
[6,67,130],
[7,72,140],
[8,88,160],
[9,81,157],
[10,84,155],
[11,87,154],
[12,82,156],
[13,86,159],
[14,85,161],
[15,83,149],
[16,98,124],
[17,64,129],
[18,104,128],
[19,99,126],
[20,103,122],
[21,102,127],
[22,100,123],
[23,97,125],
[24,59,153],
[25,60,146],
[26,92,170],
[27,63,152],
[28,61,147],
[29,57,151],
[30,62,150],
[31,58,148],
[32,76,117],
[33,75,118],
[34,77,115],
[35,113,158],
[36,80,119],
[37,78,114],
[38,73,120],
[39,79,116],
[40,93,144],
[41,95,141],
[42,89,139],
[43,96,138],
[44,74,121],
[45,94,143],
[46,91,145],
[47,90,142],
[48,112,164],
[49,105,169],
[50,108,168],
[51,111,166],
[52,106,162],
[53,110,167],
[54,109,163],
[55,107,165],
[56,101,131]],

[[0,71,136],
[1,66,141],
[2,65,135],
[3,67,137],
[4,70,134],
[5,72,133],
[6,69,131],
[7,68,130],
[8,82,161],
[9,84,150],
[10,81,158],
[11,85,156],
[12,88,154],
[13,83,157],
[14,87,160],
[15,86,155],
[16,99,125],
[17,97,126],
[18,58,123],
[19,98,129],
[20,100,127],
[21,104,122],
[22,103,128],
[23,101,124],
[24,60,147],
[25,59,149],
[26,61,146],
[27,93,170],
[28,64,153],
[29,62,148],
[30,57,152],
[31,63,151],
[32,77,118],
[33,80,117],
[34,76,119],
[35,78,116],
[36,113,159],
[37,74,120],
[38,79,114],
[39,73,121],
[40,94,145],
[41,91,143],
[42,96,142],
[43,89,140],
[44,90,138],
[45,75,115],
[46,95,144],
[47,92,139],
[48,106,165],
[49,108,166],
[50,105,163],
[51,109,169],
[52,112,167],
[53,107,162],
[54,111,168],
[55,110,164],
[56,102,132]],

[[0,72,137],
[1,69,130],
[2,67,142],
[3,65,136],
[4,68,131],
[5,71,135],
[6,66,134],
[7,70,132],
[8,83,155],
[9,87,156],
[10,85,151],
[11,81,159],
[12,86,157],
[13,82,154],
[14,84,158],
[15,88,161],
[16,100,126],
[17,102,125],
[18,97,127],
[19,59,124],
[20,99,123],
[21,101,128],
[22,98,122],
[23,104,129],
[24,61,148],
[25,64,152],
[26,60,150],
[27,62,146],
[28,94,170],
[29,58,147],
[30,63,149],
[31,57,153],
[32,78,119],
[33,73,115],
[34,74,118],
[35,77,120],
[36,79,117],
[37,113,160],
[38,75,121],
[39,80,114],
[40,95,139],
[41,93,140],
[42,92,144],
[43,90,143],
[44,89,141],
[45,91,138],
[46,76,116],
[47,96,145],
[48,107,166],
[49,111,165],
[50,109,167],
[51,105,164],
[52,110,163],
[53,106,168],
[54,108,162],
[55,112,169],
[56,103,133]],

[[0,73,146],
[1,75,150],
[2,76,151],
[3,77,152],
[4,78,153],
[5,79,147],
[6,80,148],
[7,74,149],
[8,105,138],
[9,111,141],
[10,112,142],
[11,106,143],
[12,107,144],
[13,108,145],
[14,109,139],
[15,110,140],
[16,89,154],
[17,92,158],
[18,93,159],
[19,94,160],
[20,95,161],
[21,96,155],
[22,90,156],
[23,91,157],
[24,57,130],
[25,63,137],
[26,64,131],
[27,58,132],
[28,59,133],
[29,60,134],
[30,61,135],
[31,62,136],
[32,97,122],
[33,99,127],
[34,100,128],
[35,101,129],
[36,102,123],
[37,103,124],
[38,104,125],
[39,98,126],
[40,65,162],
[41,69,164],
[42,70,165],
[43,71,166],
[44,72,167],
[45,66,168],
[46,67,169],
[47,68,163],
[48,81,114],
[49,86,117],
[50,87,118],
[51,88,119],
[52,82,120],
[53,83,121],
[54,84,115],
[55,85,116],
[56,113,170]],

[[0,19,38],
[1,7,11],
[2,3,14],
[4,6,9],
[20,26,30],
[21,22,33],
[23,25,28],
[39,45,49],
[40,41,52],
[42,44,47],
[8,37,50],
[16,36,43],
[13,34,48],
[18,31,46],
[17,24,54],
[15,29,51],
[12,27,56],
[5,35,55],
[10,32,53],
[57,76,95],
[58,64,68],
[59,60,71],
[61,63,66],
[77,83,87],
[78,79,90],
[80,82,85],
[96,102,106],
[97,98,109],
[99,101,104],
[65,94,107],
[73,93,100],
[70,91,105],
[75,88,103],
[74,81,111],
[72,86,108],
[69,84,113],
[62,92,112],
[67,89,110],
[114,133,152],
[115,121,125],
[116,117,128],
[118,120,123],
[134,140,144],
[135,136,147],
[137,139,142],
[153,159,163],
[154,155,166],
[156,158,161],
[122,151,164],
[130,150,157],
[127,148,162],
[132,145,160],
[131,138,168],
[129,143,165],
[126,141,170],
[119,149,169],
[124,146,167]],

[[1,20,39],
[2,8,12],
[3,4,15],
[5,7,10],
[21,27,31],
[22,23,34],
[24,26,29],
[40,46,50],
[41,42,53],
[43,45,48],
[9,19,51],
[17,37,44],
[14,35,49],
[0,32,47],
[18,25,55],
[16,30,52],
[13,28,38],
[6,36,56],
[11,33,54],
[58,77,96],
[59,65,69],
[60,61,72],
[62,64,67],
[78,84,88],
[79,80,91],
[81,83,86],
[97,103,107],
[98,99,110],
[100,102,105],
[66,76,108],
[74,94,101],
[71,92,106],
[57,89,104],
[75,82,112],
[73,87,109],
[70,85,95],
[63,93,113],
[68,90,111],
[115,134,153],
[116,122,126],
[117,118,129],
[119,121,124],
[135,141,145],
[136,137,148],
[138,140,143],
[154,160,164],
[155,156,167],
[157,159,162],
[123,133,165],
[131,151,158],
[128,149,163],
[114,146,161],
[132,139,169],
[130,144,166],
[127,142,152],
[120,150,170],
[125,147,168]],

[[2,21,40],
[3,9,13],
[4,5,16],
[6,8,11],
[22,28,32],
[23,24,35],
[25,27,30],
[41,47,51],
[42,43,54],
[44,46,49],
[10,20,52],
[18,19,45],
[15,36,50],
[1,33,48],
[0,26,56],
[17,31,53],
[14,29,39],
[7,37,38],
[12,34,55],
[59,78,97],
[60,66,70],
[61,62,73],
[63,65,68],
[79,85,89],
[80,81,92],
[82,84,87],
[98,104,108],
[99,100,111],
[101,103,106],
[67,77,109],
[75,76,102],
[72,93,107],
[58,90,105],
[57,83,113],
[74,88,110],
[71,86,96],
[64,94,95],
[69,91,112],
[116,135,154],
[117,123,127],
[118,119,130],
[120,122,125],
[136,142,146],
[137,138,149],
[139,141,144],
[155,161,165],
[156,157,168],
[158,160,163],
[124,134,166],
[132,133,159],
[129,150,164],
[115,147,162],
[114,140,170],
[131,145,167],
[128,143,153],
[121,151,152],
[126,148,169]],

[[4,23,42],
[5,11,15],
[6,7,18],
[8,10,13],
[24,30,34],
[25,26,37],
[27,29,32],
[43,49,53],
[44,45,56],
[46,48,51],
[12,22,54],
[1,21,47],
[17,19,52],
[3,35,50],
[2,28,39],
[0,33,55],
[16,31,41],
[9,20,40],
[14,36,38],
[61,80,99],
[62,68,72],
[63,64,75],
[65,67,70],
[81,87,91],
[82,83,94],
[84,86,89],
[100,106,110],
[101,102,113],
[103,105,108],
[69,79,111],
[58,78,104],
[74,76,109],
[60,92,107],
[59,85,96],
[57,90,112],
[73,88,98],
[66,77,97],
[71,93,95],
[118,137,156],
[119,125,129],
[120,121,132],
[122,124,127],
[138,144,148],
[139,140,151],
[141,143,146],
[157,163,167],
[158,159,170],
[160,162,165],
[126,136,168],
[115,135,161],
[131,133,166],
[117,149,164],
[116,142,153],
[114,147,169],
[130,145,155],
[123,134,154],
[128,150,152]],

[[8,27,46],
[0,9,15],
[3,10,11],
[12,14,17],
[19,28,34],
[22,29,30],
[31,33,36],
[38,47,53],
[41,48,49],
[50,52,55],
[16,26,39],
[5,25,51],
[2,23,56],
[7,20,54],
[6,32,43],
[4,37,40],
[1,35,45],
[13,24,44],
[18,21,42],
[65,84,103],
[57,66,72],
[60,67,68],
[69,71,74],
[76,85,91],
[79,86,87],
[88,90,93],
[95,104,110],
[98,105,106],
[107,109,112],
[73,83,96],
[62,82,108],
[59,80,113],
[64,77,111],
[63,89,100],
[61,94,97],
[58,92,102],
[70,81,101],
[75,78,99],
[122,141,160],
[114,123,129],
[117,124,125],
[126,128,131],
[133,142,148],
[136,143,144],
[145,147,150],
[152,161,167],
[155,162,163],
[164,166,169],
[130,140,153],
[119,139,165],
[116,137,170],
[121,134,168],
[120,146,157],
[118,151,154],
[115,149,159],
[127,138,158],
[132,135,156]],

[[16,35,54],
[4,8,17],
[0,11,18],
[1,3,6],
[23,27,36],
[19,30,37],
[20,22,25],
[42,46,55],
[38,49,56],
[39,41,44],
[5,34,47],
[13,33,40],
[10,31,45],
[15,28,43],
[14,21,51],
[12,26,48],
[9,24,53],
[2,32,52],
[7,29,50],
[73,92,111],
[61,65,74],
[57,68,75],
[58,60,63],
[80,84,93],
[76,87,94],
[77,79,82],
[99,103,112],
[95,106,113],
[96,98,101],
[62,91,104],
[70,90,97],
[67,88,102],
[72,85,100],
[71,78,108],
[69,83,105],
[66,81,110],
[59,89,109],
[64,86,107],
[130,149,168],
[118,122,131],
[114,125,132],
[115,117,120],
[137,141,150],
[133,144,151],
[134,136,139],
[156,160,169],
[152,163,170],
[153,155,158],
[119,148,161],
[127,147,154],
[124,145,159],
[129,142,157],
[128,135,165],
[126,140,162],
[123,138,167],
[116,146,166],
[121,143,164]],

[[13,32,51],
[1,5,14],
[8,15,16],
[0,3,17],
[20,24,33],
[27,34,35],
[19,22,36],
[39,43,52],
[46,53,54],
[38,41,55],
[2,31,44],
[10,30,56],
[7,28,42],
[12,25,40],
[11,37,48],
[9,23,45],
[6,21,50],
[18,29,49],
[4,26,47],
[70,89,108],
[58,62,71],
[65,72,73],
[57,60,74],
[77,81,90],
[84,91,92],
[76,79,93],
[96,100,109],
[103,110,111],
[95,98,112],
[59,88,101],
[67,87,113],
[64,85,99],
[69,82,97],
[68,94,105],
[66,80,102],
[63,78,107],
[75,86,106],
[61,83,104],
[127,146,165],
[115,119,128],
[122,129,130],
[114,117,131],
[134,138,147],
[141,148,149],
[133,136,150],
[153,157,166],
[160,167,168],
[152,155,169],
[116,145,158],
[124,144,170],
[121,142,156],
[126,139,154],
[125,151,162],
[123,137,159],
[120,135,164],
[132,143,163],
[118,140,161]],

[[7,26,45],
[8,14,18],
[2,9,10],
[11,13,16],
[27,33,37],
[21,28,29],
[30,32,35],
[46,52,56],
[40,47,48],
[49,51,54],
[15,25,38],
[4,24,50],
[1,22,55],
[6,19,53],
[5,31,42],
[3,36,39],
[0,34,44],
[12,23,43],
[17,20,41],
[64,83,102],
[65,71,75],
[59,66,67],
[68,70,73],
[84,90,94],
[78,85,86],
[87,89,92],
[103,109,113],
[97,104,105],
[106,108,111],
[72,82,95],
[61,81,107],
[58,79,112],
[63,76,110],
[62,88,99],
[60,93,96],
[57,91,101],
[69,80,100],
[74,77,98],
[121,140,159],
[122,128,132],
[116,123,124],
[125,127,130],
[141,147,151],
[135,142,143],
[144,146,149],
[160,166,170],
[154,161,162],
[163,165,168],
[129,139,152],
[118,138,164],
[115,136,169],
[120,133,167],
[119,145,156],
[117,150,153],
[114,148,158],
[126,137,157],
[131,134,155]],

[[14,33,52],
[2,6,15],
[9,16,17],
[1,4,18],
[21,25,34],
[28,35,36],
[20,23,37],
[40,44,53],
[47,54,55],
[39,42,56],
[3,32,45],
[11,31,38],
[8,29,43],
[13,26,41],
[12,19,49],
[10,24,46],
[7,22,51],
[0,30,50],
[5,27,48],
[71,90,109],
[59,63,72],
[66,73,74],
[58,61,75],
[78,82,91],
[85,92,93],
[77,80,94],
[97,101,110],
[104,111,112],
[96,99,113],
[60,89,102],
[68,88,95],
[65,86,100],
[70,83,98],
[69,76,106],
[67,81,103],
[64,79,108],
[57,87,107],
[62,84,105],
[128,147,166],
[116,120,129],
[123,130,131],
[115,118,132],
[135,139,148],
[142,149,150],
[134,137,151],
[154,158,167],
[161,168,169],
[153,156,170],
[117,146,159],
[125,145,152],
[122,143,157],
[127,140,155],
[126,133,163],
[124,138,160],
[121,136,165],
[114,144,164],
[119,141,162]],

[[9,28,47],
[1,10,16],
[4,11,12],
[13,15,18],
[20,29,35],
[23,30,31],
[32,34,37],
[39,48,54],
[42,49,50],
[51,53,56],
[17,27,40],
[6,26,52],
[3,24,38],
[8,21,55],
[7,33,44],
[5,19,41],
[2,36,46],
[14,25,45],
[0,22,43],
[66,85,104],
[58,67,73],
[61,68,69],
[70,72,75],
[77,86,92],
[80,87,88],
[89,91,94],
[96,105,111],
[99,106,107],
[108,110,113],
[74,84,97],
[63,83,109],
[60,81,95],
[65,78,112],
[64,90,101],
[62,76,98],
[59,93,103],
[71,82,102],
[57,79,100],
[123,142,161],
[115,124,130],
[118,125,126],
[127,129,132],
[134,143,149],
[137,144,145],
[146,148,151],
[153,162,168],
[156,163,164],
[165,167,170],
[131,141,154],
[120,140,166],
[117,138,152],
[122,135,169],
[121,147,158],
[119,133,155],
[116,150,160],
[128,139,159],
[114,136,157]],

[[18,37,56],
[0,6,10],
[1,2,13],
[3,5,8],
[19,25,29],
[20,21,32],
[22,24,27],
[38,44,48],
[39,40,51],
[41,43,46],
[7,36,49],
[15,35,42],
[12,33,47],
[17,30,45],
[16,23,53],
[14,28,50],
[11,26,55],
[4,34,54],
[9,31,52],
[75,94,113],
[57,63,67],
[58,59,70],
[60,62,65],
[76,82,86],
[77,78,89],
[79,81,84],
[95,101,105],
[96,97,108],
[98,100,103],
[64,93,106],
[72,92,99],
[69,90,104],
[74,87,102],
[73,80,110],
[71,85,107],
[68,83,112],
[61,91,111],
[66,88,109],
[132,151,170],
[114,120,124],
[115,116,127],
[117,119,122],
[133,139,143],
[134,135,146],
[136,138,141],
[152,158,162],
[153,154,165],
[155,157,160],
[121,150,163],
[129,149,156],
[126,147,161],
[131,144,159],
[130,137,167],
[128,142,164],
[125,140,169],
[118,148,168],
[123,145,166]],

[[17,36,55],
[5,9,18],
[0,1,12],
[2,4,7],
[24,28,37],
[19,20,31],
[21,23,26],
[43,47,56],
[38,39,50],
[40,42,45],
[6,35,48],
[14,34,41],
[11,32,46],
[16,29,44],
[15,22,52],
[13,27,49],
[10,25,54],
[3,33,53],
[8,30,51],
[74,93,112],
[62,66,75],
[57,58,69],
[59,61,64],
[81,85,94],
[76,77,88],
[78,80,83],
[100,104,113],
[95,96,107],
[97,99,102],
[63,92,105],
[71,91,98],
[68,89,103],
[73,86,101],
[72,79,109],
[70,84,106],
[67,82,111],
[60,90,110],
[65,87,108],
[131,150,169],
[119,123,132],
[114,115,126],
[116,118,121],
[138,142,151],
[133,134,145],
[135,137,140],
[157,161,170],
[152,153,164],
[154,156,159],
[120,149,162],
[128,148,155],
[125,146,160],
[130,143,158],
[129,136,166],
[127,141,163],
[124,139,168],
[117,147,167],
[122,144,165]],

[[15,34,53],
[3,7,16],
[10,17,18],
[0,2,5],
[22,26,35],
[29,36,37],
[19,21,24],
[41,45,54],
[48,55,56],
[38,40,43],
[4,33,46],
[12,32,39],
[9,30,44],
[14,27,42],
[13,20,50],
[11,25,47],
[8,23,52],
[1,31,51],
[6,28,49],
[72,91,110],
[60,64,73],
[67,74,75],
[57,59,62],
[79,83,92],
[86,93,94],
[76,78,81],
[98,102,111],
[105,112,113],
[95,97,100],
[61,90,103],
[69,89,96],
[66,87,101],
[71,84,99],
[70,77,107],
[68,82,104],
[65,80,109],
[58,88,108],
[63,85,106],
[129,148,167],
[117,121,130],
[124,131,132],
[114,116,119],
[136,140,149],
[143,150,151],
[133,135,138],
[155,159,168],
[162,169,170],
[152,154,157],
[118,147,160],
[126,146,153],
[123,144,158],
[128,141,156],
[127,134,164],
[125,139,161],
[122,137,166],
[115,145,165],
[120,142,163]],

[[11,30,49],
[3,12,18],
[6,13,14],
[1,15,17],
[22,31,37],
[25,32,33],
[20,34,36],
[41,50,56],
[44,51,52],
[39,53,55],
[0,29,42],
[8,28,54],
[5,26,40],
[10,23,38],
[9,35,46],
[7,21,43],
[4,19,48],
[16,27,47],
[2,24,45],
[68,87,106],
[60,69,75],
[63,70,71],
[58,72,74],
[79,88,94],
[82,89,90],
[77,91,93],
[98,107,113],
[101,108,109],
[96,110,112],
[57,86,99],
[65,85,111],
[62,83,97],
[67,80,95],
[66,92,103],
[64,78,100],
[61,76,105],
[73,84,104],
[59,81,102],
[125,144,163],
[117,126,132],
[120,127,128],
[115,129,131],
[136,145,151],
[139,146,147],
[134,148,150],
[155,164,170],
[158,165,166],
[153,167,169],
[114,143,156],
[122,142,168],
[119,140,154],
[124,137,152],
[123,149,160],
[121,135,157],
[118,133,162],
[130,141,161],
[116,138,159]],

[[3,22,41],
[4,10,14],
[5,6,17],
[7,9,12],
[23,29,33],
[24,25,36],
[26,28,31],
[42,48,52],
[43,44,55],
[45,47,50],
[11,21,53],
[0,20,46],
[16,37,51],
[2,34,49],
[1,27,38],
[18,32,54],
[15,30,40],
[8,19,39],
[13,35,56],
[60,79,98],
[61,67,71],
[62,63,74],
[64,66,69],
[80,86,90],
[81,82,93],
[83,85,88],
[99,105,109],
[100,101,112],
[102,104,107],
[68,78,110],
[57,77,103],
[73,94,108],
[59,91,106],
[58,84,95],
[75,89,111],
[72,87,97],
[65,76,96],
[70,92,113],
[117,136,155],
[118,124,128],
[119,120,131],
[121,123,126],
[137,143,147],
[138,139,150],
[140,142,145],
[156,162,166],
[157,158,169],
[159,161,164],
[125,135,167],
[114,134,160],
[130,151,165],
[116,148,163],
[115,141,152],
[132,146,168],
[129,144,154],
[122,133,153],
[127,149,170]],

[[6,25,44],
[7,13,17],
[1,8,9],
[10,12,15],
[26,32,36],
[20,27,28],
[29,31,34],
[45,51,55],
[39,46,47],
[48,50,53],
[14,24,56],
[3,23,49],
[0,21,54],
[5,37,52],
[4,30,41],
[2,35,38],
[18,33,43],
[11,22,42],
[16,19,40],
[63,82,101],
[64,70,74],
[58,65,66],
[67,69,72],
[83,89,93],
[77,84,85],
[86,88,91],
[102,108,112],
[96,103,104],
[105,107,110],
[71,81,113],
[60,80,106],
[57,78,111],
[62,94,109],
[61,87,98],
[59,92,95],
[75,90,100],
[68,79,99],
[73,76,97],
[120,139,158],
[121,127,131],
[115,122,123],
[124,126,129],
[140,146,150],
[134,141,142],
[143,145,148],
[159,165,169],
[153,160,161],
[162,164,167],
[128,138,170],
[117,137,163],
[114,135,168],
[119,151,166],
[118,144,155],
[116,149,152],
[132,147,157],
[125,136,156],
[130,133,154]],

[[12,31,50],
[0,4,13],
[7,14,15],
[2,16,18],
[19,23,32],
[26,33,34],
[21,35,37],
[38,42,51],
[45,52,53],
[40,54,56],
[1,30,43],
[9,29,55],
[6,27,41],
[11,24,39],
[10,36,47],
[8,22,44],
[5,20,49],
[17,28,48],
[3,25,46],
[69,88,107],
[57,61,70],
[64,71,72],
[59,73,75],
[76,80,89],
[83,90,91],
[78,92,94],
[95,99,108],
[102,109,110],
[97,111,113],
[58,87,100],
[66,86,112],
[63,84,98],
[68,81,96],
[67,93,104],
[65,79,101],
[62,77,106],
[74,85,105],
[60,82,103],
[126,145,164],
[114,118,127],
[121,128,129],
[116,130,132],
[133,137,146],
[140,147,148],
[135,149,151],
[152,156,165],
[159,166,167],
[154,168,170],
[115,144,157],
[123,143,169],
[120,141,155],
[125,138,153],
[124,150,161],
[122,136,158],
[119,134,163],
[131,142,162],
[117,139,160]],

[[5,24,43],
[6,12,16],
[0,7,8],
[9,11,14],
[25,31,35],
[19,26,27],
[28,30,33],
[44,50,54],
[38,45,46],
[47,49,52],
[13,23,55],
[2,22,48],
[18,20,53],
[4,36,51],
[3,29,40],
[1,34,56],
[17,32,42],
[10,21,41],
[15,37,39],
[62,81,100],
[63,69,73],
[57,64,65],
[66,68,71],
[82,88,92],
[76,83,84],
[85,87,90],
[101,107,111],
[95,102,103],
[104,106,109],
[70,80,112],
[59,79,105],
[75,77,110],
[61,93,108],
[60,86,97],
[58,91,113],
[74,89,99],
[67,78,98],
[72,94,96],
[119,138,157],
[120,126,130],
[114,121,122],
[123,125,128],
[139,145,149],
[133,140,141],
[142,144,147],
[158,164,168],
[152,159,160],
[161,163,166],
[127,137,169],
[116,136,162],
[132,134,167],
[118,150,165],
[117,143,154],
[115,148,170],
[131,146,156],
[124,135,155],
[129,151,153]],

[[10,29,48],
[2,11,17],
[5,12,13],
[0,14,16],
[21,30,36],
[24,31,32],
[19,33,35],
[40,49,55],
[43,50,51],
[38,52,54],
[18,28,41],
[7,27,53],
[4,25,39],
[9,22,56],
[8,34,45],
[6,20,42],
[3,37,47],
[15,26,46],
[1,23,44],
[67,86,105],
[59,68,74],
[62,69,70],
[57,71,73],
[78,87,93],
[81,88,89],
[76,90,92],
[97,106,112],
[100,107,108],
[95,109,111],
[75,85,98],
[64,84,110],
[61,82,96],
[66,79,113],
[65,91,102],
[63,77,99],
[60,94,104],
[72,83,103],
[58,80,101],
[124,143,162],
[116,125,131],
[119,126,127],
[114,128,130],
[135,144,150],
[138,145,146],
[133,147,149],
[154,163,169],
[157,164,165],
[152,166,168],
[132,142,155],
[121,141,167],
[118,139,153],
[123,136,170],
[122,148,159],
[120,134,156],
[117,151,161],
[129,140,160],
[115,137,158]],

[[1,26,49],
[2,27,50],
[3,28,51],
[5,30,53],
[9,34,38],
[17,23,46],
[14,20,43],
[8,33,56],
[15,21,44],
[10,35,39],
[0,25,48],
[18,24,47],
[16,22,45],
[12,37,41],
[4,29,52],
[7,32,55],
[13,19,42],
[6,31,54],
[11,36,40],
[58,83,106],
[59,84,107],
[60,85,108],
[62,87,110],
[66,91,95],
[74,80,103],
[71,77,100],
[65,90,113],
[72,78,101],
[67,92,96],
[57,82,105],
[75,81,104],
[73,79,102],
[69,94,98],
[61,86,109],
[64,89,112],
[70,76,99],
[63,88,111],
[68,93,97],
[115,140,163],
[116,141,164],
[117,142,165],
[119,144,167],
[123,148,152],
[131,137,160],
[128,134,157],
[122,147,170],
[129,135,158],
[124,149,153],
[114,139,162],
[132,138,161],
[130,136,159],
[126,151,155],
[118,143,166],
[121,146,169],
[127,133,156],
[120,145,168],
[125,150,154]],

[[2,33,41],
[3,34,42],
[4,35,43],
[6,37,45],
[10,22,49],
[18,30,38],
[15,27,54],
[9,21,48],
[16,28,55],
[11,23,50],
[1,32,40],
[0,31,39],
[17,29,56],
[13,25,52],
[5,36,44],
[8,20,47],
[14,26,53],
[7,19,46],
[12,24,51],
[59,90,98],
[60,91,99],
[61,92,100],
[63,94,102],
[67,79,106],
[75,87,95],
[72,84,111],
[66,78,105],
[73,85,112],
[68,80,107],
[58,89,97],
[57,88,96],
[74,86,113],
[70,82,109],
[62,93,101],
[65,77,104],
[71,83,110],
[64,76,103],
[69,81,108],
[116,147,155],
[117,148,156],
[118,149,157],
[120,151,159],
[124,136,163],
[132,144,152],
[129,141,168],
[123,135,162],
[130,142,169],
[125,137,164],
[115,146,154],
[114,145,153],
[131,143,170],
[127,139,166],
[119,150,158],
[122,134,161],
[128,140,167],
[121,133,160],
[126,138,165]],

[[4,28,44],
[5,29,45],
[6,30,46],
[8,32,48],
[12,36,52],
[1,25,41],
[17,22,38],
[11,35,51],
[18,23,39],
[13,37,53],
[3,27,43],
[2,26,42],
[0,24,40],
[15,20,55],
[7,31,47],
[10,34,50],
[16,21,56],
[9,33,49],
[14,19,54],
[61,85,101],
[62,86,102],
[63,87,103],
[65,89,105],
[69,93,109],
[58,82,98],
[74,79,95],
[68,92,108],
[75,80,96],
[70,94,110],
[60,84,100],
[59,83,99],
[57,81,97],
[72,77,112],
[64,88,104],
[67,91,107],
[73,78,113],
[66,90,106],
[71,76,111],
[118,142,158],
[119,143,159],
[120,144,160],
[122,146,162],
[126,150,166],
[115,139,155],
[131,136,152],
[125,149,165],
[132,137,153],
[127,151,167],
[117,141,157],
[116,140,156],
[114,138,154],
[129,134,169],
[121,145,161],
[124,148,164],
[130,135,170],
[123,147,163],
[128,133,168]],

[[7,30,39],
[8,31,40],
[9,32,41],
[11,34,43],
[15,19,47],
[4,27,55],
[1,24,52],
[14,37,46],
[2,25,53],
[16,20,48],
[6,29,38],
[5,28,56],
[3,26,54],
[18,22,50],
[10,33,42],
[13,36,45],
[0,23,51],
[12,35,44],
[17,21,49],
[64,87,96],
[65,88,97],
[66,89,98],
[68,91,100],
[72,76,104],
[61,84,112],
[58,81,109],
[71,94,103],
[59,82,110],
[73,77,105],
[63,86,95],
[62,85,113],
[60,83,111],
[75,79,107],
[67,90,99],
[70,93,102],
[57,80,108],
[69,92,101],
[74,78,106],
[121,144,153],
[122,145,154],
[123,146,155],
[125,148,157],
[129,133,161],
[118,141,169],
[115,138,166],
[128,151,160],
[116,139,167],
[130,134,162],
[120,143,152],
[119,142,170],
[117,140,168],
[132,136,164],
[124,147,156],
[127,150,159],
[114,137,165],
[126,149,158],
[131,135,163]],

[[14,22,40],
[15,23,41],
[16,24,42],
[18,26,44],
[3,30,48],
[11,19,56],
[8,35,53],
[2,29,47],
[9,36,54],
[4,31,49],
[13,21,39],
[12,20,38],
[10,37,55],
[6,33,51],
[17,25,43],
[1,28,46],
[7,34,52],
[0,27,45],
[5,32,50],
[71,79,97],
[72,80,98],
[73,81,99],
[75,83,101],
[60,87,105],
[68,76,113],
[65,92,110],
[59,86,104],
[66,93,111],
[61,88,106],
[70,78,96],
[69,77,95],
[67,94,112],
[63,90,108],
[74,82,100],
[58,85,103],
[64,91,109],
[57,84,102],
[62,89,107],
[128,136,154],
[129,137,155],
[130,138,156],
[132,140,158],
[117,144,162],
[125,133,170],
[122,149,167],
[116,143,161],
[123,150,168],
[118,145,163],
[127,135,153],
[126,134,152],
[124,151,169],
[120,147,165],
[131,139,157],
[115,142,160],
[121,148,166],
[114,141,159],
[119,146,164]],

[[9,25,42],
[10,26,43],
[11,27,44],
[13,29,46],
[17,33,50],
[6,22,39],
[3,19,55],
[16,32,49],
[4,20,56],
[18,34,51],
[8,24,41],
[7,23,40],
[5,21,38],
[1,36,53],
[12,28,45],
[15,31,48],
[2,37,54],
[14,30,47],
[0,35,52],
[66,82,99],
[67,83,100],
[68,84,101],
[70,86,103],
[74,90,107],
[63,79,96],
[60,76,112],
[73,89,106],
[61,77,113],
[75,91,108],
[65,81,98],
[64,80,97],
[62,78,95],
[58,93,110],
[69,85,102],
[72,88,105],
[59,94,111],
[71,87,104],
[57,92,109],
[123,139,156],
[124,140,157],
[125,141,158],
[127,143,160],
[131,147,164],
[120,136,153],
[117,133,169],
[130,146,163],
[118,134,170],
[132,148,165],
[122,138,155],
[121,137,154],
[119,135,152],
[115,150,167],
[126,142,159],
[129,145,162],
[116,151,168],
[128,144,161],
[114,149,166]],

[[11,20,45],
[12,21,46],
[13,22,47],
[15,24,49],
[0,28,53],
[8,36,42],
[5,33,39],
[18,27,52],
[6,34,40],
[1,29,54],
[10,19,44],
[9,37,43],
[7,35,41],
[3,31,56],
[14,23,48],
[17,26,51],
[4,32,38],
[16,25,50],
[2,30,55],
[68,77,102],
[69,78,103],
[70,79,104],
[72,81,106],
[57,85,110],
[65,93,99],
[62,90,96],
[75,84,109],
[63,91,97],
[58,86,111],
[67,76,101],
[66,94,100],
[64,92,98],
[60,88,113],
[71,80,105],
[74,83,108],
[61,89,95],
[73,82,107],
[59,87,112],
[125,134,159],
[126,135,160],
[127,136,161],
[129,138,163],
[114,142,167],
[122,150,156],
[119,147,153],
[132,141,166],
[120,148,154],
[115,143,168],
[124,133,158],
[123,151,157],
[121,149,155],
[117,145,170],
[128,137,162],
[131,140,165],
[118,146,152],
[130,139,164],
[116,144,169]],

[[3,21,52],
[4,22,53],
[5,23,54],
[7,25,56],
[11,29,41],
[0,37,49],
[16,34,46],
[10,28,40],
[17,35,47],
[12,30,42],
[2,20,51],
[1,19,50],
[18,36,48],
[14,32,44],
[6,24,55],
[9,27,39],
[15,33,45],
[8,26,38],
[13,31,43],
[60,78,109],
[61,79,110],
[62,80,111],
[64,82,113],
[68,86,98],
[57,94,106],
[73,91,103],
[67,85,97],
[74,92,104],
[69,87,99],
[59,77,108],
[58,76,107],
[75,93,105],
[71,89,101],
[63,81,112],
[66,84,96],
[72,90,102],
[65,83,95],
[70,88,100],
[117,135,166],
[118,136,167],
[119,137,168],
[121,139,170],
[125,143,155],
[114,151,163],
[130,148,160],
[124,142,154],
[131,149,161],
[126,144,156],
[116,134,165],
[115,133,164],
[132,150,162],
[128,146,158],
[120,138,169],
[123,141,153],
[129,147,159],
[122,140,152],
[127,145,157]],

[[6,23,47],
[7,24,48],
[8,25,49],
[10,27,51],
[14,31,55],
[3,20,44],
[0,36,41],
[13,30,54],
[1,37,42],
[15,32,56],
[5,22,46],
[4,21,45],
[2,19,43],
[17,34,39],
[9,26,50],
[12,29,53],
[18,35,40],
[11,28,52],
[16,33,38],
[63,80,104],
[64,81,105],
[65,82,106],
[67,84,108],
[71,88,112],
[60,77,101],
[57,93,98],
[70,87,111],
[58,94,99],
[72,89,113],
[62,79,103],
[61,78,102],
[59,76,100],
[74,91,96],
[66,83,107],
[69,86,110],
[75,92,97],
[68,85,109],
[73,90,95],
[120,137,161],
[121,138,162],
[122,139,163],
[124,141,165],
[128,145,169],
[117,134,158],
[114,150,155],
[127,144,168],
[115,151,156],
[129,146,170],
[119,136,160],
[118,135,159],
[116,133,157],
[131,148,153],
[123,140,164],
[126,143,167],
[132,149,154],
[125,142,166],
[130,147,152]]

]
