[[[43,86,167],
[79,131,174],
[50,57,153],
[65,138,145],
[28,36,160],
[72,116,124],
[7,14,21],
[95,102,109],
[8,44,168],
[80,96,132],
[15,37,139],
[51,103,125],
[22,73,154],
[66,110,161],
[9,45,169],
[81,97,133],
[16,38,140],
[52,104,126],
[23,74,155],
[67,111,162],
[10,46,170],
[82,98,134],
[17,39,141],
[53,105,127],
[24,75,156],
[68,112,163],
[11,47,171],
[83,99,135],
[18,40,142],
[54,106,128],
[25,76,157],
[69,113,164],
[12,48,172],
[84,100,136],
[19,41,143],
[55,107,129],
[26,77,158],
[70,114,165],
[13,49,173],
[85,101,137],
[20,42,144],
[56,108,130],
[27,78,159],
[71,115,166],
[1,29,146],
[58,89,117],
[2,30,147],
[59,90,118],
[3,31,148],
[60,91,119],
[4,32,149],
[61,92,120],
[5,33,150],
[62,93,121],
[6,34,151],
[63,94,122],
[35,87,152],
[64,123,175],
[0,88,176]],

[[45,86,170],
[82,133,174],
[53,57,154],
[66,141,145],
[28,37,162],
[74,116,125],
[8,16,24],
[96,104,112],
[9,46,171],
[83,97,134],
[17,38,142],
[54,105,126],
[25,75,155],
[67,113,163],
[10,47,172],
[84,98,135],
[18,39,143],
[55,106,127],
[26,76,156],
[68,114,164],
[11,48,173],
[85,99,136],
[19,40,144],
[56,107,128],
[27,77,157],
[69,115,165],
[12,49,167],
[79,100,137],
[20,41,138],
[50,108,129],
[21,78,158],
[70,109,166],
[13,43,168],
[80,101,131],
[14,42,139],
[51,102,130],
[22,72,159],
[71,110,160],
[7,44,169],
[81,95,132],
[15,36,140],
[52,103,124],
[23,73,153],
[65,111,161],
[31,87,147],
[30,60,175],
[59,123,148],
[3,33,149],
[32,62,91],
[61,119,150],
[5,35,151],
[34,64,93],
[63,121,152],
[4,90,122],
[6,92,118],
[2,94,120],
[0,29,58],
[88,117,146],
[1,89,176]],

[[47,86,173],
[85,135,174],
[56,57,155],
[67,144,145],
[28,38,164],
[76,116,126],
[9,18,27],
[97,106,115],
[10,48,167],
[79,98,136],
[19,39,138],
[50,107,127],
[21,77,156],
[68,109,165],
[11,49,168],
[80,99,137],
[20,40,139],
[51,108,128],
[22,78,157],
[69,110,166],
[12,43,169],
[81,100,131],
[14,41,140],
[52,102,129],
[23,72,158],
[70,111,160],
[13,44,170],
[82,101,132],
[15,42,141],
[53,103,130],
[24,73,159],
[71,112,161],
[7,45,171],
[83,95,133],
[16,36,142],
[54,104,124],
[25,74,153],
[65,113,162],
[8,46,172],
[84,96,134],
[17,37,143],
[55,105,125],
[26,75,154],
[66,114,163],
[1,31,93],
[60,89,121],
[5,117,148],
[4,33,152],
[35,62,92],
[64,120,150],
[34,87,149],
[32,63,175],
[61,123,151],
[3,29,94],
[58,91,122],
[6,119,146],
[0,30,59],
[88,118,147],
[2,90,176]],

[[49,86,169],
[81,137,174],
[52,57,156],
[68,140,145],
[28,39,166],
[78,116,127],
[10,20,23],
[98,108,111],
[11,43,170],
[82,99,131],
[14,40,141],
[53,102,128],
[24,72,157],
[69,112,160],
[12,44,171],
[83,100,132],
[15,41,142],
[54,103,129],
[25,73,158],
[70,113,161],
[13,45,172],
[84,101,133],
[16,42,143],
[55,104,130],
[26,74,159],
[71,114,162],
[7,46,173],
[85,95,134],
[17,36,144],
[56,105,124],
[27,75,153],
[65,115,163],
[8,47,167],
[79,96,135],
[18,37,138],
[50,106,125],
[21,76,154],
[66,109,164],
[9,48,168],
[80,97,136],
[19,38,139],
[51,107,126],
[22,77,155],
[67,110,165],
[1,30,92],
[59,89,120],
[4,117,147],
[2,35,149],
[32,64,90],
[61,118,152],
[34,58,150],
[33,63,146],
[29,62,151],
[6,93,123],
[87,94,121],
[5,122,175],
[0,31,60],
[88,119,148],
[3,91,176]],

[[44,86,172],
[84,132,174],
[55,57,157],
[69,143,145],
[28,40,161],
[73,116,128],
[11,15,26],
[99,103,114],
[12,45,173],
[85,100,133],
[16,41,144],
[56,104,129],
[27,74,158],
[70,115,162],
[13,46,167],
[79,101,134],
[17,42,138],
[50,105,130],
[21,75,159],
[71,109,163],
[7,47,168],
[80,95,135],
[18,36,139],
[51,106,124],
[22,76,153],
[65,110,164],
[8,48,169],
[81,96,136],
[19,37,140],
[52,107,125],
[23,77,154],
[66,111,165],
[9,49,170],
[82,97,137],
[20,38,141],
[53,108,126],
[24,78,155],
[67,112,166],
[10,43,171],
[83,98,131],
[14,39,142],
[54,102,127],
[25,72,156],
[68,113,160],
[1,33,175],
[62,89,123],
[87,117,150],
[3,30,151],
[34,59,91],
[63,119,147],
[6,35,148],
[31,64,94],
[60,122,152],
[2,121,146],
[5,29,90],
[58,93,118],
[0,32,61],
[88,120,149],
[4,92,176]],

[[46,86,168],
[80,134,174],
[51,57,158],
[70,139,145],
[28,41,163],
[75,116,129],
[12,17,22],
[100,105,110],
[13,47,169],
[81,101,135],
[18,42,140],
[52,106,130],
[23,76,159],
[71,111,164],
[7,48,170],
[82,95,136],
[19,36,141],
[53,107,124],
[24,77,153],
[65,112,165],
[8,49,171],
[83,96,137],
[20,37,142],
[54,108,125],
[25,78,154],
[66,113,166],
[9,43,172],
[84,97,131],
[14,38,143],
[55,102,126],
[26,72,155],
[67,114,160],
[10,44,173],
[85,98,132],
[15,39,144],
[56,103,127],
[27,73,156],
[68,115,161],
[11,45,167],
[79,99,133],
[16,40,138],
[50,104,128],
[21,74,157],
[69,109,162],
[1,32,94],
[61,89,122],
[6,117,149],
[4,31,151],
[34,60,92],
[63,120,148],
[30,58,152],
[35,59,146],
[29,64,147],
[87,91,118],
[2,119,175],
[3,90,123],
[0,33,62],
[88,121,150],
[5,93,176]],

[[48,86,171],
[83,136,174],
[54,57,159],
[71,142,145],
[28,42,165],
[77,116,130],
[13,19,25],
[101,107,113],
[7,49,172],
[84,95,137],
[20,36,143],
[55,108,124],
[26,78,153],
[65,114,166],
[8,43,173],
[85,96,131],
[14,37,144],
[56,102,125],
[27,72,154],
[66,115,160],
[9,44,167],
[79,97,132],
[15,38,138],
[50,103,126],
[21,73,155],
[67,109,161],
[10,45,168],
[80,98,133],
[16,39,139],
[51,104,127],
[22,74,156],
[68,110,162],
[11,46,169],
[81,99,134],
[17,40,140],
[52,105,128],
[23,75,157],
[69,111,163],
[12,47,170],
[82,100,135],
[18,41,141],
[53,106,129],
[24,76,158],
[70,112,164],
[1,35,91],
[64,89,119],
[3,117,152],
[5,32,147],
[30,61,93],
[59,121,149],
[2,31,150],
[33,60,90],
[62,118,148],
[58,120,175],
[4,123,146],
[29,87,92],
[0,34,63],
[88,122,151],
[6,94,176]],

[[50,86,160],
[72,138,174],
[28,29,167],
[79,116,117],
[43,57,146],
[58,131,145],
[14,88,109],
[0,21,102],
[49,84,94],
[6,137,172],
[20,26,123],
[35,108,114],
[55,78,152],
[64,143,166],
[48,82,93],
[5,136,170],
[19,24,122],
[34,107,112],
[53,77,151],
[63,141,165],
[47,80,92],
[4,135,168],
[18,22,121],
[33,106,110],
[51,76,150],
[62,139,164],
[46,85,91],
[3,134,173],
[17,27,120],
[32,105,115],
[56,75,149],
[61,144,163],
[45,83,90],
[2,133,171],
[16,25,119],
[31,104,113],
[54,74,148],
[60,142,162],
[44,81,89],
[1,132,169],
[15,23,118],
[30,103,111],
[52,73,147],
[59,140,161],
[8,36,153],
[65,96,124],
[9,37,154],
[66,97,125],
[10,38,155],
[67,98,126],
[11,39,156],
[68,99,127],
[12,40,157],
[69,100,128],
[13,41,158],
[70,101,129],
[42,87,159],
[71,130,175],
[7,95,176]],

[[53,86,162],
[74,141,174],
[28,30,170],
[82,116,118],
[45,57,147],
[59,133,145],
[16,89,112],
[1,24,104],
[44,80,88],
[0,132,168],
[15,22,117],
[29,103,110],
[51,73,146],
[58,139,161],
[43,85,94],
[6,131,173],
[14,27,123],
[35,102,115],
[56,72,152],
[64,144,160],
[49,83,93],
[5,137,171],
[20,25,122],
[34,108,113],
[54,78,151],
[63,142,166],
[48,81,92],
[4,136,169],
[19,23,121],
[33,107,111],
[52,77,150],
[62,140,165],
[47,79,91],
[3,135,167],
[18,21,120],
[32,106,109],
[50,76,149],
[61,138,164],
[46,84,90],
[2,134,172],
[17,26,119],
[31,105,114],
[55,75,148],
[60,143,163],
[38,87,154],
[37,67,175],
[66,130,155],
[10,40,156],
[39,69,98],
[68,126,157],
[12,42,158],
[41,71,100],
[70,128,159],
[11,97,129],
[13,99,125],
[9,101,127],
[7,36,65],
[95,124,153],
[8,96,176]],

[[56,86,164],
[76,144,174],
[28,31,173],
[85,116,119],
[47,57,148],
[60,135,145],
[18,90,115],
[2,27,106],
[46,83,89],
[1,134,171],
[17,25,118],
[30,105,113],
[54,75,147],
[59,142,163],
[45,81,88],
[0,133,169],
[16,23,117],
[29,104,111],
[52,74,146],
[58,140,162],
[44,79,94],
[6,132,167],
[15,21,123],
[35,103,109],
[50,73,152],
[64,138,161],
[43,84,93],
[5,131,172],
[14,26,122],
[34,102,114],
[55,72,151],
[63,143,160],
[49,82,92],
[4,137,170],
[20,24,121],
[33,108,112],
[53,78,150],
[62,141,166],
[48,80,91],
[3,136,168],
[19,22,120],
[32,107,110],
[51,77,149],
[61,139,165],
[8,38,100],
[67,96,128],
[12,124,155],
[11,40,159],
[42,69,99],
[71,127,157],
[41,87,156],
[39,70,175],
[68,130,158],
[10,36,101],
[65,98,129],
[13,126,153],
[7,37,66],
[95,125,154],
[9,97,176]],

[[52,86,166],
[78,140,174],
[28,32,169],
[81,116,120],
[49,57,149],
[61,137,145],
[20,91,111],
[3,23,108],
[48,79,90],
[2,136,167],
[19,21,119],
[31,107,109],
[50,77,148],
[60,138,165],
[47,84,89],
[1,135,172],
[18,26,118],
[30,106,114],
[55,76,147],
[59,143,164],
[46,82,88],
[0,134,170],
[17,24,117],
[29,105,112],
[53,75,146],
[58,141,163],
[45,80,94],
[6,133,168],
[16,22,123],
[35,104,110],
[51,74,152],
[64,139,162],
[44,85,93],
[5,132,173],
[15,27,122],
[34,103,115],
[56,73,151],
[63,144,161],
[43,83,92],
[4,131,171],
[14,25,121],
[33,102,113],
[54,72,150],
[62,142,160],
[8,37,99],
[66,96,127],
[11,124,154],
[9,42,156],
[39,71,97],
[68,125,159],
[41,65,157],
[40,70,153],
[36,69,158],
[13,100,130],
[87,101,128],
[12,129,175],
[7,38,67],
[95,126,155],
[10,98,176]],

[[55,86,161],
[73,143,174],
[28,33,172],
[84,116,121],
[44,57,150],
[62,132,145],
[15,92,114],
[4,26,103],
[43,82,91],
[3,131,170],
[14,24,120],
[32,102,112],
[53,72,149],
[61,141,160],
[49,80,90],
[2,137,168],
[20,22,119],
[31,108,110],
[51,78,148],
[60,139,166],
[48,85,89],
[1,136,173],
[19,27,118],
[30,107,115],
[56,77,147],
[59,144,165],
[47,83,88],
[0,135,171],
[18,25,117],
[29,106,113],
[54,76,146],
[58,142,164],
[46,81,94],
[6,134,169],
[17,23,123],
[35,105,111],
[52,75,152],
[64,140,163],
[45,79,93],
[5,133,167],
[16,21,122],
[34,104,109],
[50,74,151],
[63,138,162],
[8,40,175],
[69,96,130],
[87,124,157],
[10,37,158],
[41,66,98],
[70,126,154],
[13,42,155],
[38,71,101],
[67,129,159],
[9,128,153],
[12,36,97],
[65,100,125],
[7,39,68],
[95,127,156],
[11,99,176]],

[[51,86,163],
[75,139,174],
[28,34,168],
[80,116,122],
[46,57,151],
[63,134,145],
[17,93,110],
[5,22,105],
[45,85,92],
[4,133,173],
[16,27,121],
[33,104,115],
[56,74,150],
[62,144,162],
[44,83,91],
[3,132,171],
[15,25,120],
[32,103,113],
[54,73,149],
[61,142,161],
[43,81,90],
[2,131,169],
[14,23,119],
[31,102,111],
[52,72,148],
[60,140,160],
[49,79,89],
[1,137,167],
[20,21,118],
[30,108,109],
[50,78,147],
[59,138,166],
[48,84,88],
[0,136,172],
[19,26,117],
[29,107,114],
[55,77,146],
[58,143,165],
[47,82,94],
[6,135,170],
[18,24,123],
[35,106,112],
[53,76,152],
[64,141,164],
[8,39,101],
[68,96,129],
[13,124,156],
[11,38,158],
[41,67,99],
[70,127,155],
[37,65,159],
[42,66,153],
[36,71,154],
[87,98,125],
[9,126,175],
[10,97,130],
[7,40,69],
[95,128,157],
[12,100,176]],

[[54,86,165],
[77,142,174],
[28,35,171],
[83,116,123],
[48,57,152],
[64,136,145],
[19,94,113],
[6,25,107],
[47,81,93],
[5,135,169],
[18,23,122],
[34,106,111],
[52,76,151],
[63,140,164],
[46,79,92],
[4,134,167],
[17,21,121],
[33,105,109],
[50,75,150],
[62,138,163],
[45,84,91],
[3,133,172],
[16,26,120],
[32,104,114],
[55,74,149],
[61,143,162],
[44,82,90],
[2,132,170],
[15,24,119],
[31,103,112],
[53,73,148],
[60,141,161],
[43,80,89],
[1,131,168],
[14,22,118],
[30,102,110],
[51,72,147],
[59,139,160],
[49,85,88],
[0,137,173],
[20,27,117],
[29,108,115],
[56,78,146],
[58,144,166],
[8,42,98],
[71,96,126],
[10,124,159],
[12,39,154],
[37,68,100],
[66,128,156],
[9,38,157],
[40,67,97],
[69,125,155],
[65,127,175],
[11,130,153],
[36,87,99],
[7,41,70],
[95,129,158],
[13,101,176]],

[[36,57,167],
[79,124,145],
[28,50,146],
[58,116,138],
[29,86,153],
[65,117,174],
[0,7,109],
[21,88,95],
[40,53,91],
[3,128,141],
[24,32,99],
[11,112,120],
[69,82,149],
[61,157,170],
[37,56,94],
[6,125,144],
[27,35,96],
[8,115,123],
[66,85,152],
[64,154,173],
[41,52,90],
[2,129,140],
[23,31,100],
[12,111,119],
[70,81,148],
[60,158,169],
[38,55,93],
[5,126,143],
[26,34,97],
[9,114,122],
[67,84,151],
[63,155,172],
[42,51,89],
[1,130,139],
[22,30,101],
[13,110,118],
[71,80,147],
[59,159,168],
[39,54,92],
[4,127,142],
[25,33,98],
[10,113,121],
[68,83,150],
[62,156,171],
[15,43,160],
[72,103,131],
[16,44,161],
[73,104,132],
[17,45,162],
[74,105,133],
[18,46,163],
[75,106,134],
[19,47,164],
[76,107,135],
[20,48,165],
[77,108,136],
[49,87,166],
[78,137,175],
[14,102,176]],

[[40,57,172],
[84,128,145],
[28,55,150],
[62,116,143],
[33,86,157],
[69,121,174],
[4,11,114],
[26,92,99],
[37,51,88],
[0,125,139],
[22,29,96],
[8,110,117],
[66,80,146],
[58,154,168],
[41,54,91],
[3,129,142],
[25,32,100],
[12,113,120],
[70,83,149],
[61,158,171],
[38,50,94],
[6,126,138],
[21,35,97],
[9,109,123],
[67,79,152],
[64,155,167],
[42,53,90],
[2,130,141],
[24,31,101],
[13,112,119],
[71,82,148],
[60,159,170],
[39,56,93],
[5,127,144],
[27,34,98],
[10,115,122],
[68,85,151],
[63,156,173],
[36,52,89],
[1,124,140],
[23,30,95],
[7,111,118],
[65,81,147],
[59,153,169],
[45,87,161],
[44,74,175],
[73,137,162],
[17,47,163],
[46,76,105],
[75,133,164],
[19,49,165],
[48,78,107],
[77,135,166],
[18,104,136],
[20,106,132],
[16,108,134],
[14,43,72],
[102,131,160],
[15,103,176]],

[[37,57,170],
[82,125,145],
[28,53,147],
[59,116,141],
[30,86,154],
[66,118,174],
[1,8,112],
[24,89,96],
[41,56,92],
[4,129,144],
[27,33,100],
[12,115,121],
[70,85,150],
[62,158,173],
[38,52,88],
[0,126,140],
[23,29,97],
[9,111,117],
[67,81,146],
[58,155,169],
[42,55,91],
[3,130,143],
[26,32,101],
[13,114,120],
[71,84,149],
[61,159,172],
[39,51,94],
[6,127,139],
[22,35,98],
[10,110,123],
[68,80,152],
[64,156,168],
[36,54,90],
[2,124,142],
[25,31,95],
[7,113,119],
[65,83,148],
[60,153,171],
[40,50,93],
[5,128,138],
[21,34,99],
[11,109,122],
[69,79,151],
[63,157,167],
[15,45,107],
[74,103,135],
[19,131,162],
[18,47,166],
[49,76,106],
[78,134,164],
[48,87,163],
[46,77,175],
[75,137,165],
[17,43,108],
[72,105,136],
[20,133,160],
[14,44,73],
[102,132,161],
[16,104,176]],

[[41,57,168],
[80,129,145],
[28,51,151],
[63,116,139],
[34,86,158],
[70,122,174],
[5,12,110],
[22,93,100],
[38,54,89],
[1,126,142],
[25,30,97],
[9,113,118],
[67,83,147],
[59,155,171],
[42,50,92],
[4,130,138],
[21,33,101],
[13,109,121],
[71,79,150],
[62,159,167],
[39,53,88],
[0,127,141],
[24,29,98],
[10,112,117],
[68,82,146],
[58,156,170],
[36,56,91],
[3,124,144],
[27,32,95],
[7,115,120],
[65,85,149],
[61,153,173],
[40,52,94],
[6,128,140],
[23,35,99],
[11,111,123],
[69,81,152],
[64,157,169],
[37,55,90],
[2,125,143],
[26,31,96],
[8,114,119],
[66,84,148],
[60,154,172],
[15,44,106],
[73,103,134],
[18,131,161],
[16,49,163],
[46,78,104],
[75,132,166],
[48,72,164],
[47,77,160],
[43,76,165],
[20,107,137],
[87,108,135],
[19,136,175],
[14,45,74],
[102,133,162],
[17,105,176]],

[[38,57,173],
[85,126,145],
[28,56,148],
[60,116,144],
[31,86,155],
[67,119,174],
[2,9,115],
[27,90,97],
[42,52,93],
[5,130,140],
[23,34,101],
[13,111,122],
[71,81,151],
[63,159,169],
[39,55,89],
[1,127,143],
[26,30,98],
[10,114,118],
[68,84,147],
[59,156,172],
[36,51,92],
[4,124,139],
[22,33,95],
[7,110,121],
[65,80,150],
[62,153,168],
[40,54,88],
[0,128,142],
[25,29,99],
[11,113,117],
[69,83,146],
[58,157,171],
[37,50,91],
[3,125,138],
[21,32,96],
[8,109,120],
[66,79,149],
[61,154,167],
[41,53,94],
[6,129,141],
[24,35,100],
[12,112,123],
[70,82,152],
[64,158,170],
[15,47,175],
[76,103,137],
[87,131,164],
[17,44,165],
[48,73,105],
[77,133,161],
[20,49,162],
[45,78,108],
[74,136,166],
[16,135,160],
[19,43,104],
[72,107,132],
[14,46,75],
[102,134,163],
[18,106,176]],

[[42,57,171],
[83,130,145],
[28,54,152],
[64,116,142],
[35,86,159],
[71,123,174],
[6,13,113],
[25,94,101],
[39,50,90],
[2,127,138],
[21,31,98],
[10,109,119],
[68,79,148],
[60,156,167],
[36,53,93],
[5,124,141],
[24,34,95],
[7,112,122],
[65,82,151],
[63,153,170],
[40,56,89],
[1,128,144],
[27,30,99],
[11,115,118],
[69,85,147],
[59,157,173],
[37,52,92],
[4,125,140],
[23,33,96],
[8,111,121],
[66,81,150],
[62,154,169],
[41,55,88],
[0,129,143],
[26,29,100],
[12,114,117],
[70,84,146],
[58,158,172],
[38,51,91],
[3,126,139],
[22,32,97],
[9,110,120],
[67,80,149],
[61,155,168],
[15,46,108],
[75,103,136],
[20,131,163],
[18,45,165],
[48,74,106],
[77,134,162],
[44,72,166],
[49,73,160],
[43,78,161],
[87,105,132],
[16,133,175],
[17,104,137],
[14,47,76],
[102,135,164],
[19,107,176]],

[[39,57,169],
[81,127,145],
[28,52,149],
[61,116,140],
[32,86,156],
[68,120,174],
[3,10,111],
[23,91,98],
[36,55,94],
[6,124,143],
[26,35,95],
[7,114,123],
[65,84,152],
[64,153,172],
[40,51,90],
[2,128,139],
[22,31,99],
[11,110,119],
[69,80,148],
[60,157,168],
[37,54,93],
[5,125,142],
[25,34,96],
[8,113,122],
[66,83,151],
[63,154,171],
[41,50,89],
[1,129,138],
[21,30,100],
[12,109,118],
[70,79,147],
[59,158,167],
[38,53,92],
[4,126,141],
[24,33,97],
[9,112,121],
[67,82,150],
[62,155,170],
[42,56,88],
[0,130,144],
[27,29,101],
[13,115,117],
[71,85,146],
[58,159,173],
[15,49,105],
[78,103,133],
[17,131,166],
[19,46,161],
[44,75,107],
[73,135,163],
[16,45,164],
[47,74,104],
[76,132,162],
[72,134,175],
[18,137,160],
[43,87,106],
[14,48,77],
[102,136,165],
[20,108,176]],

[[28,43,153],
[65,116,131],
[29,57,160],
[72,117,145],
[36,86,146],
[58,124,174],
[0,14,95],
[7,88,102],
[68,77,90],
[2,156,165],
[10,19,31],
[98,107,119],
[39,48,148],
[60,127,136],
[71,75,92],
[4,159,163],
[13,17,33],
[101,105,121],
[42,46,150],
[62,130,134],
[67,73,94],
[6,155,161],
[9,15,35],
[97,103,123],
[38,44,152],
[64,126,132],
[70,78,89],
[1,158,166],
[12,20,30],
[100,108,118],
[41,49,147],
[59,129,137],
[66,76,91],
[3,154,164],
[8,18,32],
[96,106,120],
[37,47,149],
[61,125,135],
[69,74,93],
[5,157,162],
[11,16,34],
[99,104,122],
[40,45,151],
[63,128,133],
[22,50,167],
[79,110,138],
[23,51,168],
[80,111,139],
[24,52,169],
[81,112,140],
[25,53,170],
[82,113,141],
[26,54,171],
[83,114,142],
[27,55,172],
[84,115,143],
[56,87,173],
[85,144,175],
[21,109,176]],

[[28,46,158],
[70,116,134],
[34,57,163],
[75,122,145],
[41,86,151],
[63,129,174],
[5,17,100],
[12,93,105],
[66,73,88],
[0,154,161],
[8,15,29],
[96,103,117],
[37,44,146],
[58,125,132],
[69,78,90],
[2,157,166],
[11,20,31],
[99,108,119],
[40,49,148],
[60,128,137],
[65,76,92],
[4,153,164],
[7,18,33],
[95,106,121],
[36,47,150],
[62,124,135],
[68,74,94],
[6,156,162],
[10,16,35],
[98,104,123],
[39,45,152],
[64,127,133],
[71,72,89],
[1,159,160],
[13,14,30],
[101,102,118],
[42,43,147],
[59,130,131],
[67,77,91],
[3,155,165],
[9,19,32],
[97,107,120],
[38,48,149],
[61,126,136],
[52,87,168],
[51,81,175],
[80,144,169],
[24,54,170],
[53,83,112],
[82,140,171],
[26,56,172],
[55,85,114],
[84,142,173],
[25,111,143],
[27,113,139],
[23,115,141],
[21,50,79],
[109,138,167],
[22,110,176]],

[[28,49,156],
[68,116,137],
[32,57,166],
[78,120,145],
[39,86,149],
[61,127,174],
[3,20,98],
[10,91,108],
[71,76,93],
[5,159,164],
[13,18,34],
[101,106,122],
[42,47,151],
[63,130,135],
[67,74,88],
[0,155,162],
[9,16,29],
[97,104,117],
[38,45,146],
[58,126,133],
[70,72,90],
[2,158,160],
[12,14,31],
[100,102,119],
[41,43,148],
[60,129,131],
[66,77,92],
[4,154,165],
[8,19,33],
[96,107,121],
[37,48,150],
[62,125,136],
[69,75,94],
[6,157,163],
[11,17,35],
[99,105,123],
[40,46,152],
[64,128,134],
[65,73,89],
[1,153,161],
[7,15,30],
[95,103,118],
[36,44,147],
[59,124,132],
[22,52,114],
[81,110,142],
[26,138,169],
[25,54,173],
[56,83,113],
[85,141,171],
[55,87,170],
[53,84,175],
[82,144,172],
[24,50,115],
[79,112,143],
[27,140,167],
[21,51,80],
[109,139,168],
[23,111,176]],

[[28,45,154],
[66,116,133],
[30,57,162],
[74,118,145],
[37,86,147],
[59,125,174],
[1,16,96],
[8,89,104],
[69,72,91],
[3,157,160],
[11,14,32],
[99,102,120],
[40,43,149],
[61,128,131],
[65,77,93],
[5,153,165],
[7,19,34],
[95,107,122],
[36,48,151],
[63,124,136],
[68,75,88],
[0,156,163],
[10,17,29],
[98,105,117],
[39,46,146],
[58,127,134],
[71,73,90],
[2,159,161],
[13,15,31],
[101,103,119],
[42,44,148],
[60,130,132],
[67,78,92],
[4,155,166],
[9,20,33],
[97,108,121],
[38,49,150],
[62,126,137],
[70,76,94],
[6,158,164],
[12,18,35],
[100,106,123],
[41,47,152],
[64,129,135],
[22,51,113],
[80,110,141],
[25,138,168],
[23,56,170],
[53,85,111],
[82,139,173],
[55,79,171],
[54,84,167],
[50,83,172],
[27,114,144],
[87,115,142],
[26,143,175],
[21,52,81],
[109,140,169],
[24,112,176]],

[[28,48,159],
[71,116,136],
[35,57,165],
[77,123,145],
[42,86,152],
[64,130,174],
[6,19,101],
[13,94,107],
[67,75,89],
[1,155,163],
[9,17,30],
[97,105,118],
[38,46,147],
[59,126,134],
[70,73,91],
[3,158,161],
[12,15,32],
[100,103,120],
[41,44,149],
[61,129,132],
[66,78,93],
[5,154,166],
[8,20,34],
[96,108,122],
[37,49,151],
[63,125,137],
[69,76,88],
[0,157,164],
[11,18,29],
[99,106,117],
[40,47,146],
[58,128,135],
[65,74,90],
[2,153,162],
[7,16,31],
[95,104,119],
[36,45,148],
[60,124,133],
[68,72,92],
[4,156,160],
[10,14,33],
[98,102,121],
[39,43,150],
[62,127,131],
[22,54,175],
[83,110,144],
[87,138,171],
[24,51,172],
[55,80,112],
[84,140,168],
[27,56,169],
[52,85,115],
[81,143,173],
[23,142,167],
[26,50,111],
[79,114,139],
[21,53,82],
[109,141,170],
[25,113,176]],

[[28,44,157],
[69,116,132],
[33,57,161],
[73,121,145],
[40,86,150],
[62,128,174],
[4,15,99],
[11,92,103],
[65,78,94],
[6,153,166],
[7,20,35],
[95,108,123],
[36,49,152],
[64,124,137],
[68,76,89],
[1,156,164],
[10,18,30],
[98,106,118],
[39,47,147],
[59,127,135],
[71,74,91],
[3,159,162],
[13,16,32],
[101,104,120],
[42,45,149],
[61,130,133],
[67,72,93],
[5,155,160],
[9,14,34],
[97,102,122],
[38,43,151],
[63,126,131],
[70,77,88],
[0,158,165],
[12,19,29],
[100,107,117],
[41,48,146],
[58,129,136],
[66,75,90],
[2,154,163],
[8,17,31],
[96,105,119],
[37,46,148],
[60,125,134],
[22,53,115],
[82,110,143],
[27,138,170],
[25,52,172],
[55,81,113],
[84,141,169],
[51,79,173],
[56,80,167],
[50,85,168],
[87,112,139],
[23,140,175],
[24,111,144],
[21,54,83],
[109,142,171],
[26,114,176]],

[[28,47,155],
[67,116,135],
[31,57,164],
[76,119,145],
[38,86,148],
[60,126,174],
[2,18,97],
[9,90,106],
[70,74,92],
[4,158,162],
[12,16,33],
[100,104,121],
[41,45,150],
[62,129,133],
[66,72,94],
[6,154,160],
[8,14,35],
[96,102,123],
[37,43,152],
[64,125,131],
[69,77,89],
[1,157,165],
[11,19,30],
[99,107,118],
[40,48,147],
[59,128,136],
[65,75,91],
[3,153,163],
[7,17,32],
[95,105,120],
[36,46,149],
[61,124,134],
[68,73,93],
[5,156,161],
[10,15,34],
[98,103,122],
[39,44,151],
[63,127,132],
[71,78,88],
[0,159,166],
[13,20,29],
[101,108,117],
[42,49,146],
[58,130,137],
[22,56,112],
[85,110,140],
[24,138,173],
[26,53,168],
[51,82,114],
[80,142,170],
[23,52,171],
[54,81,111],
[83,139,169],
[79,141,175],
[25,144,167],
[50,87,113],
[21,55,84],
[109,143,172],
[27,115,176]],

[[21,43,65],
[109,131,153],
[14,50,58],
[102,138,146],
[7,29,79],
[95,117,167],
[0,36,72],
[88,124,160],
[24,45,66],
[112,133,154],
[16,53,59],
[104,141,147],
[8,30,82],
[96,118,170],
[1,37,74],
[89,125,162],
[27,47,67],
[115,135,155],
[18,56,60],
[106,144,148],
[9,31,85],
[97,119,173],
[2,38,76],
[90,126,164],
[23,49,68],
[111,137,156],
[20,52,61],
[108,140,149],
[10,32,81],
[98,120,169],
[3,39,78],
[91,127,166],
[26,44,69],
[114,132,157],
[15,55,62],
[103,143,150],
[11,33,84],
[99,121,172],
[4,40,73],
[92,128,161],
[22,46,70],
[110,134,158],
[17,51,63],
[105,139,151],
[12,34,80],
[100,122,168],
[5,41,75],
[93,129,163],
[25,48,71],
[113,136,159],
[19,54,64],
[107,142,152],
[13,35,83],
[101,123,171],
[6,42,77],
[94,130,165],
[57,87,174],
[86,145,175],
[28,116,176]],

[[57,72,109],
[21,145,160],
[28,79,95],
[7,116,167],
[65,86,102],
[14,153,174],
[36,43,50],
[124,131,138],
[15,96,110],
[8,22,103],
[44,51,154],
[66,132,139],
[37,73,168],
[80,125,161],
[16,97,111],
[9,23,104],
[45,52,155],
[67,133,140],
[38,74,169],
[81,126,162],
[17,98,112],
[10,24,105],
[46,53,156],
[68,134,141],
[39,75,170],
[82,127,163],
[18,99,113],
[11,25,106],
[47,54,157],
[69,135,142],
[40,76,171],
[83,128,164],
[19,100,114],
[12,26,107],
[48,55,158],
[70,136,143],
[41,77,172],
[84,129,165],
[20,101,115],
[13,27,108],
[49,56,159],
[71,137,144],
[42,78,173],
[85,130,166],
[30,31,123],
[59,60,87],
[147,148,175],
[32,33,119],
[3,61,62],
[91,149,150],
[34,35,121],
[5,63,64],
[93,151,152],
[118,120,122],
[2,4,6],
[90,92,94],
[0,89,146],
[1,58,88],
[29,117,176]],

[[57,74,112],
[24,145,162],
[28,82,96],
[8,116,170],
[66,86,104],
[16,154,174],
[37,45,53],
[125,133,141],
[17,97,113],
[9,25,105],
[46,54,155],
[67,134,142],
[38,75,171],
[83,126,163],
[18,98,114],
[10,26,106],
[47,55,156],
[68,135,143],
[39,76,172],
[84,127,164],
[19,99,115],
[11,27,107],
[48,56,157],
[69,136,144],
[40,77,173],
[85,128,165],
[20,100,109],
[12,21,108],
[49,50,158],
[70,137,138],
[41,78,167],
[79,129,166],
[14,101,110],
[13,22,102],
[43,51,159],
[71,131,139],
[42,72,168],
[80,130,160],
[15,95,111],
[7,23,103],
[44,52,153],
[65,132,140],
[36,73,169],
[81,124,161],
[31,117,121],
[1,5,60],
[89,93,148],
[33,35,120],
[4,62,64],
[92,150,152],
[32,34,123],
[61,63,87],
[149,151,175],
[29,119,122],
[3,6,58],
[91,94,146],
[0,90,147],
[2,59,88],
[30,118,176]],

[[57,76,115],
[27,145,164],
[28,85,97],
[9,116,173],
[67,86,106],
[18,155,174],
[38,47,56],
[126,135,144],
[19,98,109],
[10,21,107],
[48,50,156],
[68,136,138],
[39,77,167],
[79,127,165],
[20,99,110],
[11,22,108],
[49,51,157],
[69,137,139],
[40,78,168],
[80,128,166],
[14,100,111],
[12,23,102],
[43,52,158],
[70,131,140],
[41,72,169],
[81,129,160],
[15,101,112],
[13,24,103],
[44,53,159],
[71,132,141],
[42,73,170],
[82,130,161],
[16,95,113],
[7,25,104],
[45,54,153],
[65,133,142],
[36,74,171],
[83,124,162],
[17,96,114],
[8,26,105],
[46,55,154],
[66,134,143],
[37,75,172],
[84,125,163],
[30,117,120],
[1,4,59],
[89,92,147],
[32,35,118],
[2,61,64],
[90,149,152],
[29,33,34],
[58,62,63],
[146,150,151],
[121,122,123],
[5,6,87],
[93,94,175],
[0,91,148],
[3,60,88],
[31,119,176]],

[[57,78,111],
[23,145,166],
[28,81,98],
[10,116,169],
[68,86,108],
[20,156,174],
[39,49,52],
[127,137,140],
[14,99,112],
[11,24,102],
[43,53,157],
[69,131,141],
[40,72,170],
[82,128,160],
[15,100,113],
[12,25,103],
[44,54,158],
[70,132,142],
[41,73,171],
[83,129,161],
[16,101,114],
[13,26,104],
[45,55,159],
[71,133,143],
[42,74,172],
[84,130,162],
[17,95,115],
[7,27,105],
[46,56,153],
[65,134,144],
[36,75,173],
[85,124,163],
[18,96,109],
[8,21,106],
[47,50,154],
[66,135,138],
[37,76,167],
[79,125,164],
[19,97,110],
[9,22,107],
[48,51,155],
[67,136,139],
[38,77,168],
[80,126,165],
[33,117,123],
[1,62,87],
[89,150,175],
[30,34,119],
[3,59,63],
[91,147,151],
[31,35,122],
[6,60,64],
[94,148,152],
[29,118,121],
[2,5,58],
[90,93,146],
[0,92,149],
[4,61,88],
[32,120,176]],

[[57,73,114],
[26,145,161],
[28,84,99],
[11,116,172],
[69,86,103],
[15,157,174],
[40,44,55],
[128,132,143],
[16,100,115],
[12,27,104],
[45,56,158],
[70,133,144],
[41,74,173],
[85,129,162],
[17,101,109],
[13,21,105],
[46,50,159],
[71,134,138],
[42,75,167],
[79,130,163],
[18,95,110],
[7,22,106],
[47,51,153],
[65,135,139],
[36,76,168],
[80,124,164],
[19,96,111],
[8,23,107],
[48,52,154],
[66,136,140],
[37,77,169],
[81,125,165],
[20,97,112],
[9,24,108],
[49,53,155],
[67,137,141],
[38,78,170],
[82,126,166],
[14,98,113],
[10,25,102],
[43,54,156],
[68,131,142],
[39,72,171],
[83,127,160],
[32,117,122],
[1,6,61],
[89,94,149],
[31,34,120],
[4,60,63],
[92,148,151],
[29,30,35],
[58,59,64],
[146,147,152],
[118,119,123],
[2,3,87],
[90,91,175],
[0,93,150],
[5,62,88],
[33,121,176]],

[[57,75,110],
[22,145,163],
[28,80,100],
[12,116,168],
[70,86,105],
[17,158,174],
[41,46,51],
[129,134,139],
[18,101,111],
[13,23,106],
[47,52,159],
[71,135,140],
[42,76,169],
[81,130,164],
[19,95,112],
[7,24,107],
[48,53,153],
[65,136,141],
[36,77,170],
[82,124,165],
[20,96,113],
[8,25,108],
[49,54,154],
[66,137,142],
[37,78,171],
[83,125,166],
[14,97,114],
[9,26,102],
[43,55,155],
[67,131,143],
[38,72,172],
[84,126,160],
[15,98,115],
[10,27,103],
[44,56,156],
[68,132,144],
[39,73,173],
[85,127,161],
[16,99,109],
[11,21,104],
[45,50,157],
[69,133,138],
[40,74,167],
[79,128,162],
[35,117,119],
[1,3,64],
[89,91,152],
[30,32,121],
[5,59,61],
[93,147,149],
[31,33,118],
[2,60,62],
[90,148,150],
[29,120,123],
[4,58,87],
[92,146,175],
[0,94,151],
[6,63,88],
[34,122,176]],

[[57,77,113],
[25,145,165],
[28,83,101],
[13,116,171],
[71,86,107],
[19,159,174],
[42,48,54],
[130,136,142],
[20,95,114],
[7,26,108],
[49,55,153],
[65,137,143],
[36,78,172],
[84,124,166],
[14,96,115],
[8,27,102],
[43,56,154],
[66,131,144],
[37,72,173],
[85,125,160],
[15,97,109],
[9,21,103],
[44,50,155],
[67,132,138],
[38,73,167],
[79,126,161],
[16,98,110],
[10,22,104],
[45,51,156],
[68,133,139],
[39,74,168],
[80,127,162],
[17,99,111],
[11,23,105],
[46,52,157],
[69,134,140],
[40,75,169],
[81,128,163],
[18,100,112],
[12,24,106],
[47,53,158],
[70,135,141],
[41,76,170],
[82,129,164],
[34,117,118],
[1,2,63],
[89,90,151],
[29,31,32],
[58,60,61],
[146,148,149],
[30,33,122],
[6,59,62],
[94,147,150],
[119,120,121],
[3,4,5],
[91,92,93],
[0,152,175],
[64,87,88],
[35,123,176]],

[[57,79,102],
[14,145,167],
[58,86,109],
[21,146,174],
[28,72,88],
[0,116,160],
[29,50,131],
[43,117,138],
[6,20,55],
[94,108,143],
[78,84,123],
[35,166,172],
[49,64,114],
[26,137,152],
[5,19,53],
[93,107,141],
[77,82,122],
[34,165,170],
[48,63,112],
[24,136,151],
[4,18,51],
[92,106,139],
[76,80,121],
[33,164,168],
[47,62,110],
[22,135,150],
[3,17,56],
[91,105,144],
[75,85,120],
[32,163,173],
[46,61,115],
[27,134,149],
[2,16,54],
[90,104,142],
[74,83,119],
[31,162,171],
[45,60,113],
[25,133,148],
[1,15,52],
[89,103,140],
[73,81,118],
[30,161,169],
[44,59,111],
[23,132,147],
[37,38,130],
[66,67,87],
[154,155,175],
[39,40,126],
[10,68,69],
[98,156,157],
[41,42,128],
[12,70,71],
[100,158,159],
[125,127,129],
[9,11,13],
[97,99,101],
[7,96,153],
[8,65,95],
[36,124,176]],

[[57,82,104],
[16,145,170],
[59,86,112],
[24,147,174],
[28,74,89],
[1,116,162],
[30,53,133],
[45,118,141],
[0,15,51],
[88,103,139],
[73,80,117],
[29,161,168],
[44,58,110],
[22,132,146],
[6,14,56],
[94,102,144],
[72,85,123],
[35,160,173],
[43,64,115],
[27,131,152],
[5,20,54],
[93,108,142],
[78,83,122],
[34,166,171],
[49,63,113],
[25,137,151],
[4,19,52],
[92,107,140],
[77,81,121],
[33,165,169],
[48,62,111],
[23,136,150],
[3,18,50],
[91,106,138],
[76,79,120],
[32,164,167],
[47,61,109],
[21,135,149],
[2,17,55],
[90,105,143],
[75,84,119],
[31,163,172],
[46,60,114],
[26,134,148],
[38,124,128],
[8,12,67],
[96,100,155],
[40,42,127],
[11,69,71],
[99,157,159],
[39,41,130],
[68,70,87],
[156,158,175],
[36,126,129],
[10,13,65],
[98,101,153],
[7,97,154],
[9,66,95],
[37,125,176]],

[[57,85,106],
[18,145,173],
[60,86,115],
[27,148,174],
[28,76,90],
[2,116,164],
[31,56,135],
[47,119,144],
[1,17,54],
[89,105,142],
[75,83,118],
[30,163,171],
[46,59,113],
[25,134,147],
[0,16,52],
[88,104,140],
[74,81,117],
[29,162,169],
[45,58,111],
[23,133,146],
[6,15,50],
[94,103,138],
[73,79,123],
[35,161,167],
[44,64,109],
[21,132,152],
[5,14,55],
[93,102,143],
[72,84,122],
[34,160,172],
[43,63,114],
[26,131,151],
[4,20,53],
[92,108,141],
[78,82,121],
[33,166,170],
[49,62,112],
[24,137,150],
[3,19,51],
[91,107,139],
[77,80,120],
[32,165,168],
[48,61,110],
[22,136,149],
[37,124,127],
[8,11,66],
[96,99,154],
[39,42,125],
[9,68,71],
[97,156,159],
[36,40,41],
[65,69,70],
[153,157,158],
[128,129,130],
[12,13,87],
[100,101,175],
[7,98,155],
[10,67,95],
[38,126,176]],

[[57,81,108],
[20,145,169],
[61,86,111],
[23,149,174],
[28,78,91],
[3,116,166],
[32,52,137],
[49,120,140],
[2,19,50],
[90,107,138],
[77,79,119],
[31,165,167],
[48,60,109],
[21,136,148],
[1,18,55],
[89,106,143],
[76,84,118],
[30,164,172],
[47,59,114],
[26,135,147],
[0,17,53],
[88,105,141],
[75,82,117],
[29,163,170],
[46,58,112],
[24,134,146],
[6,16,51],
[94,104,139],
[74,80,123],
[35,162,168],
[45,64,110],
[22,133,152],
[5,15,56],
[93,103,144],
[73,85,122],
[34,161,173],
[44,63,115],
[27,132,151],
[4,14,54],
[92,102,142],
[72,83,121],
[33,160,171],
[43,62,113],
[25,131,150],
[40,124,130],
[8,69,87],
[96,157,175],
[37,41,126],
[10,66,70],
[98,154,158],
[38,42,129],
[13,67,71],
[101,155,159],
[36,125,128],
[9,12,65],
[97,100,153],
[7,99,156],
[11,68,95],
[39,127,176]],

[[57,84,103],
[15,145,172],
[62,86,114],
[26,150,174],
[28,73,92],
[4,116,161],
[33,55,132],
[44,121,143],
[3,14,53],
[91,102,141],
[72,82,120],
[32,160,170],
[43,61,112],
[24,131,149],
[2,20,51],
[90,108,139],
[78,80,119],
[31,166,168],
[49,60,110],
[22,137,148],
[1,19,56],
[89,107,144],
[77,85,118],
[30,165,173],
[48,59,115],
[27,136,147],
[0,18,54],
[88,106,142],
[76,83,117],
[29,164,171],
[47,58,113],
[25,135,146],
[6,17,52],
[94,105,140],
[75,81,123],
[35,163,169],
[46,64,111],
[23,134,152],
[5,16,50],
[93,104,138],
[74,79,122],
[34,162,167],
[45,63,109],
[21,133,151],
[39,124,129],
[8,13,68],
[96,101,156],
[38,41,127],
[11,67,70],
[99,155,158],
[36,37,42],
[65,66,71],
[153,154,159],
[125,126,130],
[9,10,87],
[97,98,175],
[7,100,157],
[12,69,95],
[40,128,176]],

[[57,80,105],
[17,145,168],
[63,86,110],
[22,151,174],
[28,75,93],
[5,116,163],
[34,51,134],
[46,122,139],
[4,16,56],
[92,104,144],
[74,85,121],
[33,162,173],
[45,62,115],
[27,133,150],
[3,15,54],
[91,103,142],
[73,83,120],
[32,161,171],
[44,61,113],
[25,132,149],
[2,14,52],
[90,102,140],
[72,81,119],
[31,160,169],
[43,60,111],
[23,131,148],
[1,20,50],
[89,108,138],
[78,79,118],
[30,166,167],
[49,59,109],
[21,137,147],
[0,19,55],
[88,107,143],
[77,84,117],
[29,165,172],
[48,58,114],
[26,136,146],
[6,18,53],
[94,106,141],
[76,82,123],
[35,164,170],
[47,64,112],
[24,135,152],
[42,124,126],
[8,10,71],
[96,98,159],
[37,39,128],
[12,66,68],
[100,154,156],
[38,40,125],
[9,67,69],
[97,155,157],
[36,127,130],
[11,65,87],
[99,153,175],
[7,101,158],
[13,70,95],
[41,129,176]],

[[57,83,107],
[19,145,171],
[64,86,113],
[25,152,174],
[28,77,94],
[6,116,165],
[35,54,136],
[48,123,142],
[5,18,52],
[93,106,140],
[76,81,122],
[34,164,169],
[47,63,111],
[23,135,151],
[4,17,50],
[92,105,138],
[75,79,121],
[33,163,167],
[46,62,109],
[21,134,150],
[3,16,55],
[91,104,143],
[74,84,120],
[32,162,172],
[45,61,114],
[26,133,149],
[2,15,53],
[90,103,141],
[73,82,119],
[31,161,170],
[44,60,112],
[24,132,148],
[1,14,51],
[89,102,139],
[72,80,118],
[30,160,168],
[43,59,110],
[22,131,147],
[0,20,56],
[88,108,144],
[78,85,117],
[29,166,173],
[49,58,115],
[27,137,146],
[41,124,125],
[8,9,70],
[96,97,158],
[36,38,39],
[65,67,68],
[153,155,156],
[37,40,129],
[13,66,69],
[101,154,157],
[126,127,128],
[10,11,12],
[98,99,100],
[7,159,175],
[71,87,95],
[42,130,176]],

[[28,65,109],
[21,116,153],
[79,86,88],
[0,167,174],
[57,58,95],
[7,145,146],
[29,36,138],
[50,117,124],
[3,11,82],
[91,99,170],
[32,53,69],
[120,141,157],
[24,40,61],
[112,128,149],
[6,8,85],
[94,96,173],
[35,56,66],
[123,144,154],
[27,37,64],
[115,125,152],
[2,12,81],
[90,100,169],
[31,52,70],
[119,140,158],
[23,41,60],
[111,129,148],
[5,9,84],
[93,97,172],
[34,55,67],
[122,143,155],
[26,38,63],
[114,126,151],
[1,13,80],
[89,101,168],
[30,51,71],
[118,139,159],
[22,42,59],
[110,130,147],
[4,10,83],
[92,98,171],
[33,54,68],
[121,142,156],
[25,39,62],
[113,127,150],
[44,45,137],
[73,74,87],
[161,162,175],
[46,47,133],
[17,75,76],
[105,163,164],
[48,49,135],
[19,77,78],
[107,165,166],
[132,134,136],
[16,18,20],
[104,106,108],
[14,103,160],
[15,72,102],
[43,131,176]],

[[28,69,114],
[26,116,157],
[84,86,92],
[4,172,174],
[57,62,99],
[11,145,150],
[33,40,143],
[55,121,128],
[0,8,80],
[88,96,168],
[29,51,66],
[117,139,154],
[22,37,58],
[110,125,146],
[3,12,83],
[91,100,171],
[32,54,70],
[120,142,158],
[25,41,61],
[113,129,149],
[6,9,79],
[94,97,167],
[35,50,67],
[123,138,155],
[21,38,64],
[109,126,152],
[2,13,82],
[90,101,170],
[31,53,71],
[119,141,159],
[24,42,60],
[112,130,148],
[5,10,85],
[93,98,173],
[34,56,68],
[122,144,156],
[27,39,63],
[115,127,151],
[1,7,81],
[89,95,169],
[30,52,65],
[118,140,153],
[23,36,59],
[111,124,147],
[45,131,135],
[15,19,74],
[103,107,162],
[47,49,134],
[18,76,78],
[106,164,166],
[46,48,137],
[75,77,87],
[163,165,175],
[43,133,136],
[17,20,72],
[105,108,160],
[14,104,161],
[16,73,102],
[44,132,176]],

[[28,66,112],
[24,116,154],
[82,86,89],
[1,170,174],
[57,59,96],
[8,145,147],
[30,37,141],
[53,118,125],
[4,12,85],
[92,100,173],
[33,56,70],
[121,144,158],
[27,41,62],
[115,129,150],
[0,9,81],
[88,97,169],
[29,52,67],
[117,140,155],
[23,38,58],
[111,126,146],
[3,13,84],
[91,101,172],
[32,55,71],
[120,143,159],
[26,42,61],
[114,130,149],
[6,10,80],
[94,98,168],
[35,51,68],
[123,139,156],
[22,39,64],
[110,127,152],
[2,7,83],
[90,95,171],
[31,54,65],
[119,142,153],
[25,36,60],
[113,124,148],
[5,11,79],
[93,99,167],
[34,50,69],
[122,138,157],
[21,40,63],
[109,128,151],
[44,131,134],
[15,18,73],
[103,106,161],
[46,49,132],
[16,75,78],
[104,163,166],
[43,47,48],
[72,76,77],
[160,164,165],
[135,136,137],
[19,20,87],
[107,108,175],
[14,105,162],
[17,74,102],
[45,133,176]],

[[28,70,110],
[22,116,158],
[80,86,93],
[5,168,174],
[57,63,100],
[12,145,151],
[34,41,139],
[51,122,129],
[1,9,83],
[89,97,171],
[30,54,67],
[118,142,155],
[25,38,59],
[113,126,147],
[4,13,79],
[92,101,167],
[33,50,71],
[121,138,159],
[21,42,62],
[109,130,150],
[0,10,82],
[88,98,170],
[29,53,68],
[117,141,156],
[24,39,58],
[112,127,146],
[3,7,85],
[91,95,173],
[32,56,65],
[120,144,153],
[27,36,61],
[115,124,149],
[6,11,81],
[94,99,169],
[35,52,69],
[123,140,157],
[23,40,64],
[111,128,152],
[2,8,84],
[90,96,172],
[31,55,66],
[119,143,154],
[26,37,60],
[114,125,148],
[47,131,137],
[15,76,87],
[103,164,175],
[44,48,133],
[17,73,77],
[105,161,165],
[45,49,136],
[20,74,78],
[108,162,166],
[43,132,135],
[16,19,72],
[104,107,160],
[14,106,163],
[18,75,102],
[46,134,176]],

[[28,67,115],
[27,116,155],
[85,86,90],
[2,173,174],
[57,60,97],
[9,145,148],
[31,38,144],
[56,119,126],
[5,13,81],
[93,101,169],
[34,52,71],
[122,140,159],
[23,42,63],
[111,130,151],
[1,10,84],
[89,98,172],
[30,55,68],
[118,143,156],
[26,39,59],
[114,127,147],
[4,7,80],
[92,95,168],
[33,51,65],
[121,139,153],
[22,36,62],
[110,124,150],
[0,11,83],
[88,99,171],
[29,54,69],
[117,142,157],
[25,40,58],
[113,128,146],
[3,8,79],
[91,96,167],
[32,50,66],
[120,138,154],
[21,37,61],
[109,125,149],
[6,12,82],
[94,100,170],
[35,53,70],
[123,141,158],
[24,41,64],
[112,129,152],
[46,131,136],
[15,20,75],
[103,108,163],
[45,48,134],
[18,74,77],
[106,162,165],
[43,44,49],
[72,73,78],
[160,161,166],
[132,133,137],
[16,17,87],
[104,105,175],
[14,107,164],
[19,76,102],
[47,135,176]],

[[28,71,113],
[25,116,159],
[83,86,94],
[6,171,174],
[57,64,101],
[13,145,152],
[35,42,142],
[54,123,130],
[2,10,79],
[90,98,167],
[31,50,68],
[119,138,156],
[21,39,60],
[109,127,148],
[5,7,82],
[93,95,170],
[34,53,65],
[122,141,153],
[24,36,63],
[112,124,151],
[1,11,85],
[89,99,173],
[30,56,69],
[118,144,157],
[27,40,59],
[115,128,147],
[4,8,81],
[92,96,169],
[33,52,66],
[121,140,154],
[23,37,62],
[111,125,150],
[0,12,84],
[88,100,172],
[29,55,70],
[117,143,158],
[26,41,58],
[114,129,146],
[3,9,80],
[91,97,168],
[32,51,67],
[120,139,155],
[22,38,61],
[110,126,149],
[49,131,133],
[15,17,78],
[103,105,166],
[44,46,135],
[19,73,75],
[107,161,163],
[45,47,132],
[16,74,76],
[104,162,164],
[43,134,137],
[18,72,87],
[106,160,175],
[14,108,165],
[20,77,102],
[48,136,176]],

[[28,68,111],
[23,116,156],
[81,86,91],
[3,169,174],
[57,61,98],
[10,145,149],
[32,39,140],
[52,120,127],
[6,7,84],
[94,95,172],
[35,55,65],
[123,143,153],
[26,36,64],
[114,124,152],
[2,11,80],
[90,99,168],
[31,51,69],
[119,139,157],
[22,40,60],
[110,128,148],
[5,8,83],
[93,96,171],
[34,54,66],
[122,142,154],
[25,37,63],
[113,125,151],
[1,12,79],
[89,100,167],
[30,50,70],
[118,138,158],
[21,41,59],
[109,129,147],
[4,9,82],
[92,97,170],
[33,53,67],
[121,141,155],
[24,38,62],
[112,126,150],
[0,13,85],
[88,101,173],
[29,56,71],
[117,144,159],
[27,42,58],
[115,130,146],
[48,131,132],
[15,16,77],
[103,104,165],
[43,45,46],
[72,74,75],
[160,162,163],
[44,47,136],
[20,73,76],
[108,161,164],
[133,134,135],
[17,18,19],
[105,106,107],
[14,166,175],
[78,87,102],
[49,137,176]],

[[72,86,95],
[7,160,174],
[28,58,102],
[14,116,146],
[57,65,88],
[0,145,153],
[36,117,131],
[29,43,124],
[19,90,127],
[2,39,107],
[60,77,98],
[10,148,165],
[48,68,119],
[31,136,156],
[17,92,130],
[4,42,105],
[62,75,101],
[13,150,163],
[46,71,121],
[33,134,159],
[15,94,126],
[6,38,103],
[64,73,97],
[9,152,161],
[44,67,123],
[35,132,155],
[20,89,129],
[1,41,108],
[59,78,100],
[12,147,166],
[49,70,118],
[30,137,158],
[18,91,125],
[3,37,106],
[61,76,96],
[8,149,164],
[47,66,120],
[32,135,154],
[16,93,128],
[5,40,104],
[63,74,99],
[11,151,162],
[45,69,122],
[34,133,157],
[51,52,144],
[80,81,87],
[168,169,175],
[53,54,140],
[24,82,83],
[112,170,171],
[55,56,142],
[26,84,85],
[114,172,173],
[139,141,143],
[23,25,27],
[111,113,115],
[21,110,167],
[22,79,109],
[50,138,176]],

[[75,86,100],
[12,163,174],
[28,63,105],
[17,116,151],
[57,70,93],
[5,145,158],
[41,122,134],
[34,46,129],
[15,88,125],
[0,37,103],
[58,73,96],
[8,146,161],
[44,66,117],
[29,132,154],
[20,90,128],
[2,40,108],
[60,78,99],
[11,148,166],
[49,69,119],
[31,137,157],
[18,92,124],
[4,36,106],
[62,76,95],
[7,150,164],
[47,65,121],
[33,135,153],
[16,94,127],
[6,39,104],
[64,74,98],
[10,152,162],
[45,68,123],
[35,133,156],
[14,89,130],
[1,42,102],
[59,72,101],
[13,147,160],
[43,71,118],
[30,131,159],
[19,91,126],
[3,38,107],
[61,77,97],
[9,149,165],
[48,67,120],
[32,136,155],
[52,138,142],
[22,26,81],
[110,114,169],
[54,56,141],
[25,83,85],
[113,171,173],
[53,55,144],
[82,84,87],
[170,172,175],
[50,140,143],
[24,27,79],
[112,115,167],
[21,111,168],
[23,80,109],
[51,139,176]],

[[78,86,98],
[10,166,174],
[28,61,108],
[20,116,149],
[57,68,91],
[3,145,156],
[39,120,137],
[32,49,127],
[18,93,130],
[5,42,106],
[63,76,101],
[13,151,164],
[47,71,122],
[34,135,159],
[16,88,126],
[0,38,104],
[58,74,97],
[9,146,162],
[45,67,117],
[29,133,155],
[14,90,129],
[2,41,102],
[60,72,100],
[12,148,160],
[43,70,119],
[31,131,158],
[19,92,125],
[4,37,107],
[62,77,96],
[8,150,165],
[48,66,121],
[33,136,154],
[17,94,128],
[6,40,105],
[64,75,99],
[11,152,163],
[46,69,123],
[35,134,157],
[15,89,124],
[1,36,103],
[59,73,95],
[7,147,161],
[44,65,118],
[30,132,153],
[51,138,141],
[22,25,80],
[110,113,168],
[53,56,139],
[23,82,85],
[111,170,173],
[50,54,55],
[79,83,84],
[167,171,172],
[142,143,144],
[26,27,87],
[114,115,175],
[21,112,169],
[24,81,109],
[52,140,176]],

[[74,86,96],
[8,162,174],
[28,59,104],
[16,116,147],
[57,66,89],
[1,145,154],
[37,118,133],
[30,45,125],
[14,91,128],
[3,40,102],
[61,72,99],
[11,149,160],
[43,69,120],
[32,131,157],
[19,93,124],
[5,36,107],
[63,77,95],
[7,151,165],
[48,65,122],
[34,136,153],
[17,88,127],
[0,39,105],
[58,75,98],
[10,146,163],
[46,68,117],
[29,134,156],
[15,90,130],
[2,42,103],
[60,73,101],
[13,148,161],
[44,71,119],
[31,132,159],
[20,92,126],
[4,38,108],
[62,78,97],
[9,150,166],
[49,67,121],
[33,137,155],
[18,94,129],
[6,41,106],
[64,76,100],
[12,152,164],
[47,70,123],
[35,135,158],
[54,138,144],
[22,83,87],
[110,171,175],
[51,55,140],
[24,80,84],
[112,168,172],
[52,56,143],
[27,81,85],
[115,169,173],
[50,139,142],
[23,26,79],
[111,114,167],
[21,113,170],
[25,82,109],
[53,141,176]],

[[77,86,101],
[13,165,174],
[28,64,107],
[19,116,152],
[57,71,94],
[6,145,159],
[42,123,136],
[35,48,130],
[17,89,126],
[1,38,105],
[59,75,97],
[9,147,163],
[46,67,118],
[30,134,155],
[15,91,129],
[3,41,103],
[61,73,100],
[12,149,161],
[44,70,120],
[32,132,158],
[20,93,125],
[5,37,108],
[63,78,96],
[8,151,166],
[49,66,122],
[34,137,154],
[18,88,128],
[0,40,106],
[58,76,99],
[11,146,164],
[47,69,117],
[29,135,157],
[16,90,124],
[2,36,104],
[60,74,95],
[7,148,162],
[45,65,119],
[31,133,153],
[14,92,127],
[4,39,102],
[62,72,98],
[10,150,160],
[43,68,121],
[33,131,156],
[53,138,143],
[22,27,82],
[110,115,170],
[52,55,141],
[25,81,84],
[113,169,172],
[50,51,56],
[79,80,85],
[167,168,173],
[139,140,144],
[23,24,87],
[111,112,175],
[21,114,171],
[26,83,109],
[54,142,176]],

[[73,86,99],
[11,161,174],
[28,62,103],
[15,116,150],
[57,69,92],
[4,145,157],
[40,121,132],
[33,44,128],
[20,94,124],
[6,36,108],
[64,78,95],
[7,152,166],
[49,65,123],
[35,137,153],
[18,89,127],
[1,39,106],
[59,76,98],
[10,147,164],
[47,68,118],
[30,135,156],
[16,91,130],
[3,42,104],
[61,74,101],
[13,149,162],
[45,71,120],
[32,133,159],
[14,93,126],
[5,38,102],
[63,72,97],
[9,151,160],
[43,67,122],
[34,131,155],
[19,88,129],
[0,41,107],
[58,77,100],
[12,146,165],
[48,70,117],
[29,136,158],
[17,90,125],
[2,37,105],
[60,75,96],
[8,148,163],
[46,66,119],
[31,134,154],
[56,138,140],
[22,24,85],
[110,112,173],
[51,53,142],
[26,80,82],
[114,168,170],
[52,54,139],
[23,81,83],
[111,169,171],
[50,141,144],
[25,79,87],
[113,167,175],
[21,115,172],
[27,84,109],
[55,143,176]],

[[76,86,97],
[9,164,174],
[28,60,106],
[18,116,148],
[57,67,90],
[2,145,155],
[38,119,135],
[31,47,126],
[16,92,129],
[4,41,104],
[62,74,100],
[12,150,162],
[45,70,121],
[33,133,158],
[14,94,125],
[6,37,102],
[64,72,96],
[8,152,160],
[43,66,123],
[35,131,154],
[19,89,128],
[1,40,107],
[59,77,99],
[11,147,165],
[48,69,118],
[30,136,157],
[17,91,124],
[3,36,105],
[61,75,95],
[7,149,163],
[46,65,120],
[32,134,153],
[15,93,127],
[5,39,103],
[63,73,98],
[10,151,161],
[44,68,122],
[34,132,156],
[20,88,130],
[0,42,108],
[58,78,101],
[13,146,166],
[49,71,117],
[29,137,159],
[55,138,139],
[22,23,84],
[110,111,172],
[50,52,53],
[79,81,82],
[167,169,170],
[51,54,143],
[27,80,83],
[115,168,171],
[140,141,142],
[24,25,26],
[112,113,114],
[21,173,175],
[85,87,109],
[56,144,176]],

[[14,36,79],
[102,124,167],
[21,29,72],
[109,117,160],
[0,50,65],
[88,138,153],
[7,43,58],
[95,131,146],
[16,37,82],
[104,125,170],
[24,30,74],
[112,118,162],
[1,53,66],
[89,141,154],
[8,45,59],
[96,133,147],
[18,38,85],
[106,126,173],
[27,31,76],
[115,119,164],
[2,56,67],
[90,144,155],
[9,47,60],
[97,135,148],
[20,39,81],
[108,127,169],
[23,32,78],
[111,120,166],
[3,52,68],
[91,140,156],
[10,49,61],
[98,137,149],
[15,40,84],
[103,128,172],
[26,33,73],
[114,121,161],
[4,55,69],
[92,143,157],
[11,44,62],
[99,132,150],
[17,41,80],
[105,129,168],
[22,34,75],
[110,122,163],
[5,51,70],
[93,139,158],
[12,46,63],
[100,134,151],
[19,42,83],
[107,130,171],
[25,35,77],
[113,123,165],
[6,54,71],
[94,142,159],
[13,48,64],
[101,136,152],
[86,87,116],
[28,174,175],
[57,145,176]],

[[50,102,116],
[14,28,138],
[36,109,174],
[21,86,124],
[43,95,145],
[7,57,131],
[65,72,79],
[153,160,167],
[51,96,161],
[8,73,139],
[80,103,154],
[15,66,168],
[37,110,132],
[22,44,125],
[52,97,162],
[9,74,140],
[81,104,155],
[16,67,169],
[38,111,133],
[23,45,126],
[53,98,163],
[10,75,141],
[82,105,156],
[17,68,170],
[39,112,134],
[24,46,127],
[54,99,164],
[11,76,142],
[83,106,157],
[18,69,171],
[40,113,135],
[25,47,128],
[55,100,165],
[12,77,143],
[84,107,158],
[19,70,172],
[41,114,136],
[26,48,129],
[56,101,166],
[13,78,144],
[85,108,159],
[20,71,173],
[42,115,137],
[27,49,130],
[31,59,175],
[60,123,147],
[30,87,148],
[33,61,91],
[62,119,149],
[3,32,150],
[35,63,93],
[64,121,151],
[5,34,152],
[2,92,122],
[6,90,120],
[4,94,118],
[0,1,117],
[29,88,89],
[58,146,176]],

[[53,104,116],
[16,28,141],
[37,112,174],
[24,86,125],
[45,96,145],
[8,57,133],
[66,74,82],
[154,162,170],
[54,97,163],
[9,75,142],
[83,105,155],
[17,67,171],
[38,113,134],
[25,46,126],
[55,98,164],
[10,76,143],
[84,106,156],
[18,68,172],
[39,114,135],
[26,47,127],
[56,99,165],
[11,77,144],
[85,107,157],
[19,69,173],
[40,115,136],
[27,48,128],
[50,100,166],
[12,78,138],
[79,108,158],
[20,70,167],
[41,109,137],
[21,49,129],
[51,101,160],
[13,72,139],
[80,102,159],
[14,71,168],
[42,110,131],
[22,43,130],
[52,95,161],
[7,73,140],
[81,103,153],
[15,65,169],
[36,111,132],
[23,44,124],
[5,31,89],
[60,93,117],
[1,121,148],
[33,64,92],
[62,120,152],
[4,35,150],
[34,61,175],
[63,123,149],
[32,87,151],
[6,29,91],
[58,94,119],
[3,122,146],
[0,2,118],
[30,88,90],
[59,147,176]],

[[56,106,116],
[18,28,144],
[38,115,174],
[27,86,126],
[47,97,145],
[9,57,135],
[67,76,85],
[155,164,173],
[50,98,165],
[10,77,138],
[79,107,156],
[19,68,167],
[39,109,136],
[21,48,127],
[51,99,166],
[11,78,139],
[80,108,157],
[20,69,168],
[40,110,137],
[22,49,128],
[52,100,160],
[12,72,140],
[81,102,158],
[14,70,169],
[41,111,131],
[23,43,129],
[53,101,161],
[13,73,141],
[82,103,159],
[15,71,170],
[42,112,132],
[24,44,130],
[54,95,162],
[7,74,142],
[83,104,153],
[16,65,171],
[36,113,133],
[25,45,124],
[55,96,163],
[8,75,143],
[84,105,154],
[17,66,172],
[37,114,134],
[26,46,125],
[4,30,89],
[59,92,117],
[1,120,147],
[35,61,90],
[64,118,149],
[2,32,152],
[34,62,146],
[29,63,150],
[33,58,151],
[5,94,123],
[87,93,122],
[6,121,175],
[0,3,119],
[31,88,91],
[60,148,176]],

[[52,108,116],
[20,28,140],
[39,111,174],
[23,86,127],
[49,98,145],
[10,57,137],
[68,78,81],
[156,166,169],
[53,99,160],
[11,72,141],
[82,102,157],
[14,69,170],
[40,112,131],
[24,43,128],
[54,100,161],
[12,73,142],
[83,103,158],
[15,70,171],
[41,113,132],
[25,44,129],
[55,101,162],
[13,74,143],
[84,104,159],
[16,71,172],
[42,114,133],
[26,45,130],
[56,95,163],
[7,75,144],
[85,105,153],
[17,65,173],
[36,115,134],
[27,46,124],
[50,96,164],
[8,76,138],
[79,106,154],
[18,66,167],
[37,109,135],
[21,47,125],
[51,97,165],
[9,77,139],
[80,107,155],
[19,67,168],
[38,110,136],
[22,48,126],
[33,87,89],
[62,117,175],
[1,123,150],
[30,63,91],
[59,119,151],
[3,34,147],
[35,60,94],
[64,122,148],
[6,31,152],
[58,90,121],
[5,118,146],
[2,29,93],
[0,4,120],
[32,88,92],
[61,149,176]],

[[55,103,116],
[15,28,143],
[40,114,174],
[26,86,128],
[44,99,145],
[11,57,132],
[69,73,84],
[157,161,172],
[56,100,162],
[12,74,144],
[85,104,158],
[16,70,173],
[41,115,133],
[27,45,129],
[50,101,163],
[13,75,138],
[79,105,159],
[17,71,167],
[42,109,134],
[21,46,130],
[51,95,164],
[7,76,139],
[80,106,153],
[18,65,168],
[36,110,135],
[22,47,124],
[52,96,165],
[8,77,140],
[81,107,154],
[19,66,169],
[37,111,136],
[23,48,125],
[53,97,166],
[9,78,141],
[82,108,155],
[20,67,170],
[38,112,137],
[24,49,126],
[54,98,160],
[10,72,142],
[83,102,156],
[14,68,171],
[39,113,131],
[25,43,127],
[6,32,89],
[61,94,117],
[1,122,149],
[31,63,92],
[60,120,151],
[4,34,148],
[30,64,146],
[29,59,152],
[35,58,147],
[3,118,175],
[2,91,123],
[87,90,119],
[0,5,121],
[33,88,93],
[62,150,176]],

[[51,105,116],
[17,28,139],
[41,110,174],
[22,86,129],
[46,100,145],
[12,57,134],
[70,75,80],
[158,163,168],
[52,101,164],
[13,76,140],
[81,106,159],
[18,71,169],
[42,111,135],
[23,47,130],
[53,95,165],
[7,77,141],
[82,107,153],
[19,65,170],
[36,112,136],
[24,48,124],
[54,96,166],
[8,78,142],
[83,108,154],
[20,66,171],
[37,113,137],
[25,49,125],
[55,97,160],
[9,72,143],
[84,102,155],
[14,67,172],
[38,114,131],
[26,43,126],
[56,98,161],
[10,73,144],
[85,103,156],
[15,68,173],
[39,115,132],
[27,44,127],
[50,99,162],
[11,74,138],
[79,104,157],
[16,69,167],
[40,109,133],
[21,45,128],
[3,35,89],
[64,91,117],
[1,119,152],
[32,59,93],
[61,121,147],
[5,30,149],
[31,62,90],
[60,118,150],
[2,33,148],
[87,120,146],
[4,29,175],
[58,92,123],
[0,6,122],
[34,88,94],
[63,151,176]],

[[54,107,116],
[19,28,142],
[42,113,174],
[25,86,130],
[48,101,145],
[13,57,136],
[71,77,83],
[159,165,171],
[55,95,166],
[7,78,143],
[84,108,153],
[20,65,172],
[36,114,137],
[26,49,124],
[56,96,160],
[8,72,144],
[85,102,154],
[14,66,173],
[37,115,131],
[27,43,125],
[50,97,161],
[9,73,138],
[79,103,155],
[15,67,167],
[38,109,132],
[21,44,126],
[51,98,162],
[10,74,139],
[80,104,156],
[16,68,168],
[39,110,133],
[22,45,127],
[52,99,163],
[11,75,140],
[81,105,157],
[17,69,169],
[40,111,134],
[23,46,128],
[53,100,164],
[12,76,141],
[82,106,158],
[18,70,170],
[41,112,135],
[24,47,129],
[2,34,89],
[63,90,117],
[1,118,151],
[32,60,146],
[29,61,148],
[31,58,149],
[33,59,94],
[62,122,147],
[6,30,150],
[4,93,119],
[3,92,121],
[5,91,120],
[0,87,123],
[35,88,175],
[64,152,176]],

[[43,109,116],
[21,28,131],
[50,88,145],
[0,57,138],
[29,102,174],
[14,86,117],
[58,79,160],
[72,146,167],
[26,94,166],
[6,78,114],
[20,64,84],
[108,152,172],
[55,123,137],
[35,49,143],
[24,93,165],
[5,77,112],
[19,63,82],
[107,151,170],
[53,122,136],
[34,48,141],
[22,92,164],
[4,76,110],
[18,62,80],
[106,150,168],
[51,121,135],
[33,47,139],
[27,91,163],
[3,75,115],
[17,61,85],
[105,149,173],
[56,120,134],
[32,46,144],
[25,90,162],
[2,74,113],
[16,60,83],
[104,148,171],
[54,119,133],
[31,45,142],
[23,89,161],
[1,73,111],
[15,59,81],
[103,147,169],
[52,118,132],
[30,44,140],
[38,66,175],
[67,130,154],
[37,87,155],
[40,68,98],
[69,126,156],
[10,39,157],
[42,70,100],
[71,128,158],
[12,41,159],
[9,99,129],
[13,97,127],
[11,101,125],
[7,8,124],
[36,95,96],
[65,153,176]],

[[45,112,116],
[24,28,133],
[53,89,145],
[1,57,141],
[30,104,174],
[16,86,118],
[59,82,162],
[74,147,170],
[22,88,161],
[0,73,110],
[15,58,80],
[103,146,168],
[51,117,132],
[29,44,139],
[27,94,160],
[6,72,115],
[14,64,85],
[102,152,173],
[56,123,131],
[35,43,144],
[25,93,166],
[5,78,113],
[20,63,83],
[108,151,171],
[54,122,137],
[34,49,142],
[23,92,165],
[4,77,111],
[19,62,81],
[107,150,169],
[52,121,136],
[33,48,140],
[21,91,164],
[3,76,109],
[18,61,79],
[106,149,167],
[50,120,135],
[32,47,138],
[26,90,163],
[2,75,114],
[17,60,84],
[105,148,172],
[55,119,134],
[31,46,143],
[12,38,96],
[67,100,124],
[8,128,155],
[40,71,99],
[69,127,159],
[11,42,157],
[41,68,175],
[70,130,156],
[39,87,158],
[13,36,98],
[65,101,126],
[10,129,153],
[7,9,125],
[37,95,97],
[66,154,176]],

[[47,115,116],
[27,28,135],
[56,90,145],
[2,57,144],
[31,106,174],
[18,86,119],
[60,85,164],
[76,148,173],
[25,89,163],
[1,75,113],
[17,59,83],
[105,147,171],
[54,118,134],
[30,46,142],
[23,88,162],
[0,74,111],
[16,58,81],
[104,146,169],
[52,117,133],
[29,45,140],
[21,94,161],
[6,73,109],
[15,64,79],
[103,152,167],
[50,123,132],
[35,44,138],
[26,93,160],
[5,72,114],
[14,63,84],
[102,151,172],
[55,122,131],
[34,43,143],
[24,92,166],
[4,78,112],
[20,62,82],
[108,150,170],
[53,121,137],
[33,49,141],
[22,91,165],
[3,77,110],
[19,61,80],
[107,149,168],
[51,120,136],
[32,48,139],
[11,37,96],
[66,99,124],
[8,127,154],
[42,68,97],
[71,125,156],
[9,39,159],
[41,69,153],
[36,70,157],
[40,65,158],
[12,101,130],
[87,100,129],
[13,128,175],
[7,10,126],
[38,95,98],
[67,155,176]],

[[49,111,116],
[23,28,137],
[52,91,145],
[3,57,140],
[32,108,174],
[20,86,120],
[61,81,166],
[78,149,169],
[21,90,165],
[2,77,109],
[19,60,79],
[107,148,167],
[50,119,136],
[31,48,138],
[26,89,164],
[1,76,114],
[18,59,84],
[106,147,172],
[55,118,135],
[30,47,143],
[24,88,163],
[0,75,112],
[17,58,82],
[105,146,170],
[53,117,134],
[29,46,141],
[22,94,162],
[6,74,110],
[16,64,80],
[104,152,168],
[51,123,133],
[35,45,139],
[27,93,161],
[5,73,115],
[15,63,85],
[103,151,173],
[56,122,132],
[34,44,144],
[25,92,160],
[4,72,113],
[14,62,83],
[102,150,171],
[54,121,131],
[33,43,142],
[40,87,96],
[69,124,175],
[8,130,157],
[37,70,98],
[66,126,158],
[10,41,154],
[42,67,101],
[71,129,155],
[13,38,159],
[65,97,128],
[12,125,153],
[9,36,100],
[7,11,127],
[39,95,99],
[68,156,176]],

[[44,114,116],
[26,28,132],
[55,92,145],
[4,57,143],
[33,103,174],
[15,86,121],
[62,84,161],
[73,150,172],
[24,91,160],
[3,72,112],
[14,61,82],
[102,149,170],
[53,120,131],
[32,43,141],
[22,90,166],
[2,78,110],
[20,60,80],
[108,148,168],
[51,119,137],
[31,49,139],
[27,89,165],
[1,77,115],
[19,59,85],
[107,147,173],
[56,118,136],
[30,48,144],
[25,88,164],
[0,76,113],
[18,58,83],
[106,146,171],
[54,117,135],
[29,47,142],
[23,94,163],
[6,75,111],
[17,64,81],
[105,152,169],
[52,123,134],
[35,46,140],
[21,93,162],
[5,74,109],
[16,63,79],
[104,151,167],
[50,122,133],
[34,45,138],
[13,39,96],
[68,101,124],
[8,129,156],
[38,70,99],
[67,127,158],
[11,41,155],
[37,71,153],
[36,66,159],
[42,65,154],
[10,125,175],
[9,98,130],
[87,97,126],
[7,12,128],
[40,95,100],
[69,157,176]],

[[46,110,116],
[22,28,134],
[51,93,145],
[5,57,139],
[34,105,174],
[17,86,122],
[63,80,163],
[75,151,168],
[27,92,162],
[4,74,115],
[16,62,85],
[104,150,173],
[56,121,133],
[33,45,144],
[25,91,161],
[3,73,113],
[15,61,83],
[103,149,171],
[54,120,132],
[32,44,142],
[23,90,160],
[2,72,111],
[14,60,81],
[102,148,169],
[52,119,131],
[31,43,140],
[21,89,166],
[1,78,109],
[20,59,79],
[108,147,167],
[50,118,137],
[30,49,138],
[26,88,165],
[0,77,114],
[19,58,84],
[107,146,172],
[55,117,136],
[29,48,143],
[24,94,164],
[6,76,112],
[18,64,82],
[106,152,170],
[53,123,135],
[35,47,141],
[10,42,96],
[71,98,124],
[8,126,159],
[39,66,100],
[68,128,154],
[12,37,156],
[38,69,97],
[67,125,157],
[9,40,155],
[87,127,153],
[11,36,175],
[65,99,130],
[7,13,129],
[41,95,101],
[70,158,176]],

[[48,113,116],
[25,28,136],
[54,94,145],
[6,57,142],
[35,107,174],
[19,86,123],
[64,83,165],
[77,152,171],
[23,93,164],
[5,76,111],
[18,63,81],
[106,151,169],
[52,122,135],
[34,47,140],
[21,92,163],
[4,75,109],
[17,62,79],
[105,150,167],
[50,121,134],
[33,46,138],
[26,91,162],
[3,74,114],
[16,61,84],
[104,149,172],
[55,120,133],
[32,45,143],
[24,90,161],
[2,73,112],
[15,60,82],
[103,148,170],
[53,119,132],
[31,44,141],
[22,89,160],
[1,72,110],
[14,59,80],
[102,147,168],
[51,118,131],
[30,43,139],
[27,88,166],
[0,78,115],
[20,58,85],
[108,146,173],
[56,117,137],
[29,49,144],
[9,41,96],
[70,97,124],
[8,125,158],
[39,67,153],
[36,68,155],
[38,65,156],
[40,66,101],
[69,129,154],
[13,37,157],
[11,100,126],
[10,99,128],
[12,98,127],
[7,87,130],
[42,95,175],
[71,159,176]],

[[50,95,174],
[7,86,138],
[29,109,145],
[21,57,117],
[36,88,116],
[0,28,124],
[79,146,153],
[58,65,167],
[3,24,69],
[91,112,157],
[11,53,61],
[99,141,149],
[32,40,82],
[120,128,170],
[6,27,66],
[94,115,154],
[8,56,64],
[96,144,152],
[35,37,85],
[123,125,173],
[2,23,70],
[90,111,158],
[12,52,60],
[100,140,148],
[31,41,81],
[119,129,169],
[5,26,67],
[93,114,155],
[9,55,63],
[97,143,151],
[34,38,84],
[122,126,172],
[1,22,71],
[89,110,159],
[13,51,59],
[101,139,147],
[30,42,80],
[118,130,168],
[4,25,68],
[92,113,156],
[10,54,62],
[98,142,150],
[33,39,83],
[121,127,171],
[45,73,175],
[74,137,161],
[44,87,162],
[47,75,105],
[76,133,163],
[17,46,164],
[49,77,107],
[78,135,165],
[19,48,166],
[16,106,136],
[20,104,134],
[18,108,132],
[14,15,131],
[43,102,103],
[72,160,176]],

[[55,99,174],
[11,86,143],
[33,114,145],
[26,57,121],
[40,92,116],
[4,28,128],
[84,150,157],
[62,69,172],
[0,22,66],
[88,110,154],
[8,51,58],
[96,139,146],
[29,37,80],
[117,125,168],
[3,25,70],
[91,113,158],
[12,54,61],
[100,142,149],
[32,41,83],
[120,129,171],
[6,21,67],
[94,109,155],
[9,50,64],
[97,138,152],
[35,38,79],
[123,126,167],
[2,24,71],
[90,112,159],
[13,53,60],
[101,141,148],
[31,42,82],
[119,130,170],
[5,27,68],
[93,115,156],
[10,56,63],
[98,144,151],
[34,39,85],
[122,127,173],
[1,23,65],
[89,111,153],
[7,52,59],
[95,140,147],
[30,36,81],
[118,124,169],
[19,45,103],
[74,107,131],
[15,135,162],
[47,78,106],
[76,134,166],
[18,49,164],
[48,75,175],
[77,137,163],
[46,87,165],
[20,43,105],
[72,108,133],
[17,136,160],
[14,16,132],
[44,102,104],
[73,161,176]],

[[53,96,174],
[8,86,141],
[30,112,145],
[24,57,118],
[37,89,116],
[1,28,125],
[82,147,154],
[59,66,170],
[4,27,70],
[92,115,158],
[12,56,62],
[100,144,150],
[33,41,85],
[121,129,173],
[0,23,67],
[88,111,155],
[9,52,58],
[97,140,146],
[29,38,81],
[117,126,169],
[3,26,71],
[91,114,159],
[13,55,61],
[101,143,149],
[32,42,84],
[120,130,172],
[6,22,68],
[94,110,156],
[10,51,64],
[98,139,152],
[35,39,80],
[123,127,168],
[2,25,65],
[90,113,153],
[7,54,60],
[95,142,148],
[31,36,83],
[119,124,171],
[5,21,69],
[93,109,157],
[11,50,63],
[99,138,151],
[34,40,79],
[122,128,167],
[18,44,103],
[73,106,131],
[15,134,161],
[49,75,104],
[78,132,163],
[16,46,166],
[48,76,160],
[43,77,164],
[47,72,165],
[19,108,137],
[87,107,136],
[20,135,175],
[14,17,133],
[45,102,105],
[74,162,176]],

[[51,100,174],
[12,86,139],
[34,110,145],
[22,57,122],
[41,93,116],
[5,28,129],
[80,151,158],
[63,70,168],
[1,25,67],
[89,113,155],
[9,54,59],
[97,142,147],
[30,38,83],
[118,126,171],
[4,21,71],
[92,109,159],
[13,50,62],
[101,138,150],
[33,42,79],
[121,130,167],
[0,24,68],
[88,112,156],
[10,53,58],
[98,141,146],
[29,39,82],
[117,127,170],
[3,27,65],
[91,115,153],
[7,56,61],
[95,144,149],
[32,36,85],
[120,124,173],
[6,23,69],
[94,111,157],
[11,52,64],
[99,140,152],
[35,40,81],
[123,128,169],
[2,26,66],
[90,114,154],
[8,55,60],
[96,143,148],
[31,37,84],
[119,125,172],
[47,87,103],
[76,131,175],
[15,137,164],
[44,77,105],
[73,133,165],
[17,48,161],
[49,74,108],
[78,136,162],
[20,45,166],
[72,104,135],
[19,132,160],
[16,43,107],
[14,18,134],
[46,102,106],
[75,163,176]],

[[56,97,174],
[9,86,144],
[31,115,145],
[27,57,119],
[38,90,116],
[2,28,126],
[85,148,155],
[60,67,173],
[5,23,71],
[93,111,159],
[13,52,63],
[101,140,151],
[34,42,81],
[122,130,169],
[1,26,68],
[89,114,156],
[10,55,59],
[98,143,147],
[30,39,84],
[118,127,172],
[4,22,65],
[92,110,153],
[7,51,62],
[95,139,150],
[33,36,80],
[121,124,168],
[0,25,69],
[88,113,157],
[11,54,58],
[99,142,146],
[29,40,83],
[117,128,171],
[3,21,66],
[91,109,154],
[8,50,61],
[96,138,149],
[32,37,79],
[120,125,167],
[6,24,70],
[94,112,158],
[12,53,64],
[100,141,152],
[35,41,82],
[123,129,170],
[20,46,103],
[75,108,131],
[15,136,163],
[45,77,106],
[74,134,165],
[18,48,162],
[44,78,160],
[43,73,166],
[49,72,161],
[17,132,175],
[16,105,137],
[87,104,133],
[14,19,135],
[47,102,107],
[76,164,176]],

[[54,101,174],
[13,86,142],
[35,113,145],
[25,57,123],
[42,94,116],
[6,28,130],
[83,152,159],
[64,71,171],
[2,21,68],
[90,109,156],
[10,50,60],
[98,138,148],
[31,39,79],
[119,127,167],
[5,24,65],
[93,112,153],
[7,53,63],
[95,141,151],
[34,36,82],
[122,124,170],
[1,27,69],
[89,115,157],
[11,56,59],
[99,144,147],
[30,40,85],
[118,128,173],
[4,23,66],
[92,111,154],
[8,52,62],
[96,140,150],
[33,37,81],
[121,125,169],
[0,26,70],
[88,114,158],
[12,55,58],
[100,143,146],
[29,41,84],
[117,129,172],
[3,22,67],
[91,110,155],
[9,51,61],
[97,139,149],
[32,38,80],
[120,126,168],
[17,49,103],
[78,105,131],
[15,133,166],
[46,73,107],
[75,135,161],
[19,44,163],
[45,76,104],
[74,132,164],
[16,47,162],
[87,134,160],
[18,43,175],
[72,106,137],
[14,20,136],
[48,102,108],
[77,165,176]],

[[52,98,174],
[10,86,140],
[32,111,145],
[23,57,120],
[39,91,116],
[3,28,127],
[81,149,156],
[61,68,169],
[6,26,65],
[94,114,153],
[7,55,64],
[95,143,152],
[35,36,84],
[123,124,172],
[2,22,69],
[90,110,157],
[11,51,60],
[99,139,148],
[31,40,80],
[119,128,168],
[5,25,66],
[93,113,154],
[8,54,63],
[96,142,151],
[34,37,83],
[122,125,171],
[1,21,70],
[89,109,158],
[12,50,59],
[100,138,147],
[30,41,79],
[118,129,167],
[4,24,67],
[92,112,155],
[9,53,62],
[97,141,150],
[33,38,82],
[121,126,170],
[0,27,71],
[88,115,159],
[13,56,58],
[101,144,146],
[29,42,85],
[117,130,173],
[16,48,103],
[77,104,131],
[15,132,165],
[46,74,160],
[43,75,162],
[45,72,163],
[47,73,108],
[76,136,161],
[20,44,164],
[18,107,133],
[17,106,135],
[19,105,134],
[14,87,137],
[49,102,175],
[78,166,176]],

[[36,102,145],
[14,57,124],
[43,88,174],
[0,86,131],
[29,95,116],
[7,28,117],
[58,72,153],
[65,146,160],
[10,90,136],
[2,48,98],
[60,68,107],
[19,148,156],
[39,119,165],
[31,77,127],
[13,92,134],
[4,46,101],
[62,71,105],
[17,150,159],
[42,121,163],
[33,75,130],
[9,94,132],
[6,44,97],
[64,67,103],
[15,152,155],
[38,123,161],
[35,73,126],
[12,89,137],
[1,49,100],
[59,70,108],
[20,147,158],
[41,118,166],
[30,78,129],
[8,91,135],
[3,47,96],
[61,66,106],
[18,149,154],
[37,120,164],
[32,76,125],
[11,93,133],
[5,45,99],
[63,69,104],
[16,151,157],
[40,122,162],
[34,74,128],
[52,80,175],
[81,144,168],
[51,87,169],
[54,82,112],
[83,140,170],
[24,53,171],
[56,84,114],
[85,142,172],
[26,55,173],
[23,113,143],
[27,111,141],
[25,115,139],
[21,22,138],
[50,109,110],
[79,167,176]],

[[41,105,145],
[17,57,129],
[46,93,174],
[5,86,134],
[34,100,116],
[12,28,122],
[63,75,158],
[70,151,163],
[8,88,132],
[0,44,96],
[58,66,103],
[15,146,154],
[37,117,161],
[29,73,125],
[11,90,137],
[2,49,99],
[60,69,108],
[20,148,157],
[40,119,166],
[31,78,128],
[7,92,135],
[4,47,95],
[62,65,106],
[18,150,153],
[36,121,164],
[33,76,124],
[10,94,133],
[6,45,98],
[64,68,104],
[16,152,156],
[39,123,162],
[35,74,127],
[13,89,131],
[1,43,101],
[59,71,102],
[14,147,159],
[42,118,160],
[30,72,130],
[9,91,136],
[3,48,97],
[61,67,107],
[19,149,155],
[38,120,165],
[32,77,126],
[26,52,110],
[81,114,138],
[22,142,169],
[54,85,113],
[83,141,173],
[25,56,171],
[55,82,175],
[84,144,170],
[53,87,172],
[27,50,112],
[79,115,140],
[24,143,167],
[21,23,139],
[51,109,111],
[80,168,176]],

[[39,108,145],
[20,57,127],
[49,91,174],
[3,86,137],
[32,98,116],
[10,28,120],
[61,78,156],
[68,149,166],
[13,93,135],
[5,47,101],
[63,71,106],
[18,151,159],
[42,122,164],
[34,76,130],
[9,88,133],
[0,45,97],
[58,67,104],
[16,146,155],
[38,117,162],
[29,74,126],
[12,90,131],
[2,43,100],
[60,70,102],
[14,148,158],
[41,119,160],
[31,72,129],
[8,92,136],
[4,48,96],
[62,66,107],
[19,150,154],
[37,121,165],
[33,77,125],
[11,94,134],
[6,46,99],
[64,69,105],
[17,152,157],
[40,123,163],
[35,75,128],
[7,89,132],
[1,44,95],
[59,65,103],
[15,147,153],
[36,118,161],
[30,73,124],
[25,51,110],
[80,113,138],
[22,141,168],
[56,82,111],
[85,139,170],
[23,53,173],
[55,83,167],
[50,84,171],
[54,79,172],
[26,115,144],
[87,114,143],
[27,142,175],
[21,24,140],
[52,109,112],
[81,169,176]],

[[37,104,145],
[16,57,125],
[45,89,174],
[1,86,133],
[30,96,116],
[8,28,118],
[59,74,154],
[66,147,162],
[11,91,131],
[3,43,99],
[61,69,102],
[14,149,157],
[40,120,160],
[32,72,128],
[7,93,136],
[5,48,95],
[63,65,107],
[19,151,153],
[36,122,165],
[34,77,124],
[10,88,134],
[0,46,98],
[58,68,105],
[17,146,156],
[39,117,163],
[29,75,127],
[13,90,132],
[2,44,101],
[60,71,103],
[15,148,159],
[42,119,161],
[31,73,130],
[9,92,137],
[4,49,97],
[62,67,108],
[20,150,155],
[38,121,166],
[33,78,126],
[12,94,135],
[6,47,100],
[64,70,106],
[18,152,158],
[41,123,164],
[35,76,129],
[54,87,110],
[83,138,175],
[22,144,171],
[51,84,112],
[80,140,172],
[24,55,168],
[56,81,115],
[85,143,169],
[27,52,173],
[79,111,142],
[26,139,167],
[23,50,114],
[21,25,141],
[53,109,113],
[82,170,176]],

[[42,107,145],
[19,57,130],
[48,94,174],
[6,86,136],
[35,101,116],
[13,28,123],
[64,77,159],
[71,152,165],
[9,89,134],
[1,46,97],
[59,67,105],
[17,147,155],
[38,118,163],
[30,75,126],
[12,91,132],
[3,44,100],
[61,70,103],
[15,149,158],
[41,120,161],
[32,73,129],
[8,93,137],
[5,49,96],
[63,66,108],
[20,151,154],
[37,122,166],
[34,78,125],
[11,88,135],
[0,47,99],
[58,69,106],
[18,146,157],
[40,117,164],
[29,76,128],
[7,90,133],
[2,45,95],
[60,65,104],
[16,148,153],
[36,119,162],
[31,74,124],
[10,92,131],
[4,43,98],
[62,68,102],
[14,150,156],
[39,121,160],
[33,72,127],
[27,53,110],
[82,115,138],
[22,143,170],
[52,84,113],
[81,141,172],
[25,55,169],
[51,85,167],
[50,80,173],
[56,79,168],
[24,139,175],
[23,112,144],
[87,111,140],
[21,26,142],
[54,109,114],
[83,171,176]],

[[40,103,145],
[15,57,128],
[44,92,174],
[4,86,132],
[33,99,116],
[11,28,121],
[62,73,157],
[69,150,161],
[7,94,137],
[6,49,95],
[64,65,108],
[20,152,153],
[36,123,166],
[35,78,124],
[10,89,135],
[1,47,98],
[59,68,106],
[18,147,156],
[39,118,164],
[30,76,127],
[13,91,133],
[3,45,101],
[61,71,104],
[16,149,159],
[42,120,162],
[32,74,130],
[9,93,131],
[5,43,97],
[63,67,102],
[14,151,155],
[38,122,160],
[34,72,126],
[12,88,136],
[0,48,100],
[58,70,107],
[19,146,158],
[41,117,165],
[29,77,129],
[8,90,134],
[2,46,96],
[60,66,105],
[17,148,154],
[37,119,163],
[31,75,125],
[24,56,110],
[85,112,138],
[22,140,173],
[53,80,114],
[82,142,168],
[26,51,170],
[52,83,111],
[81,139,171],
[23,54,169],
[87,141,167],
[25,50,175],
[79,113,144],
[21,27,143],
[55,109,115],
[84,172,176]],

[[38,106,145],
[18,57,126],
[47,90,174],
[2,86,135],
[31,97,116],
[9,28,119],
[60,76,155],
[67,148,164],
[12,92,133],
[4,45,100],
[62,70,104],
[16,150,158],
[41,121,162],
[33,74,129],
[8,94,131],
[6,43,96],
[64,66,102],
[14,152,154],
[37,123,160],
[35,72,125],
[11,89,136],
[1,48,99],
[59,69,107],
[19,147,157],
[40,118,165],
[30,77,128],
[7,91,134],
[3,46,95],
[61,65,105],
[17,149,153],
[36,120,163],
[32,75,124],
[10,93,132],
[5,44,98],
[63,68,103],
[15,151,156],
[39,122,161],
[34,73,127],
[13,88,137],
[0,49,101],
[58,71,108],
[20,146,159],
[42,117,166],
[29,78,130],
[23,55,110],
[84,111,138],
[22,139,172],
[53,81,167],
[50,82,169],
[52,79,170],
[54,80,115],
[83,143,168],
[27,51,171],
[25,114,140],
[24,113,142],
[26,112,141],
[21,87,144],
[56,109,175],
[85,173,176]],

[[7,50,72],
[95,138,160],
[0,43,79],
[88,131,167],
[21,36,58],
[109,124,146],
[14,29,65],
[102,117,153],
[8,53,74],
[96,141,162],
[1,45,82],
[89,133,170],
[24,37,59],
[112,125,147],
[16,30,66],
[104,118,154],
[9,56,76],
[97,144,164],
[2,47,85],
[90,135,173],
[27,38,60],
[115,126,148],
[18,31,67],
[106,119,155],
[10,52,78],
[98,140,166],
[3,49,81],
[91,137,169],
[23,39,61],
[111,127,149],
[20,32,68],
[108,120,156],
[11,55,73],
[99,143,161],
[4,44,84],
[92,132,172],
[26,40,62],
[114,128,150],
[15,33,69],
[103,121,157],
[12,51,75],
[100,139,163],
[5,46,80],
[93,134,168],
[22,41,63],
[110,129,151],
[17,34,70],
[105,122,158],
[13,54,77],
[101,142,165],
[6,48,83],
[94,136,171],
[25,42,64],
[113,130,152],
[19,35,71],
[107,123,159],
[57,116,175],
[28,87,145],
[86,174,176]],

[[1,34,90],
[63,89,118],
[2,117,151],
[32,58,148],
[31,61,146],
[29,60,149],
[6,33,147],
[30,62,94],
[59,122,150],
[5,92,119],
[3,93,120],
[4,91,121],
[0,35,64],
[88,123,152],
[8,41,97],
[70,96,125],
[9,124,158],
[39,65,155],
[38,68,153],
[36,67,156],
[13,40,154],
[37,69,101],
[66,129,157],
[12,99,126],
[10,100,127],
[11,98,128],
[7,42,71],
[95,130,159],
[15,48,104],
[77,103,132],
[16,131,165],
[46,72,162],
[45,75,160],
[43,74,163],
[20,47,161],
[44,76,108],
[73,136,164],
[19,106,133],
[17,107,134],
[18,105,135],
[14,49,78],
[102,137,166],
[22,55,111],
[84,110,139],
[23,138,172],
[53,79,169],
[52,82,167],
[50,81,170],
[27,54,168],
[51,83,115],
[80,143,171],
[26,113,140],
[24,114,141],
[25,112,142],
[21,56,85],
[109,144,173],
[28,57,86],
[116,145,174],
[87,175,176]]

]
