[[[0,22,44],
[15,37,74],
[30,52,89],
[45,59,67],
[60,82,104],
[75,97,134],
[90,112,149],
[105,119,127],
[120,135,164],
[14,142,150],
[7,29,157],
[1,18,39],
[16,33,69],
[31,48,84],
[46,54,63],
[61,78,99],
[76,93,129],
[91,108,144],
[106,114,123],
[121,136,159],
[9,138,151],
[3,24,153],
[2,21,41],
[17,36,71],
[32,51,86],
[47,56,66],
[62,81,101],
[77,96,131],
[92,111,146],
[107,116,126],
[122,137,161],
[11,141,152],
[6,26,156],
[4,20,38],
[19,35,68],
[34,50,83],
[49,53,65],
[64,80,98],
[79,95,128],
[94,110,143],
[109,113,125],
[124,139,158],
[8,140,154],
[5,23,155],
[13,27,40],
[28,42,70],
[43,57,85],
[55,58,72],
[73,87,100],
[88,102,130],
[103,117,145],
[115,118,132],
[133,148,160],
[10,147,163],
[12,25,162]],

[[0,37,59],
[15,22,89],
[30,67,74],
[44,45,52],
[60,97,119],
[75,82,149],
[90,127,134],
[104,105,112],
[29,142,164],
[135,150,157],
[7,14,120],
[1,33,54],
[16,18,84],
[31,63,69],
[39,46,48],
[61,93,114],
[76,78,144],
[91,123,129],
[99,106,108],
[24,138,159],
[136,151,153],
[3,9,121],
[2,36,56],
[17,21,86],
[32,66,71],
[41,47,51],
[62,96,116],
[77,81,146],
[92,126,131],
[101,107,111],
[26,141,161],
[137,152,156],
[6,11,122],
[4,35,53],
[19,20,83],
[34,65,68],
[38,49,50],
[64,95,113],
[79,80,143],
[94,125,128],
[98,109,110],
[23,140,158],
[139,154,155],
[5,8,124],
[13,42,55],
[27,28,85],
[43,70,72],
[40,57,58],
[73,102,115],
[87,88,145],
[103,130,132],
[100,117,118],
[25,147,160],
[148,162,163],
[10,12,133]],

[[0,52,74],
[15,44,67],
[22,30,59],
[37,45,89],
[60,112,134],
[75,104,127],
[82,90,119],
[97,105,149],
[14,157,164],
[29,120,150],
[7,135,142],
[1,48,69],
[16,39,63],
[18,31,54],
[33,46,84],
[61,108,129],
[76,99,123],
[78,91,114],
[93,106,144],
[9,153,159],
[24,121,151],
[3,136,138],
[2,51,71],
[17,41,66],
[21,32,56],
[36,47,86],
[62,111,131],
[77,101,126],
[81,92,116],
[96,107,146],
[11,156,161],
[26,122,152],
[6,137,141],
[4,50,68],
[19,38,65],
[20,34,53],
[35,49,83],
[64,110,128],
[79,98,125],
[80,94,113],
[95,109,143],
[8,155,158],
[23,124,154],
[5,139,140],
[13,57,70],
[28,40,72],
[27,43,55],
[42,58,85],
[73,117,130],
[88,100,132],
[87,103,115],
[102,118,145],
[10,160,162],
[25,133,163],
[12,147,148]],

[[0,67,89],
[15,52,59],
[30,37,44],
[22,45,74],
[60,127,149],
[75,112,119],
[90,97,104],
[82,105,134],
[7,150,164],
[120,142,157],
[14,29,135],
[1,63,84],
[16,48,54],
[31,33,39],
[18,46,69],
[61,123,144],
[76,108,114],
[91,93,99],
[78,106,129],
[3,151,159],
[121,138,153],
[9,24,136],
[2,66,86],
[17,51,56],
[32,36,41],
[21,47,71],
[62,126,146],
[77,111,116],
[92,96,101],
[81,107,131],
[6,152,161],
[122,141,156],
[11,26,137],
[4,65,83],
[19,50,53],
[34,35,38],
[20,49,68],
[64,125,143],
[79,110,113],
[94,95,98],
[80,109,128],
[5,154,158],
[124,140,155],
[8,23,139],
[13,72,85],
[28,55,57],
[40,42,43],
[27,58,70],
[73,132,145],
[88,115,117],
[100,102,103],
[87,118,130],
[12,160,163],
[133,147,162],
[10,25,148]],

[[0,82,142],
[14,15,97],
[29,30,112],
[45,127,157],
[44,60,120],
[74,75,135],
[89,90,150],
[7,59,105],
[22,37,164],
[52,104,134],
[67,119,149],
[1,78,138],
[9,16,93],
[24,31,108],
[46,123,153],
[39,61,121],
[69,76,136],
[84,91,151],
[3,54,106],
[18,33,159],
[48,99,129],
[63,114,144],
[2,81,141],
[11,17,96],
[26,32,111],
[47,126,156],
[41,62,122],
[71,77,137],
[86,92,152],
[6,56,107],
[21,36,161],
[51,101,131],
[66,116,146],
[4,80,140],
[8,19,95],
[23,34,110],
[49,125,155],
[38,64,124],
[68,79,139],
[83,94,154],
[5,53,109],
[20,35,158],
[50,98,128],
[65,113,143],
[13,87,147],
[10,28,102],
[25,43,117],
[58,132,162],
[40,73,133],
[70,88,148],
[85,103,163],
[12,55,118],
[27,42,160],
[57,100,130],
[72,115,145]],

[[0,97,157],
[15,29,82],
[14,30,127],
[45,112,142],
[59,60,135],
[75,89,120],
[7,74,90],
[44,105,150],
[104,149,164],
[37,52,119],
[22,67,134],
[1,93,153],
[16,24,78],
[9,31,123],
[46,108,138],
[54,61,136],
[76,84,121],
[3,69,91],
[39,106,151],
[99,144,159],
[33,48,114],
[18,63,129],
[2,96,156],
[17,26,81],
[11,32,126],
[47,111,141],
[56,62,137],
[77,86,122],
[6,71,92],
[41,107,152],
[101,146,161],
[36,51,116],
[21,66,131],
[4,95,155],
[19,23,80],
[8,34,125],
[49,110,140],
[53,64,139],
[79,83,124],
[5,68,94],
[38,109,154],
[98,143,158],
[35,50,113],
[20,65,128],
[13,102,162],
[25,28,87],
[10,43,132],
[58,117,147],
[55,73,148],
[85,88,133],
[12,70,103],
[40,118,163],
[100,145,160],
[42,57,115],
[27,72,130]],

[[0,14,112],
[15,127,142],
[30,82,157],
[29,45,97],
[60,74,150],
[7,44,75],
[59,90,120],
[89,105,135],
[119,134,164],
[22,52,149],
[37,67,104],
[1,9,108],
[16,123,138],
[31,78,153],
[24,46,93],
[61,69,151],
[3,39,76],
[54,91,121],
[84,106,136],
[114,129,159],
[18,48,144],
[33,63,99],
[2,11,111],
[17,126,141],
[32,81,156],
[26,47,96],
[62,71,152],
[6,41,77],
[56,92,122],
[86,107,137],
[116,131,161],
[21,51,146],
[36,66,101],
[4,8,110],
[19,125,140],
[34,80,155],
[23,49,95],
[64,68,154],
[5,38,79],
[53,94,124],
[83,109,139],
[113,128,158],
[20,50,143],
[35,65,98],
[10,13,117],
[28,132,147],
[43,87,162],
[25,58,102],
[70,73,163],
[12,40,88],
[55,103,133],
[85,118,148],
[115,130,160],
[27,57,145],
[42,72,100]],

[[0,29,127],
[15,112,157],
[30,97,142],
[14,45,82],
[7,60,89],
[59,75,150],
[44,90,135],
[74,105,120],
[52,67,164],
[22,104,119],
[37,134,149],
[1,24,123],
[16,108,153],
[31,93,138],
[9,46,78],
[3,61,84],
[54,76,151],
[39,91,136],
[69,106,121],
[48,63,159],
[18,99,114],
[33,129,144],
[2,26,126],
[17,111,156],
[32,96,141],
[11,47,81],
[6,62,86],
[56,77,152],
[41,92,137],
[71,107,122],
[51,66,161],
[21,101,116],
[36,131,146],
[4,23,125],
[19,110,155],
[34,95,140],
[8,49,80],
[5,64,83],
[53,79,154],
[38,94,139],
[68,109,124],
[50,65,158],
[20,98,113],
[35,128,143],
[13,25,132],
[28,117,162],
[43,102,147],
[10,58,87],
[12,73,85],
[55,88,163],
[40,103,148],
[70,118,133],
[57,72,160],
[27,100,115],
[42,130,145]],

[[0,104,120],
[15,134,135],
[30,149,150],
[7,45,119],
[22,60,142],
[14,37,75],
[29,52,90],
[67,105,157],
[82,97,164],
[44,74,112],
[59,89,127],
[1,99,121],
[16,129,136],
[31,144,151],
[3,46,114],
[18,61,138],
[9,33,76],
[24,48,91],
[63,106,153],
[78,93,159],
[39,69,108],
[54,84,123],
[2,101,122],
[17,131,137],
[32,146,152],
[6,47,116],
[21,62,141],
[11,36,77],
[26,51,92],
[66,107,156],
[81,96,161],
[41,71,111],
[56,86,126],
[4,98,124],
[19,128,139],
[34,143,154],
[5,49,113],
[20,64,140],
[8,35,79],
[23,50,94],
[65,109,155],
[80,95,158],
[38,68,110],
[53,83,125],
[13,100,133],
[28,130,148],
[43,145,163],
[12,58,115],
[27,73,147],
[10,42,88],
[25,57,103],
[72,118,162],
[87,102,160],
[40,70,117],
[55,85,132]],

[[0,119,135],
[15,120,149],
[7,30,134],
[45,104,150],
[37,60,157],
[22,29,75],
[14,67,90],
[52,105,142],
[44,89,164],
[59,97,112],
[74,82,127],
[1,114,136],
[16,121,144],
[3,31,129],
[46,99,151],
[33,61,153],
[18,24,76],
[9,63,91],
[48,106,138],
[39,84,159],
[54,93,108],
[69,78,123],
[2,116,137],
[17,122,146],
[6,32,131],
[47,101,152],
[36,62,156],
[21,26,77],
[11,66,92],
[51,107,141],
[41,86,161],
[56,96,111],
[71,81,126],
[4,113,139],
[19,124,143],
[5,34,128],
[49,98,154],
[35,64,155],
[20,23,79],
[8,65,94],
[50,109,140],
[38,83,158],
[53,95,110],
[68,80,125],
[13,115,148],
[28,133,145],
[12,43,130],
[58,100,163],
[42,73,162],
[25,27,88],
[10,72,103],
[57,118,147],
[40,85,160],
[55,102,117],
[70,87,132]],

[[0,134,150],
[7,15,104],
[30,119,120],
[45,135,149],
[14,52,60],
[67,75,142],
[22,90,157],
[29,37,105],
[59,74,164],
[82,89,112],
[44,97,127],
[1,129,151],
[3,16,99],
[31,114,121],
[46,136,144],
[9,48,61],
[63,76,138],
[18,91,153],
[24,33,106],
[54,69,159],
[78,84,108],
[39,93,123],
[2,131,152],
[6,17,101],
[32,116,122],
[47,137,146],
[11,51,62],
[66,77,141],
[21,92,156],
[26,36,107],
[56,71,161],
[81,86,111],
[41,96,126],
[4,128,154],
[5,19,98],
[34,113,124],
[49,139,143],
[8,50,64],
[65,79,140],
[20,94,155],
[23,35,109],
[53,68,158],
[80,83,110],
[38,95,125],
[13,130,163],
[12,28,100],
[43,115,133],
[58,145,148],
[10,57,73],
[72,88,147],
[27,103,162],
[25,42,118],
[55,70,160],
[85,87,117],
[40,102,132]],

[[0,7,149],
[15,119,150],
[30,104,135],
[45,120,134],
[29,60,67],
[52,75,157],
[37,90,142],
[14,22,105],
[112,127,164],
[44,59,82],
[74,89,97],
[1,3,144],
[16,114,151],
[31,99,136],
[46,121,129],
[24,61,63],
[48,76,153],
[33,91,138],
[9,18,106],
[108,123,159],
[39,54,78],
[69,84,93],
[2,6,146],
[17,116,152],
[32,101,137],
[47,122,131],
[26,62,66],
[51,77,156],
[36,92,141],
[11,21,107],
[111,126,161],
[41,56,81],
[71,86,96],
[4,5,143],
[19,113,154],
[34,98,139],
[49,124,128],
[23,64,65],
[50,79,155],
[35,94,140],
[8,20,109],
[110,125,158],
[38,53,80],
[68,83,95],
[12,13,145],
[28,115,163],
[43,100,148],
[58,130,133],
[25,72,73],
[57,88,162],
[42,103,147],
[10,27,118],
[117,132,160],
[40,55,87],
[70,85,102]],

[[22,82,120],
[37,112,135],
[52,127,150],
[7,67,97],
[44,104,142],
[59,134,157],
[14,74,149],
[29,89,119],
[0,15,164],
[30,60,90],
[45,75,105],
[18,78,121],
[33,108,136],
[48,123,151],
[3,63,93],
[39,99,138],
[54,129,153],
[9,69,144],
[24,84,114],
[1,16,159],
[31,61,91],
[46,76,106],
[21,81,122],
[36,111,137],
[51,126,152],
[6,66,96],
[41,101,141],
[56,131,156],
[11,71,146],
[26,86,116],
[2,17,161],
[32,62,92],
[47,77,107],
[20,80,124],
[35,110,139],
[50,125,154],
[5,65,95],
[38,98,140],
[53,128,155],
[8,68,143],
[23,83,113],
[4,19,158],
[34,64,94],
[49,79,109],
[27,87,133],
[42,117,148],
[57,132,163],
[12,72,102],
[40,100,147],
[55,130,162],
[10,70,145],
[25,85,115],
[13,28,160],
[43,73,103],
[58,88,118]],

[[37,97,120],
[22,127,135],
[67,112,150],
[7,52,82],
[59,119,142],
[44,149,157],
[14,89,134],
[29,74,104],
[60,105,164],
[15,30,75],
[0,45,90],
[33,93,121],
[18,123,136],
[63,108,151],
[3,48,78],
[54,114,138],
[39,144,153],
[9,84,129],
[24,69,99],
[61,106,159],
[16,31,76],
[1,46,91],
[36,96,122],
[21,126,137],
[66,111,152],
[6,51,81],
[56,116,141],
[41,146,156],
[11,86,131],
[26,71,101],
[62,107,161],
[17,32,77],
[2,47,92],
[35,95,124],
[20,125,139],
[65,110,154],
[5,50,80],
[53,113,140],
[38,143,155],
[8,83,128],
[23,68,98],
[64,109,158],
[19,34,79],
[4,49,94],
[42,102,133],
[27,132,148],
[72,117,163],
[12,57,87],
[55,115,147],
[40,145,162],
[10,85,130],
[25,70,100],
[73,118,160],
[28,43,88],
[13,58,103]],

[[52,112,120],
[67,82,135],
[22,97,150],
[7,37,127],
[74,134,142],
[89,104,157],
[14,44,119],
[29,59,149],
[75,90,164],
[0,30,105],
[15,45,60],
[48,108,121],
[63,78,136],
[18,93,151],
[3,33,123],
[69,129,138],
[84,99,153],
[9,39,114],
[24,54,144],
[76,91,159],
[1,31,106],
[16,46,61],
[51,111,122],
[66,81,137],
[21,96,152],
[6,36,126],
[71,131,141],
[86,101,156],
[11,41,116],
[26,56,146],
[77,92,161],
[2,32,107],
[17,47,62],
[50,110,124],
[65,80,139],
[20,95,154],
[5,35,125],
[68,128,140],
[83,98,155],
[8,38,113],
[23,53,143],
[79,94,158],
[4,34,109],
[19,49,64],
[57,117,133],
[72,87,148],
[27,102,163],
[12,42,132],
[70,130,147],
[85,100,162],
[10,40,115],
[25,55,145],
[88,103,160],
[13,43,118],
[28,58,73]],

[[67,120,127],
[52,97,135],
[37,82,150],
[7,22,112],
[89,142,149],
[74,119,157],
[14,59,104],
[29,44,134],
[30,45,164],
[0,60,75],
[15,90,105],
[63,121,123],
[48,93,136],
[33,78,151],
[3,18,108],
[84,138,144],
[69,114,153],
[9,54,99],
[24,39,129],
[31,46,159],
[1,61,76],
[16,91,106],
[66,122,126],
[51,96,137],
[36,81,152],
[6,21,111],
[86,141,146],
[71,116,156],
[11,56,101],
[26,41,131],
[32,47,161],
[2,62,77],
[17,92,107],
[65,124,125],
[50,95,139],
[35,80,154],
[5,20,110],
[83,140,143],
[68,113,155],
[8,53,98],
[23,38,128],
[34,49,158],
[4,64,79],
[19,94,109],
[72,132,133],
[57,102,148],
[42,87,163],
[12,27,117],
[85,145,147],
[70,115,162],
[10,55,100],
[25,40,130],
[43,58,160],
[13,73,88],
[28,103,118]],

[[1,8,14],
[16,23,44],
[31,38,74],
[46,53,104],
[61,68,134],
[76,83,164],
[29,91,98],
[59,106,113],
[89,121,128],
[119,136,143],
[149,151,158],
[2,4,10],
[17,19,40],
[32,34,70],
[47,49,100],
[62,64,130],
[77,79,160],
[25,92,94],
[55,107,109],
[85,122,124],
[115,137,139],
[145,152,154],
[0,3,12],
[15,18,42],
[30,33,72],
[45,48,102],
[60,63,132],
[75,78,162],
[27,90,93],
[57,105,108],
[87,120,123],
[117,135,138],
[147,150,153],
[5,6,9],
[20,21,39],
[35,36,69],
[50,51,99],
[65,66,129],
[80,81,159],
[24,95,96],
[54,110,111],
[84,125,126],
[114,140,141],
[144,155,156],
[7,11,13],
[22,28,41],
[37,43,71],
[52,58,101],
[67,73,131],
[82,88,161],
[26,97,103],
[56,112,118],
[86,127,133],
[116,142,148],
[146,157,163]],

[[1,23,29],
[16,38,59],
[31,53,89],
[46,68,119],
[61,83,149],
[14,76,98],
[44,91,113],
[74,106,128],
[104,121,143],
[134,136,158],
[8,151,164],
[2,19,25],
[17,34,55],
[32,49,85],
[47,64,115],
[62,79,145],
[10,77,94],
[40,92,109],
[70,107,124],
[100,122,139],
[130,137,154],
[4,152,160],
[3,15,27],
[18,30,57],
[33,45,87],
[48,60,117],
[63,75,147],
[12,78,90],
[42,93,105],
[72,108,120],
[102,123,135],
[132,138,150],
[0,153,162],
[5,21,24],
[20,36,54],
[35,51,84],
[50,66,114],
[65,81,144],
[9,80,96],
[39,95,111],
[69,110,126],
[99,125,141],
[129,140,156],
[6,155,159],
[7,26,28],
[22,43,56],
[37,58,86],
[52,73,116],
[67,88,146],
[11,82,103],
[41,97,118],
[71,112,133],
[101,127,148],
[131,142,163],
[13,157,161]],

[[1,38,44],
[16,53,74],
[31,68,104],
[46,83,134],
[61,98,164],
[29,76,113],
[59,91,128],
[89,106,143],
[119,121,158],
[8,136,149],
[14,23,151],
[2,34,40],
[17,49,70],
[32,64,100],
[47,79,130],
[62,94,160],
[25,77,109],
[55,92,124],
[85,107,139],
[115,122,154],
[4,137,145],
[10,19,152],
[3,30,42],
[18,45,72],
[33,60,102],
[48,75,132],
[63,90,162],
[27,78,105],
[57,93,120],
[87,108,135],
[117,123,150],
[0,138,147],
[12,15,153],
[5,36,39],
[20,51,69],
[35,66,99],
[50,81,129],
[65,96,159],
[24,80,111],
[54,95,126],
[84,110,141],
[114,125,156],
[6,140,144],
[9,21,155],
[7,41,43],
[22,58,71],
[37,73,101],
[52,88,131],
[67,103,161],
[26,82,118],
[56,97,133],
[86,112,148],
[116,127,163],
[13,142,146],
[11,28,157]],

[[1,53,59],
[16,68,89],
[31,83,119],
[46,98,149],
[14,61,113],
[44,76,128],
[74,91,143],
[104,106,158],
[8,121,134],
[23,136,164],
[29,38,151],
[2,49,55],
[17,64,85],
[32,79,115],
[47,94,145],
[10,62,109],
[40,77,124],
[70,92,139],
[100,107,154],
[4,122,130],
[19,137,160],
[25,34,152],
[3,45,57],
[18,60,87],
[33,75,117],
[48,90,147],
[12,63,105],
[42,78,120],
[72,93,135],
[102,108,150],
[0,123,132],
[15,138,162],
[27,30,153],
[5,51,54],
[20,66,84],
[35,81,114],
[50,96,144],
[9,65,111],
[39,80,126],
[69,95,141],
[99,110,156],
[6,125,129],
[21,140,159],
[24,36,155],
[7,56,58],
[22,73,86],
[37,88,116],
[52,103,146],
[11,67,118],
[41,82,133],
[71,97,148],
[101,112,163],
[13,127,131],
[28,142,161],
[26,43,157]],

[[1,68,74],
[16,83,104],
[31,98,134],
[46,113,164],
[29,61,128],
[59,76,143],
[89,91,158],
[8,106,119],
[23,121,149],
[14,38,136],
[44,53,151],
[2,64,70],
[17,79,100],
[32,94,130],
[47,109,160],
[25,62,124],
[55,77,139],
[85,92,154],
[4,107,115],
[19,122,145],
[10,34,137],
[40,49,152],
[3,60,72],
[18,75,102],
[33,90,132],
[48,105,162],
[27,63,120],
[57,78,135],
[87,93,150],
[0,108,117],
[15,123,147],
[12,30,138],
[42,45,153],
[5,66,69],
[20,81,99],
[35,96,129],
[50,111,159],
[24,65,126],
[54,80,141],
[84,95,156],
[6,110,114],
[21,125,144],
[9,36,140],
[39,51,155],
[7,71,73],
[22,88,101],
[37,103,131],
[52,118,161],
[26,67,133],
[56,82,148],
[86,97,163],
[13,112,116],
[28,127,146],
[11,43,142],
[41,58,157]],

[[1,83,89],
[16,98,119],
[31,113,149],
[14,46,128],
[44,61,143],
[74,76,158],
[8,91,104],
[23,106,134],
[38,121,164],
[29,53,136],
[59,68,151],
[2,79,85],
[17,94,115],
[32,109,145],
[10,47,124],
[40,62,139],
[70,77,154],
[4,92,100],
[19,107,130],
[34,122,160],
[25,49,137],
[55,64,152],
[3,75,87],
[18,90,117],
[33,105,147],
[12,48,120],
[42,63,135],
[72,78,150],
[0,93,102],
[15,108,132],
[30,123,162],
[27,45,138],
[57,60,153],
[5,81,84],
[20,96,114],
[35,111,144],
[9,50,126],
[39,65,141],
[69,80,156],
[6,95,99],
[21,110,129],
[36,125,159],
[24,51,140],
[54,66,155],
[7,86,88],
[22,103,116],
[37,118,146],
[11,52,133],
[41,67,148],
[71,82,163],
[13,97,101],
[28,112,131],
[43,127,161],
[26,58,142],
[56,73,157]],

[[1,98,104],
[16,113,134],
[31,128,164],
[29,46,143],
[59,61,158],
[8,76,89],
[23,91,119],
[38,106,149],
[14,53,121],
[44,68,136],
[74,83,151],
[2,94,100],
[17,109,130],
[32,124,160],
[25,47,139],
[55,62,154],
[4,77,85],
[19,92,115],
[34,107,145],
[10,49,122],
[40,64,137],
[70,79,152],
[3,90,102],
[18,105,132],
[33,120,162],
[27,48,135],
[57,63,150],
[0,78,87],
[15,93,117],
[30,108,147],
[12,45,123],
[42,60,138],
[72,75,153],
[5,96,99],
[20,111,129],
[35,126,159],
[24,50,141],
[54,65,156],
[6,80,84],
[21,95,114],
[36,110,144],
[9,51,125],
[39,66,140],
[69,81,155],
[7,101,103],
[22,118,131],
[37,133,161],
[26,52,148],
[56,67,163],
[13,82,86],
[28,97,116],
[43,112,146],
[11,58,127],
[41,73,142],
[71,88,157]],

[[1,113,119],
[16,128,149],
[14,31,143],
[44,46,158],
[8,61,74],
[23,76,104],
[38,91,134],
[53,106,164],
[29,68,121],
[59,83,136],
[89,98,151],
[2,109,115],
[17,124,145],
[10,32,139],
[40,47,154],
[4,62,70],
[19,77,100],
[34,92,130],
[49,107,160],
[25,64,122],
[55,79,137],
[85,94,152],
[3,105,117],
[18,120,147],
[12,33,135],
[42,48,150],
[0,63,72],
[15,78,102],
[30,93,132],
[45,108,162],
[27,60,123],
[57,75,138],
[87,90,153],
[5,111,114],
[20,126,144],
[9,35,141],
[39,50,156],
[6,65,69],
[21,80,99],
[36,95,129],
[51,110,159],
[24,66,125],
[54,81,140],
[84,96,155],
[7,116,118],
[22,133,146],
[11,37,148],
[41,52,163],
[13,67,71],
[28,82,101],
[43,97,131],
[58,112,161],
[26,73,127],
[56,88,142],
[86,103,157]],

[[1,128,134],
[16,143,164],
[29,31,158],
[8,46,59],
[23,61,89],
[38,76,119],
[53,91,149],
[14,68,106],
[44,83,121],
[74,98,136],
[104,113,151],
[2,124,130],
[17,139,160],
[25,32,154],
[4,47,55],
[19,62,85],
[34,77,115],
[49,92,145],
[10,64,107],
[40,79,122],
[70,94,137],
[100,109,152],
[3,120,132],
[18,135,162],
[27,33,150],
[0,48,57],
[15,63,87],
[30,78,117],
[45,93,147],
[12,60,108],
[42,75,123],
[72,90,138],
[102,105,153],
[5,126,129],
[20,141,159],
[24,35,156],
[6,50,54],
[21,65,84],
[36,80,114],
[51,95,144],
[9,66,110],
[39,81,125],
[69,96,140],
[99,111,155],
[7,131,133],
[22,148,161],
[26,37,163],
[13,52,56],
[28,67,86],
[43,82,116],
[58,97,146],
[11,73,112],
[41,88,127],
[71,103,142],
[101,118,157]],

[[1,143,149],
[14,16,158],
[8,31,44],
[23,46,74],
[38,61,104],
[53,76,134],
[68,91,164],
[29,83,106],
[59,98,121],
[89,113,136],
[119,128,151],
[2,139,145],
[10,17,154],
[4,32,40],
[19,47,70],
[34,62,100],
[49,77,130],
[64,92,160],
[25,79,107],
[55,94,122],
[85,109,137],
[115,124,152],
[3,135,147],
[12,18,150],
[0,33,42],
[15,48,72],
[30,63,102],
[45,78,132],
[60,93,162],
[27,75,108],
[57,90,123],
[87,105,138],
[117,120,153],
[5,141,144],
[9,20,156],
[6,35,39],
[21,50,69],
[36,65,99],
[51,80,129],
[66,95,159],
[24,81,110],
[54,96,125],
[84,111,140],
[114,126,155],
[7,146,148],
[11,22,163],
[13,37,41],
[28,52,71],
[43,67,101],
[58,82,131],
[73,97,161],
[26,88,112],
[56,103,127],
[86,118,142],
[116,133,157]],

[[1,158,164],
[8,16,29],
[23,31,59],
[38,46,89],
[53,61,119],
[68,76,149],
[14,83,91],
[44,98,106],
[74,113,121],
[104,128,136],
[134,143,151],
[2,154,160],
[4,17,25],
[19,32,55],
[34,47,85],
[49,62,115],
[64,77,145],
[10,79,92],
[40,94,107],
[70,109,122],
[100,124,137],
[130,139,152],
[3,150,162],
[0,18,27],
[15,33,57],
[30,48,87],
[45,63,117],
[60,78,147],
[12,75,93],
[42,90,108],
[72,105,123],
[102,120,138],
[132,135,153],
[5,156,159],
[6,20,24],
[21,35,54],
[36,50,84],
[51,65,114],
[66,80,144],
[9,81,95],
[39,96,110],
[69,111,125],
[99,126,140],
[129,141,155],
[7,161,163],
[13,22,26],
[28,37,56],
[43,52,86],
[58,67,116],
[73,82,146],
[11,88,97],
[41,103,112],
[71,118,127],
[101,133,142],
[131,148,157]],

[[3,10,14],
[18,25,44],
[33,40,74],
[48,55,104],
[63,70,134],
[78,85,164],
[29,93,100],
[59,108,115],
[89,123,130],
[119,138,145],
[149,153,160],
[4,6,12],
[19,21,42],
[34,36,72],
[49,51,102],
[64,66,132],
[79,81,162],
[27,94,96],
[57,109,111],
[87,124,126],
[117,139,141],
[147,154,156],
[2,5,7],
[17,20,37],
[32,35,67],
[47,50,97],
[62,65,127],
[77,80,157],
[22,92,95],
[52,107,110],
[82,122,125],
[112,137,140],
[142,152,155],
[0,1,11],
[15,16,41],
[30,31,71],
[45,46,101],
[60,61,131],
[75,76,161],
[26,90,91],
[56,105,106],
[86,120,121],
[116,135,136],
[146,150,151],
[8,9,13],
[23,24,43],
[38,39,73],
[53,54,103],
[68,69,133],
[83,84,163],
[28,98,99],
[58,113,114],
[88,128,129],
[118,143,144],
[148,158,159]],

[[3,25,29],
[18,40,59],
[33,55,89],
[48,70,119],
[63,85,149],
[14,78,100],
[44,93,115],
[74,108,130],
[104,123,145],
[134,138,160],
[10,153,164],
[4,21,27],
[19,36,57],
[34,51,87],
[49,66,117],
[64,81,147],
[12,79,96],
[42,94,111],
[72,109,126],
[102,124,141],
[132,139,156],
[6,154,162],
[5,17,22],
[20,32,52],
[35,47,82],
[50,62,112],
[65,77,142],
[7,80,92],
[37,95,107],
[67,110,122],
[97,125,137],
[127,140,152],
[2,155,157],
[0,16,26],
[15,31,56],
[30,46,86],
[45,61,116],
[60,76,146],
[11,75,91],
[41,90,106],
[71,105,121],
[101,120,136],
[131,135,151],
[1,150,161],
[9,23,28],
[24,38,58],
[39,53,88],
[54,68,118],
[69,83,148],
[13,84,98],
[43,99,113],
[73,114,128],
[103,129,143],
[133,144,158],
[8,159,163]],

[[3,40,44],
[18,55,74],
[33,70,104],
[48,85,134],
[63,100,164],
[29,78,115],
[59,93,130],
[89,108,145],
[119,123,160],
[10,138,149],
[14,25,153],
[4,36,42],
[19,51,72],
[34,66,102],
[49,81,132],
[64,96,162],
[27,79,111],
[57,94,126],
[87,109,141],
[117,124,156],
[6,139,147],
[12,21,154],
[5,32,37],
[20,47,67],
[35,62,97],
[50,77,127],
[65,92,157],
[22,80,107],
[52,95,122],
[82,110,137],
[112,125,152],
[2,140,142],
[7,17,155],
[0,31,41],
[15,46,71],
[30,61,101],
[45,76,131],
[60,91,161],
[26,75,106],
[56,90,121],
[86,105,136],
[116,120,151],
[1,135,146],
[11,16,150],
[9,38,43],
[24,53,73],
[39,68,103],
[54,83,133],
[69,98,163],
[28,84,113],
[58,99,128],
[88,114,143],
[118,129,158],
[8,144,148],
[13,23,159]],

[[3,55,59],
[18,70,89],
[33,85,119],
[48,100,149],
[14,63,115],
[44,78,130],
[74,93,145],
[104,108,160],
[10,123,134],
[25,138,164],
[29,40,153],
[4,51,57],
[19,66,87],
[34,81,117],
[49,96,147],
[12,64,111],
[42,79,126],
[72,94,141],
[102,109,156],
[6,124,132],
[21,139,162],
[27,36,154],
[5,47,52],
[20,62,82],
[35,77,112],
[50,92,142],
[7,65,107],
[37,80,122],
[67,95,137],
[97,110,152],
[2,125,127],
[17,140,157],
[22,32,155],
[0,46,56],
[15,61,86],
[30,76,116],
[45,91,146],
[11,60,106],
[41,75,121],
[71,90,136],
[101,105,151],
[1,120,131],
[16,135,161],
[26,31,150],
[9,53,58],
[24,68,88],
[39,83,118],
[54,98,148],
[13,69,113],
[43,84,128],
[73,99,143],
[103,114,158],
[8,129,133],
[23,144,163],
[28,38,159]],

[[3,70,74],
[18,85,104],
[33,100,134],
[48,115,164],
[29,63,130],
[59,78,145],
[89,93,160],
[10,108,119],
[25,123,149],
[14,40,138],
[44,55,153],
[4,66,72],
[19,81,102],
[34,96,132],
[49,111,162],
[27,64,126],
[57,79,141],
[87,94,156],
[6,109,117],
[21,124,147],
[12,36,139],
[42,51,154],
[5,62,67],
[20,77,97],
[35,92,127],
[50,107,157],
[22,65,122],
[52,80,137],
[82,95,152],
[2,110,112],
[17,125,142],
[7,32,140],
[37,47,155],
[0,61,71],
[15,76,101],
[30,91,131],
[45,106,161],
[26,60,121],
[56,75,136],
[86,90,151],
[1,105,116],
[16,120,146],
[11,31,135],
[41,46,150],
[9,68,73],
[24,83,103],
[39,98,133],
[54,113,163],
[28,69,128],
[58,84,143],
[88,99,158],
[8,114,118],
[23,129,148],
[13,38,144],
[43,53,159]],

[[3,85,89],
[18,100,119],
[33,115,149],
[14,48,130],
[44,63,145],
[74,78,160],
[10,93,104],
[25,108,134],
[40,123,164],
[29,55,138],
[59,70,153],
[4,81,87],
[19,96,117],
[34,111,147],
[12,49,126],
[42,64,141],
[72,79,156],
[6,94,102],
[21,109,132],
[36,124,162],
[27,51,139],
[57,66,154],
[5,77,82],
[20,92,112],
[35,107,142],
[7,50,122],
[37,65,137],
[67,80,152],
[2,95,97],
[17,110,127],
[32,125,157],
[22,47,140],
[52,62,155],
[0,76,86],
[15,91,116],
[30,106,146],
[11,45,121],
[41,60,136],
[71,75,151],
[1,90,101],
[16,105,131],
[31,120,161],
[26,46,135],
[56,61,150],
[9,83,88],
[24,98,118],
[39,113,148],
[13,54,128],
[43,69,143],
[73,84,158],
[8,99,103],
[23,114,133],
[38,129,163],
[28,53,144],
[58,68,159]],

[[3,100,104],
[18,115,134],
[33,130,164],
[29,48,145],
[59,63,160],
[10,78,89],
[25,93,119],
[40,108,149],
[14,55,123],
[44,70,138],
[74,85,153],
[4,96,102],
[19,111,132],
[34,126,162],
[27,49,141],
[57,64,156],
[6,79,87],
[21,94,117],
[36,109,147],
[12,51,124],
[42,66,139],
[72,81,154],
[5,92,97],
[20,107,127],
[35,122,157],
[22,50,137],
[52,65,152],
[2,80,82],
[17,95,112],
[32,110,142],
[7,47,125],
[37,62,140],
[67,77,155],
[0,91,101],
[15,106,131],
[30,121,161],
[26,45,136],
[56,60,151],
[1,75,86],
[16,90,116],
[31,105,146],
[11,46,120],
[41,61,135],
[71,76,150],
[9,98,103],
[24,113,133],
[39,128,163],
[28,54,143],
[58,69,158],
[8,84,88],
[23,99,118],
[38,114,148],
[13,53,129],
[43,68,144],
[73,83,159]],

[[3,115,119],
[18,130,149],
[14,33,145],
[44,48,160],
[10,63,74],
[25,78,104],
[40,93,134],
[55,108,164],
[29,70,123],
[59,85,138],
[89,100,153],
[4,111,117],
[19,126,147],
[12,34,141],
[42,49,156],
[6,64,72],
[21,79,102],
[36,94,132],
[51,109,162],
[27,66,124],
[57,81,139],
[87,96,154],
[5,107,112],
[20,122,142],
[7,35,137],
[37,50,152],
[2,65,67],
[17,80,97],
[32,95,127],
[47,110,157],
[22,62,125],
[52,77,140],
[82,92,155],
[0,106,116],
[15,121,146],
[11,30,136],
[41,45,151],
[1,60,71],
[16,75,101],
[31,90,131],
[46,105,161],
[26,61,120],
[56,76,135],
[86,91,150],
[9,113,118],
[24,128,148],
[13,39,143],
[43,54,158],
[8,69,73],
[23,84,103],
[38,99,133],
[53,114,163],
[28,68,129],
[58,83,144],
[88,98,159]],

[[3,130,134],
[18,145,164],
[29,33,160],
[10,48,59],
[25,63,89],
[40,78,119],
[55,93,149],
[14,70,108],
[44,85,123],
[74,100,138],
[104,115,153],
[4,126,132],
[19,141,162],
[27,34,156],
[6,49,57],
[21,64,87],
[36,79,117],
[51,94,147],
[12,66,109],
[42,81,124],
[72,96,139],
[102,111,154],
[5,122,127],
[20,137,157],
[22,35,152],
[2,50,52],
[17,65,82],
[32,80,112],
[47,95,142],
[7,62,110],
[37,77,125],
[67,92,140],
[97,107,155],
[0,121,131],
[15,136,161],
[26,30,151],
[1,45,56],
[16,60,86],
[31,75,116],
[46,90,146],
[11,61,105],
[41,76,120],
[71,91,135],
[101,106,150],
[9,128,133],
[24,143,163],
[28,39,158],
[8,54,58],
[23,69,88],
[38,84,118],
[53,99,148],
[13,68,114],
[43,83,129],
[73,98,144],
[103,113,159]],

[[3,145,149],
[14,18,160],
[10,33,44],
[25,48,74],
[40,63,104],
[55,78,134],
[70,93,164],
[29,85,108],
[59,100,123],
[89,115,138],
[119,130,153],
[4,141,147],
[12,19,156],
[6,34,42],
[21,49,72],
[36,64,102],
[51,79,132],
[66,94,162],
[27,81,109],
[57,96,124],
[87,111,139],
[117,126,154],
[5,137,142],
[7,20,152],
[2,35,37],
[17,50,67],
[32,65,97],
[47,80,127],
[62,95,157],
[22,77,110],
[52,92,125],
[82,107,140],
[112,122,155],
[0,136,146],
[11,15,151],
[1,30,41],
[16,45,71],
[31,60,101],
[46,75,131],
[61,90,161],
[26,76,105],
[56,91,120],
[86,106,135],
[116,121,150],
[9,143,148],
[13,24,158],
[8,39,43],
[23,54,73],
[38,69,103],
[53,84,133],
[68,99,163],
[28,83,114],
[58,98,129],
[88,113,144],
[118,128,159]],

[[3,160,164],
[10,18,29],
[25,33,59],
[40,48,89],
[55,63,119],
[70,78,149],
[14,85,93],
[44,100,108],
[74,115,123],
[104,130,138],
[134,145,153],
[4,156,162],
[6,19,27],
[21,34,57],
[36,49,87],
[51,64,117],
[66,79,147],
[12,81,94],
[42,96,109],
[72,111,124],
[102,126,139],
[132,141,154],
[5,152,157],
[2,20,22],
[17,35,52],
[32,50,82],
[47,65,112],
[62,80,142],
[7,77,95],
[37,92,110],
[67,107,125],
[97,122,140],
[127,137,155],
[0,151,161],
[1,15,26],
[16,30,56],
[31,45,86],
[46,60,116],
[61,75,146],
[11,76,90],
[41,91,105],
[71,106,120],
[101,121,135],
[131,136,150],
[9,158,163],
[8,24,28],
[23,39,58],
[38,54,88],
[53,69,118],
[68,84,148],
[13,83,99],
[43,98,114],
[73,113,129],
[103,128,144],
[133,143,159]],

[[2,9,14],
[17,24,44],
[32,39,74],
[47,54,104],
[62,69,134],
[77,84,164],
[29,92,99],
[59,107,114],
[89,122,129],
[119,137,144],
[149,152,159],
[3,5,11],
[18,20,41],
[33,35,71],
[48,50,101],
[63,65,131],
[78,80,161],
[26,93,95],
[56,108,110],
[86,123,125],
[116,138,140],
[146,153,155],
[1,4,13],
[16,19,43],
[31,34,73],
[46,49,103],
[61,64,133],
[76,79,163],
[28,91,94],
[58,106,109],
[88,121,124],
[118,136,139],
[148,151,154],
[0,6,10],
[15,21,40],
[30,36,70],
[45,51,100],
[60,66,130],
[75,81,160],
[25,90,96],
[55,105,111],
[85,120,126],
[115,135,141],
[145,150,156],
[7,8,12],
[22,23,42],
[37,38,72],
[52,53,102],
[67,68,132],
[82,83,162],
[27,97,98],
[57,112,113],
[87,127,128],
[117,142,143],
[147,157,158]],

[[2,24,29],
[17,39,59],
[32,54,89],
[47,69,119],
[62,84,149],
[14,77,99],
[44,92,114],
[74,107,129],
[104,122,144],
[134,137,159],
[9,152,164],
[3,20,26],
[18,35,56],
[33,50,86],
[48,65,116],
[63,80,146],
[11,78,95],
[41,93,110],
[71,108,125],
[101,123,140],
[131,138,155],
[5,153,161],
[4,16,28],
[19,31,58],
[34,46,88],
[49,61,118],
[64,76,148],
[13,79,91],
[43,94,106],
[73,109,121],
[103,124,136],
[133,139,151],
[1,154,163],
[6,15,25],
[21,30,55],
[36,45,85],
[51,60,115],
[66,75,145],
[10,81,90],
[40,96,105],
[70,111,120],
[100,126,135],
[130,141,150],
[0,156,160],
[8,22,27],
[23,37,57],
[38,52,87],
[53,67,117],
[68,82,147],
[12,83,97],
[42,98,112],
[72,113,127],
[102,128,142],
[132,143,157],
[7,158,162]],

[[2,39,44],
[17,54,74],
[32,69,104],
[47,84,134],
[62,99,164],
[29,77,114],
[59,92,129],
[89,107,144],
[119,122,159],
[9,137,149],
[14,24,152],
[3,35,41],
[18,50,71],
[33,65,101],
[48,80,131],
[63,95,161],
[26,78,110],
[56,93,125],
[86,108,140],
[116,123,155],
[5,138,146],
[11,20,153],
[4,31,43],
[19,46,73],
[34,61,103],
[49,76,133],
[64,91,163],
[28,79,106],
[58,94,121],
[88,109,136],
[118,124,151],
[1,139,148],
[13,16,154],
[6,30,40],
[21,45,70],
[36,60,100],
[51,75,130],
[66,90,160],
[25,81,105],
[55,96,120],
[85,111,135],
[115,126,150],
[0,141,145],
[10,15,156],
[8,37,42],
[23,52,72],
[38,67,102],
[53,82,132],
[68,97,162],
[27,83,112],
[57,98,127],
[87,113,142],
[117,128,157],
[7,143,147],
[12,22,158]],

[[2,54,59],
[17,69,89],
[32,84,119],
[47,99,149],
[14,62,114],
[44,77,129],
[74,92,144],
[104,107,159],
[9,122,134],
[24,137,164],
[29,39,152],
[3,50,56],
[18,65,86],
[33,80,116],
[48,95,146],
[11,63,110],
[41,78,125],
[71,93,140],
[101,108,155],
[5,123,131],
[20,138,161],
[26,35,153],
[4,46,58],
[19,61,88],
[34,76,118],
[49,91,148],
[13,64,106],
[43,79,121],
[73,94,136],
[103,109,151],
[1,124,133],
[16,139,163],
[28,31,154],
[6,45,55],
[21,60,85],
[36,75,115],
[51,90,145],
[10,66,105],
[40,81,120],
[70,96,135],
[100,111,150],
[0,126,130],
[15,141,160],
[25,30,156],
[8,52,57],
[23,67,87],
[38,82,117],
[53,97,147],
[12,68,112],
[42,83,127],
[72,98,142],
[102,113,157],
[7,128,132],
[22,143,162],
[27,37,158]],

[[2,69,74],
[17,84,104],
[32,99,134],
[47,114,164],
[29,62,129],
[59,77,144],
[89,92,159],
[9,107,119],
[24,122,149],
[14,39,137],
[44,54,152],
[3,65,71],
[18,80,101],
[33,95,131],
[48,110,161],
[26,63,125],
[56,78,140],
[86,93,155],
[5,108,116],
[20,123,146],
[11,35,138],
[41,50,153],
[4,61,73],
[19,76,103],
[34,91,133],
[49,106,163],
[28,64,121],
[58,79,136],
[88,94,151],
[1,109,118],
[16,124,148],
[13,31,139],
[43,46,154],
[6,60,70],
[21,75,100],
[36,90,130],
[51,105,160],
[25,66,120],
[55,81,135],
[85,96,150],
[0,111,115],
[15,126,145],
[10,30,141],
[40,45,156],
[8,67,72],
[23,82,102],
[38,97,132],
[53,112,162],
[27,68,127],
[57,83,142],
[87,98,157],
[7,113,117],
[22,128,147],
[12,37,143],
[42,52,158]],

[[2,84,89],
[17,99,119],
[32,114,149],
[14,47,129],
[44,62,144],
[74,77,159],
[9,92,104],
[24,107,134],
[39,122,164],
[29,54,137],
[59,69,152],
[3,80,86],
[18,95,116],
[33,110,146],
[11,48,125],
[41,63,140],
[71,78,155],
[5,93,101],
[20,108,131],
[35,123,161],
[26,50,138],
[56,65,153],
[4,76,88],
[19,91,118],
[34,106,148],
[13,49,121],
[43,64,136],
[73,79,151],
[1,94,103],
[16,109,133],
[31,124,163],
[28,46,139],
[58,61,154],
[6,75,85],
[21,90,115],
[36,105,145],
[10,51,120],
[40,66,135],
[70,81,150],
[0,96,100],
[15,111,130],
[30,126,160],
[25,45,141],
[55,60,156],
[8,82,87],
[23,97,117],
[38,112,147],
[12,53,127],
[42,68,142],
[72,83,157],
[7,98,102],
[22,113,132],
[37,128,162],
[27,52,143],
[57,67,158]],

[[2,99,104],
[17,114,134],
[32,129,164],
[29,47,144],
[59,62,159],
[9,77,89],
[24,92,119],
[39,107,149],
[14,54,122],
[44,69,137],
[74,84,152],
[3,95,101],
[18,110,131],
[33,125,161],
[26,48,140],
[56,63,155],
[5,78,86],
[20,93,116],
[35,108,146],
[11,50,123],
[41,65,138],
[71,80,153],
[4,91,103],
[19,106,133],
[34,121,163],
[28,49,136],
[58,64,151],
[1,79,88],
[16,94,118],
[31,109,148],
[13,46,124],
[43,61,139],
[73,76,154],
[6,90,100],
[21,105,130],
[36,120,160],
[25,51,135],
[55,66,150],
[0,81,85],
[15,96,115],
[30,111,145],
[10,45,126],
[40,60,141],
[70,75,156],
[8,97,102],
[23,112,132],
[38,127,162],
[27,53,142],
[57,68,157],
[7,83,87],
[22,98,117],
[37,113,147],
[12,52,128],
[42,67,143],
[72,82,158]],

[[2,114,119],
[17,129,149],
[14,32,144],
[44,47,159],
[9,62,74],
[24,77,104],
[39,92,134],
[54,107,164],
[29,69,122],
[59,84,137],
[89,99,152],
[3,110,116],
[18,125,146],
[11,33,140],
[41,48,155],
[5,63,71],
[20,78,101],
[35,93,131],
[50,108,161],
[26,65,123],
[56,80,138],
[86,95,153],
[4,106,118],
[19,121,148],
[13,34,136],
[43,49,151],
[1,64,73],
[16,79,103],
[31,94,133],
[46,109,163],
[28,61,124],
[58,76,139],
[88,91,154],
[6,105,115],
[21,120,145],
[10,36,135],
[40,51,150],
[0,66,70],
[15,81,100],
[30,96,130],
[45,111,160],
[25,60,126],
[55,75,141],
[85,90,156],
[8,112,117],
[23,127,147],
[12,38,142],
[42,53,157],
[7,68,72],
[22,83,102],
[37,98,132],
[52,113,162],
[27,67,128],
[57,82,143],
[87,97,158]],

[[2,129,134],
[17,144,164],
[29,32,159],
[9,47,59],
[24,62,89],
[39,77,119],
[54,92,149],
[14,69,107],
[44,84,122],
[74,99,137],
[104,114,152],
[3,125,131],
[18,140,161],
[26,33,155],
[5,48,56],
[20,63,86],
[35,78,116],
[50,93,146],
[11,65,108],
[41,80,123],
[71,95,138],
[101,110,153],
[4,121,133],
[19,136,163],
[28,34,151],
[1,49,58],
[16,64,88],
[31,79,118],
[46,94,148],
[13,61,109],
[43,76,124],
[73,91,139],
[103,106,154],
[6,120,130],
[21,135,160],
[25,36,150],
[0,51,55],
[15,66,85],
[30,81,115],
[45,96,145],
[10,60,111],
[40,75,126],
[70,90,141],
[100,105,156],
[8,127,132],
[23,142,162],
[27,38,157],
[7,53,57],
[22,68,87],
[37,83,117],
[52,98,147],
[12,67,113],
[42,82,128],
[72,97,143],
[102,112,158]],

[[2,144,149],
[14,17,159],
[9,32,44],
[24,47,74],
[39,62,104],
[54,77,134],
[69,92,164],
[29,84,107],
[59,99,122],
[89,114,137],
[119,129,152],
[3,140,146],
[11,18,155],
[5,33,41],
[20,48,71],
[35,63,101],
[50,78,131],
[65,93,161],
[26,80,108],
[56,95,123],
[86,110,138],
[116,125,153],
[4,136,148],
[13,19,151],
[1,34,43],
[16,49,73],
[31,64,103],
[46,79,133],
[61,94,163],
[28,76,109],
[58,91,124],
[88,106,139],
[118,121,154],
[6,135,145],
[10,21,150],
[0,36,40],
[15,51,70],
[30,66,100],
[45,81,130],
[60,96,160],
[25,75,111],
[55,90,126],
[85,105,141],
[115,120,156],
[8,142,147],
[12,23,157],
[7,38,42],
[22,53,72],
[37,68,102],
[52,83,132],
[67,98,162],
[27,82,113],
[57,97,128],
[87,112,143],
[117,127,158]],

[[2,159,164],
[9,17,29],
[24,32,59],
[39,47,89],
[54,62,119],
[69,77,149],
[14,84,92],
[44,99,107],
[74,114,122],
[104,129,137],
[134,144,152],
[3,155,161],
[5,18,26],
[20,33,56],
[35,48,86],
[50,63,116],
[65,78,146],
[11,80,93],
[41,95,108],
[71,110,123],
[101,125,138],
[131,140,153],
[4,151,163],
[1,19,28],
[16,34,58],
[31,49,88],
[46,64,118],
[61,79,148],
[13,76,94],
[43,91,109],
[73,106,124],
[103,121,139],
[133,136,154],
[6,150,160],
[0,21,25],
[15,36,55],
[30,51,85],
[45,66,115],
[60,81,145],
[10,75,96],
[40,90,111],
[70,105,126],
[100,120,141],
[130,135,156],
[8,157,162],
[7,23,27],
[22,38,57],
[37,53,87],
[52,68,117],
[67,83,147],
[12,82,98],
[42,97,113],
[72,112,128],
[102,127,143],
[132,142,158]],

[[6,13,14],
[21,28,44],
[36,43,74],
[51,58,104],
[66,73,134],
[81,88,164],
[29,96,103],
[59,111,118],
[89,126,133],
[119,141,148],
[149,156,163],
[0,2,8],
[15,17,38],
[30,32,68],
[45,47,98],
[60,62,128],
[75,77,158],
[23,90,92],
[53,105,107],
[83,120,122],
[113,135,137],
[143,150,152],
[1,5,10],
[16,20,40],
[31,35,70],
[46,50,100],
[61,65,130],
[76,80,160],
[25,91,95],
[55,106,110],
[85,121,125],
[115,136,140],
[145,151,155],
[3,4,7],
[18,19,37],
[33,34,67],
[48,49,97],
[63,64,127],
[78,79,157],
[22,93,94],
[52,108,109],
[82,123,124],
[112,138,139],
[142,153,154],
[9,11,12],
[26,27,39],
[41,42,69],
[56,57,99],
[71,72,129],
[86,87,159],
[24,101,102],
[54,116,117],
[84,131,132],
[114,146,147],
[144,161,162]],

[[6,28,29],
[21,43,59],
[36,58,89],
[51,73,119],
[66,88,149],
[14,81,103],
[44,96,118],
[74,111,133],
[104,126,148],
[134,141,163],
[13,156,164],
[0,17,23],
[15,32,53],
[30,47,83],
[45,62,113],
[60,77,143],
[8,75,92],
[38,90,107],
[68,105,122],
[98,120,137],
[128,135,152],
[2,150,158],
[1,20,25],
[16,35,55],
[31,50,85],
[46,65,115],
[61,80,145],
[10,76,95],
[40,91,110],
[70,106,125],
[100,121,140],
[130,136,155],
[5,151,160],
[3,19,22],
[18,34,52],
[33,49,82],
[48,64,112],
[63,79,142],
[7,78,94],
[37,93,109],
[67,108,124],
[97,123,139],
[127,138,154],
[4,153,157],
[12,24,26],
[27,41,54],
[42,56,84],
[57,71,114],
[72,86,144],
[9,87,101],
[39,102,116],
[69,117,131],
[99,132,146],
[129,147,161],
[11,159,162]],

[[6,43,44],
[21,58,74],
[36,73,104],
[51,88,134],
[66,103,164],
[29,81,118],
[59,96,133],
[89,111,148],
[119,126,163],
[13,141,149],
[14,28,156],
[0,32,38],
[15,47,68],
[30,62,98],
[45,77,128],
[60,92,158],
[23,75,107],
[53,90,122],
[83,105,137],
[113,120,152],
[2,135,143],
[8,17,150],
[1,35,40],
[16,50,70],
[31,65,100],
[46,80,130],
[61,95,160],
[25,76,110],
[55,91,125],
[85,106,140],
[115,121,155],
[5,136,145],
[10,20,151],
[3,34,37],
[18,49,67],
[33,64,97],
[48,79,127],
[63,94,157],
[22,78,109],
[52,93,124],
[82,108,139],
[112,123,154],
[4,138,142],
[7,19,153],
[12,39,41],
[27,56,69],
[42,71,99],
[57,86,129],
[72,101,159],
[24,87,116],
[54,102,131],
[84,117,146],
[114,132,161],
[11,144,147],
[9,26,162]],

[[6,58,59],
[21,73,89],
[36,88,119],
[51,103,149],
[14,66,118],
[44,81,133],
[74,96,148],
[104,111,163],
[13,126,134],
[28,141,164],
[29,43,156],
[0,47,53],
[15,62,83],
[30,77,113],
[45,92,143],
[8,60,107],
[38,75,122],
[68,90,137],
[98,105,152],
[2,120,128],
[17,135,158],
[23,32,150],
[1,50,55],
[16,65,85],
[31,80,115],
[46,95,145],
[10,61,110],
[40,76,125],
[70,91,140],
[100,106,155],
[5,121,130],
[20,136,160],
[25,35,151],
[3,49,52],
[18,64,82],
[33,79,112],
[48,94,142],
[7,63,109],
[37,78,124],
[67,93,139],
[97,108,154],
[4,123,127],
[19,138,157],
[22,34,153],
[12,54,56],
[27,71,84],
[42,86,114],
[57,101,144],
[9,72,116],
[39,87,131],
[69,102,146],
[99,117,161],
[11,129,132],
[26,147,159],
[24,41,162]],

[[6,73,74],
[21,88,104],
[36,103,134],
[51,118,164],
[29,66,133],
[59,81,148],
[89,96,163],
[13,111,119],
[28,126,149],
[14,43,141],
[44,58,156],
[0,62,68],
[15,77,98],
[30,92,128],
[45,107,158],
[23,60,122],
[53,75,137],
[83,90,152],
[2,105,113],
[17,120,143],
[8,32,135],
[38,47,150],
[1,65,70],
[16,80,100],
[31,95,130],
[46,110,160],
[25,61,125],
[55,76,140],
[85,91,155],
[5,106,115],
[20,121,145],
[10,35,136],
[40,50,151],
[3,64,67],
[18,79,97],
[33,94,127],
[48,109,157],
[22,63,124],
[52,78,139],
[82,93,154],
[4,108,112],
[19,123,142],
[7,34,138],
[37,49,153],
[12,69,71],
[27,86,99],
[42,101,129],
[57,116,159],
[24,72,131],
[54,87,146],
[84,102,161],
[11,114,117],
[26,132,144],
[9,41,147],
[39,56,162]],

[[6,88,89],
[21,103,119],
[36,118,149],
[14,51,133],
[44,66,148],
[74,81,163],
[13,96,104],
[28,111,134],
[43,126,164],
[29,58,141],
[59,73,156],
[0,77,83],
[15,92,113],
[30,107,143],
[8,45,122],
[38,60,137],
[68,75,152],
[2,90,98],
[17,105,128],
[32,120,158],
[23,47,135],
[53,62,150],
[1,80,85],
[16,95,115],
[31,110,145],
[10,46,125],
[40,61,140],
[70,76,155],
[5,91,100],
[20,106,130],
[35,121,160],
[25,50,136],
[55,65,151],
[3,79,82],
[18,94,112],
[33,109,142],
[7,48,124],
[37,63,139],
[67,78,154],
[4,93,97],
[19,108,127],
[34,123,157],
[22,49,138],
[52,64,153],
[12,84,86],
[27,101,114],
[42,116,144],
[9,57,131],
[39,72,146],
[69,87,161],
[11,99,102],
[26,117,129],
[41,132,159],
[24,56,147],
[54,71,162]],

[[6,103,104],
[21,118,134],
[36,133,164],
[29,51,148],
[59,66,163],
[13,81,89],
[28,96,119],
[43,111,149],
[14,58,126],
[44,73,141],
[74,88,156],
[0,92,98],
[15,107,128],
[30,122,158],
[23,45,137],
[53,60,152],
[2,75,83],
[17,90,113],
[32,105,143],
[8,47,120],
[38,62,135],
[68,77,150],
[1,95,100],
[16,110,130],
[31,125,160],
[25,46,140],
[55,61,155],
[5,76,85],
[20,91,115],
[35,106,145],
[10,50,121],
[40,65,136],
[70,80,151],
[3,94,97],
[18,109,127],
[33,124,157],
[22,48,139],
[52,63,154],
[4,78,82],
[19,93,112],
[34,108,142],
[7,49,123],
[37,64,138],
[67,79,153],
[12,99,101],
[27,116,129],
[42,131,159],
[24,57,146],
[54,72,161],
[11,84,87],
[26,102,114],
[41,117,144],
[9,56,132],
[39,71,147],
[69,86,162]],

[[6,118,119],
[21,133,149],
[14,36,148],
[44,51,163],
[13,66,74],
[28,81,104],
[43,96,134],
[58,111,164],
[29,73,126],
[59,88,141],
[89,103,156],
[0,107,113],
[15,122,143],
[8,30,137],
[38,45,152],
[2,60,68],
[17,75,98],
[32,90,128],
[47,105,158],
[23,62,120],
[53,77,135],
[83,92,150],
[1,110,115],
[16,125,145],
[10,31,140],
[40,46,155],
[5,61,70],
[20,76,100],
[35,91,130],
[50,106,160],
[25,65,121],
[55,80,136],
[85,95,151],
[3,109,112],
[18,124,142],
[7,33,139],
[37,48,154],
[4,63,67],
[19,78,97],
[34,93,127],
[49,108,157],
[22,64,123],
[52,79,138],
[82,94,153],
[12,114,116],
[27,131,144],
[9,42,146],
[39,57,161],
[11,69,72],
[26,87,99],
[41,102,129],
[56,117,159],
[24,71,132],
[54,86,147],
[84,101,162]],

[[6,133,134],
[21,148,164],
[29,36,163],
[13,51,59],
[28,66,89],
[43,81,119],
[58,96,149],
[14,73,111],
[44,88,126],
[74,103,141],
[104,118,156],
[0,122,128],
[15,137,158],
[23,30,152],
[2,45,53],
[17,60,83],
[32,75,113],
[47,90,143],
[8,62,105],
[38,77,120],
[68,92,135],
[98,107,150],
[1,125,130],
[16,140,160],
[25,31,155],
[5,46,55],
[20,61,85],
[35,76,115],
[50,91,145],
[10,65,106],
[40,80,121],
[70,95,136],
[100,110,151],
[3,124,127],
[18,139,157],
[22,33,154],
[4,48,52],
[19,63,82],
[34,78,112],
[49,93,142],
[7,64,108],
[37,79,123],
[67,94,138],
[97,109,153],
[12,129,131],
[27,146,159],
[24,42,161],
[11,54,57],
[26,72,84],
[41,87,114],
[56,102,144],
[9,71,117],
[39,86,132],
[69,101,147],
[99,116,162]],

[[6,148,149],
[14,21,163],
[13,36,44],
[28,51,74],
[43,66,104],
[58,81,134],
[73,96,164],
[29,88,111],
[59,103,126],
[89,118,141],
[119,133,156],
[0,137,143],
[8,15,152],
[2,30,38],
[17,45,68],
[32,60,98],
[47,75,128],
[62,90,158],
[23,77,105],
[53,92,120],
[83,107,135],
[113,122,150],
[1,140,145],
[10,16,155],
[5,31,40],
[20,46,70],
[35,61,100],
[50,76,130],
[65,91,160],
[25,80,106],
[55,95,121],
[85,110,136],
[115,125,151],
[3,139,142],
[7,18,154],
[4,33,37],
[19,48,67],
[34,63,97],
[49,78,127],
[64,93,157],
[22,79,108],
[52,94,123],
[82,109,138],
[112,124,153],
[12,144,146],
[9,27,161],
[11,39,42],
[26,57,69],
[41,72,99],
[56,87,129],
[71,102,159],
[24,86,117],
[54,101,132],
[84,116,147],
[114,131,162]],

[[6,163,164],
[13,21,29],
[28,36,59],
[43,51,89],
[58,66,119],
[73,81,149],
[14,88,96],
[44,103,111],
[74,118,126],
[104,133,141],
[134,148,156],
[0,152,158],
[2,15,23],
[17,30,53],
[32,45,83],
[47,60,113],
[62,75,143],
[8,77,90],
[38,92,105],
[68,107,120],
[98,122,135],
[128,137,150],
[1,155,160],
[5,16,25],
[20,31,55],
[35,46,85],
[50,61,115],
[65,76,145],
[10,80,91],
[40,95,106],
[70,110,121],
[100,125,136],
[130,140,151],
[3,154,157],
[4,18,22],
[19,33,52],
[34,48,82],
[49,63,112],
[64,78,142],
[7,79,93],
[37,94,108],
[67,109,123],
[97,124,138],
[127,139,153],
[12,159,161],
[11,24,27],
[26,42,54],
[41,57,84],
[56,72,114],
[71,87,144],
[9,86,102],
[39,101,117],
[69,116,132],
[99,131,147],
[129,146,162]],

[[4,11,14],
[19,26,44],
[34,41,74],
[49,56,104],
[64,71,134],
[79,86,164],
[29,94,101],
[59,109,116],
[89,124,131],
[119,139,146],
[149,154,161],
[0,5,13],
[15,20,43],
[30,35,73],
[45,50,103],
[60,65,133],
[75,80,163],
[28,90,95],
[58,105,110],
[88,120,125],
[118,135,140],
[148,150,155],
[3,6,8],
[18,21,38],
[33,36,68],
[48,51,98],
[63,66,128],
[78,81,158],
[23,93,96],
[53,108,111],
[83,123,126],
[113,138,141],
[143,153,156],
[1,2,12],
[16,17,42],
[31,32,72],
[46,47,102],
[61,62,132],
[76,77,162],
[27,91,92],
[57,106,107],
[87,121,122],
[117,136,137],
[147,151,152],
[7,9,10],
[24,25,37],
[39,40,67],
[54,55,97],
[69,70,127],
[84,85,157],
[22,99,100],
[52,114,115],
[82,129,130],
[112,144,145],
[142,159,160]],

[[4,26,29],
[19,41,59],
[34,56,89],
[49,71,119],
[64,86,149],
[14,79,101],
[44,94,116],
[74,109,131],
[104,124,146],
[134,139,161],
[11,154,164],
[5,15,28],
[20,30,58],
[35,45,88],
[50,60,118],
[65,75,148],
[13,80,90],
[43,95,105],
[73,110,120],
[103,125,135],
[133,140,150],
[0,155,163],
[6,18,23],
[21,33,53],
[36,48,83],
[51,63,113],
[66,78,143],
[8,81,93],
[38,96,108],
[68,111,123],
[98,126,138],
[128,141,153],
[3,156,158],
[1,17,27],
[16,32,57],
[31,47,87],
[46,62,117],
[61,77,147],
[12,76,92],
[42,91,107],
[72,106,122],
[102,121,137],
[132,136,152],
[2,151,162],
[10,22,24],
[25,39,52],
[40,54,82],
[55,69,112],
[70,84,142],
[7,85,99],
[37,100,114],
[67,115,129],
[97,130,144],
[127,145,159],
[9,157,160]],

[[4,41,44],
[19,56,74],
[34,71,104],
[49,86,134],
[64,101,164],
[29,79,116],
[59,94,131],
[89,109,146],
[119,124,161],
[11,139,149],
[14,26,154],
[5,30,43],
[20,45,73],
[35,60,103],
[50,75,133],
[65,90,163],
[28,80,105],
[58,95,120],
[88,110,135],
[118,125,150],
[0,140,148],
[13,15,155],
[6,33,38],
[21,48,68],
[36,63,98],
[51,78,128],
[66,93,158],
[23,81,108],
[53,96,123],
[83,111,138],
[113,126,153],
[3,141,143],
[8,18,156],
[1,32,42],
[16,47,72],
[31,62,102],
[46,77,132],
[61,92,162],
[27,76,107],
[57,91,122],
[87,106,137],
[117,121,152],
[2,136,147],
[12,17,151],
[10,37,39],
[25,54,67],
[40,69,97],
[55,84,127],
[70,99,157],
[22,85,114],
[52,100,129],
[82,115,144],
[112,130,159],
[9,142,145],
[7,24,160]],

[[4,56,59],
[19,71,89],
[34,86,119],
[49,101,149],
[14,64,116],
[44,79,131],
[74,94,146],
[104,109,161],
[11,124,134],
[26,139,164],
[29,41,154],
[5,45,58],
[20,60,88],
[35,75,118],
[50,90,148],
[13,65,105],
[43,80,120],
[73,95,135],
[103,110,150],
[0,125,133],
[15,140,163],
[28,30,155],
[6,48,53],
[21,63,83],
[36,78,113],
[51,93,143],
[8,66,108],
[38,81,123],
[68,96,138],
[98,111,153],
[3,126,128],
[18,141,158],
[23,33,156],
[1,47,57],
[16,62,87],
[31,77,117],
[46,92,147],
[12,61,107],
[42,76,122],
[72,91,137],
[102,106,152],
[2,121,132],
[17,136,162],
[27,32,151],
[10,52,54],
[25,69,82],
[40,84,112],
[55,99,142],
[7,70,114],
[37,85,129],
[67,100,144],
[97,115,159],
[9,127,130],
[24,145,157],
[22,39,160]],

[[4,71,74],
[19,86,104],
[34,101,134],
[49,116,164],
[29,64,131],
[59,79,146],
[89,94,161],
[11,109,119],
[26,124,149],
[14,41,139],
[44,56,154],
[5,60,73],
[20,75,103],
[35,90,133],
[50,105,163],
[28,65,120],
[58,80,135],
[88,95,150],
[0,110,118],
[15,125,148],
[13,30,140],
[43,45,155],
[6,63,68],
[21,78,98],
[36,93,128],
[51,108,158],
[23,66,123],
[53,81,138],
[83,96,153],
[3,111,113],
[18,126,143],
[8,33,141],
[38,48,156],
[1,62,72],
[16,77,102],
[31,92,132],
[46,107,162],
[27,61,122],
[57,76,137],
[87,91,152],
[2,106,117],
[17,121,147],
[12,32,136],
[42,47,151],
[10,67,69],
[25,84,97],
[40,99,127],
[55,114,157],
[22,70,129],
[52,85,144],
[82,100,159],
[9,112,115],
[24,130,142],
[7,39,145],
[37,54,160]],

[[4,86,89],
[19,101,119],
[34,116,149],
[14,49,131],
[44,64,146],
[74,79,161],
[11,94,104],
[26,109,134],
[41,124,164],
[29,56,139],
[59,71,154],
[5,75,88],
[20,90,118],
[35,105,148],
[13,50,120],
[43,65,135],
[73,80,150],
[0,95,103],
[15,110,133],
[30,125,163],
[28,45,140],
[58,60,155],
[6,78,83],
[21,93,113],
[36,108,143],
[8,51,123],
[38,66,138],
[68,81,153],
[3,96,98],
[18,111,128],
[33,126,158],
[23,48,141],
[53,63,156],
[1,77,87],
[16,92,117],
[31,107,147],
[12,46,122],
[42,61,137],
[72,76,152],
[2,91,102],
[17,106,132],
[32,121,162],
[27,47,136],
[57,62,151],
[10,82,84],
[25,99,112],
[40,114,142],
[7,55,129],
[37,70,144],
[67,85,159],
[9,97,100],
[24,115,127],
[39,130,157],
[22,54,145],
[52,69,160]],

[[4,101,104],
[19,116,134],
[34,131,164],
[29,49,146],
[59,64,161],
[11,79,89],
[26,94,119],
[41,109,149],
[14,56,124],
[44,71,139],
[74,86,154],
[5,90,103],
[20,105,133],
[35,120,163],
[28,50,135],
[58,65,150],
[0,80,88],
[15,95,118],
[30,110,148],
[13,45,125],
[43,60,140],
[73,75,155],
[6,93,98],
[21,108,128],
[36,123,158],
[23,51,138],
[53,66,153],
[3,81,83],
[18,96,113],
[33,111,143],
[8,48,126],
[38,63,141],
[68,78,156],
[1,92,102],
[16,107,132],
[31,122,162],
[27,46,137],
[57,61,152],
[2,76,87],
[17,91,117],
[32,106,147],
[12,47,121],
[42,62,136],
[72,77,151],
[10,97,99],
[25,114,127],
[40,129,157],
[22,55,144],
[52,70,159],
[9,82,85],
[24,100,112],
[39,115,142],
[7,54,130],
[37,69,145],
[67,84,160]],

[[4,116,119],
[19,131,149],
[14,34,146],
[44,49,161],
[11,64,74],
[26,79,104],
[41,94,134],
[56,109,164],
[29,71,124],
[59,86,139],
[89,101,154],
[5,105,118],
[20,120,148],
[13,35,135],
[43,50,150],
[0,65,73],
[15,80,103],
[30,95,133],
[45,110,163],
[28,60,125],
[58,75,140],
[88,90,155],
[6,108,113],
[21,123,143],
[8,36,138],
[38,51,153],
[3,66,68],
[18,81,98],
[33,96,128],
[48,111,158],
[23,63,126],
[53,78,141],
[83,93,156],
[1,107,117],
[16,122,147],
[12,31,137],
[42,46,152],
[2,61,72],
[17,76,102],
[32,91,132],
[47,106,162],
[27,62,121],
[57,77,136],
[87,92,151],
[10,112,114],
[25,129,142],
[7,40,144],
[37,55,159],
[9,67,70],
[24,85,97],
[39,100,127],
[54,115,157],
[22,69,130],
[52,84,145],
[82,99,160]],

[[4,131,134],
[19,146,164],
[29,34,161],
[11,49,59],
[26,64,89],
[41,79,119],
[56,94,149],
[14,71,109],
[44,86,124],
[74,101,139],
[104,116,154],
[5,120,133],
[20,135,163],
[28,35,150],
[0,50,58],
[15,65,88],
[30,80,118],
[45,95,148],
[13,60,110],
[43,75,125],
[73,90,140],
[103,105,155],
[6,123,128],
[21,138,158],
[23,36,153],
[3,51,53],
[18,66,83],
[33,81,113],
[48,96,143],
[8,63,111],
[38,78,126],
[68,93,141],
[98,108,156],
[1,122,132],
[16,137,162],
[27,31,152],
[2,46,57],
[17,61,87],
[32,76,117],
[47,91,147],
[12,62,106],
[42,77,121],
[72,92,136],
[102,107,151],
[10,127,129],
[25,144,157],
[22,40,159],
[9,52,55],
[24,70,82],
[39,85,112],
[54,100,142],
[7,69,115],
[37,84,130],
[67,99,145],
[97,114,160]],

[[4,146,149],
[14,19,161],
[11,34,44],
[26,49,74],
[41,64,104],
[56,79,134],
[71,94,164],
[29,86,109],
[59,101,124],
[89,116,139],
[119,131,154],
[5,135,148],
[13,20,150],
[0,35,43],
[15,50,73],
[30,65,103],
[45,80,133],
[60,95,163],
[28,75,110],
[58,90,125],
[88,105,140],
[118,120,155],
[6,138,143],
[8,21,153],
[3,36,38],
[18,51,68],
[33,66,98],
[48,81,128],
[63,96,158],
[23,78,111],
[53,93,126],
[83,108,141],
[113,123,156],
[1,137,147],
[12,16,152],
[2,31,42],
[17,46,72],
[32,61,102],
[47,76,132],
[62,91,162],
[27,77,106],
[57,92,121],
[87,107,136],
[117,122,151],
[10,142,144],
[7,25,159],
[9,37,40],
[24,55,67],
[39,70,97],
[54,85,127],
[69,100,157],
[22,84,115],
[52,99,130],
[82,114,145],
[112,129,160]],

[[4,161,164],
[11,19,29],
[26,34,59],
[41,49,89],
[56,64,119],
[71,79,149],
[14,86,94],
[44,101,109],
[74,116,124],
[104,131,139],
[134,146,154],
[5,150,163],
[0,20,28],
[15,35,58],
[30,50,88],
[45,65,118],
[60,80,148],
[13,75,95],
[43,90,110],
[73,105,125],
[103,120,140],
[133,135,155],
[6,153,158],
[3,21,23],
[18,36,53],
[33,51,83],
[48,66,113],
[63,81,143],
[8,78,96],
[38,93,111],
[68,108,126],
[98,123,141],
[128,138,156],
[1,152,162],
[2,16,27],
[17,31,57],
[32,46,87],
[47,61,117],
[62,76,147],
[12,77,91],
[42,92,106],
[72,107,121],
[102,122,136],
[132,137,151],
[10,157,159],
[9,22,25],
[24,40,52],
[39,55,82],
[54,70,112],
[69,85,142],
[7,84,100],
[37,99,115],
[67,114,130],
[97,129,145],
[127,144,160]],

[[5,12,14],
[20,27,44],
[35,42,74],
[50,57,104],
[65,72,134],
[80,87,164],
[29,95,102],
[59,110,117],
[89,125,132],
[119,140,147],
[149,155,162],
[1,6,7],
[16,21,37],
[31,36,67],
[46,51,97],
[61,66,127],
[76,81,157],
[22,91,96],
[52,106,111],
[82,121,126],
[112,136,141],
[142,151,156],
[0,4,9],
[15,19,39],
[30,34,69],
[45,49,99],
[60,64,129],
[75,79,159],
[24,90,94],
[54,105,109],
[84,120,124],
[114,135,139],
[144,150,154],
[2,3,13],
[17,18,43],
[32,33,73],
[47,48,103],
[62,63,133],
[77,78,163],
[28,92,93],
[58,107,108],
[88,122,123],
[118,137,138],
[148,152,153],
[8,10,11],
[25,26,38],
[40,41,68],
[55,56,98],
[70,71,128],
[85,86,158],
[23,100,101],
[53,115,116],
[83,130,131],
[113,145,146],
[143,160,161]],

[[5,27,29],
[20,42,59],
[35,57,89],
[50,72,119],
[65,87,149],
[14,80,102],
[44,95,117],
[74,110,132],
[104,125,147],
[134,140,162],
[12,155,164],
[6,16,22],
[21,31,52],
[36,46,82],
[51,61,112],
[66,76,142],
[7,81,91],
[37,96,106],
[67,111,121],
[97,126,136],
[127,141,151],
[1,156,157],
[0,19,24],
[15,34,54],
[30,49,84],
[45,64,114],
[60,79,144],
[9,75,94],
[39,90,109],
[69,105,124],
[99,120,139],
[129,135,154],
[4,150,159],
[2,18,28],
[17,33,58],
[32,48,88],
[47,63,118],
[62,78,148],
[13,77,93],
[43,92,108],
[73,107,123],
[103,122,138],
[133,137,153],
[3,152,163],
[11,23,25],
[26,40,53],
[41,55,83],
[56,70,113],
[71,85,143],
[8,86,100],
[38,101,115],
[68,116,130],
[98,131,145],
[128,146,160],
[10,158,161]],

[[5,42,44],
[20,57,74],
[35,72,104],
[50,87,134],
[65,102,164],
[29,80,117],
[59,95,132],
[89,110,147],
[119,125,162],
[12,140,149],
[14,27,155],
[6,31,37],
[21,46,67],
[36,61,97],
[51,76,127],
[66,91,157],
[22,81,106],
[52,96,121],
[82,111,136],
[112,126,151],
[1,141,142],
[7,16,156],
[0,34,39],
[15,49,69],
[30,64,99],
[45,79,129],
[60,94,159],
[24,75,109],
[54,90,124],
[84,105,139],
[114,120,154],
[4,135,144],
[9,19,150],
[2,33,43],
[17,48,73],
[32,63,103],
[47,78,133],
[62,93,163],
[28,77,108],
[58,92,123],
[88,107,138],
[118,122,153],
[3,137,148],
[13,18,152],
[11,38,40],
[26,55,68],
[41,70,98],
[56,85,128],
[71,100,158],
[23,86,115],
[53,101,130],
[83,116,145],
[113,131,160],
[10,143,146],
[8,25,161]],

[[5,57,59],
[20,72,89],
[35,87,119],
[50,102,149],
[14,65,117],
[44,80,132],
[74,95,147],
[104,110,162],
[12,125,134],
[27,140,164],
[29,42,155],
[6,46,52],
[21,61,82],
[36,76,112],
[51,91,142],
[7,66,106],
[37,81,121],
[67,96,136],
[97,111,151],
[1,126,127],
[16,141,157],
[22,31,156],
[0,49,54],
[15,64,84],
[30,79,114],
[45,94,144],
[9,60,109],
[39,75,124],
[69,90,139],
[99,105,154],
[4,120,129],
[19,135,159],
[24,34,150],
[2,48,58],
[17,63,88],
[32,78,118],
[47,93,148],
[13,62,108],
[43,77,123],
[73,92,138],
[103,107,153],
[3,122,133],
[18,137,163],
[28,33,152],
[11,53,55],
[26,70,83],
[41,85,113],
[56,100,143],
[8,71,115],
[38,86,130],
[68,101,145],
[98,116,160],
[10,128,131],
[25,146,158],
[23,40,161]],

[[5,72,74],
[20,87,104],
[35,102,134],
[50,117,164],
[29,65,132],
[59,80,147],
[89,95,162],
[12,110,119],
[27,125,149],
[14,42,140],
[44,57,155],
[6,61,67],
[21,76,97],
[36,91,127],
[51,106,157],
[22,66,121],
[52,81,136],
[82,96,151],
[1,111,112],
[16,126,142],
[7,31,141],
[37,46,156],
[0,64,69],
[15,79,99],
[30,94,129],
[45,109,159],
[24,60,124],
[54,75,139],
[84,90,154],
[4,105,114],
[19,120,144],
[9,34,135],
[39,49,150],
[2,63,73],
[17,78,103],
[32,93,133],
[47,108,163],
[28,62,123],
[58,77,138],
[88,92,153],
[3,107,118],
[18,122,148],
[13,33,137],
[43,48,152],
[11,68,70],
[26,85,98],
[41,100,128],
[56,115,158],
[23,71,130],
[53,86,145],
[83,101,160],
[10,113,116],
[25,131,143],
[8,40,146],
[38,55,161]],

[[5,87,89],
[20,102,119],
[35,117,149],
[14,50,132],
[44,65,147],
[74,80,162],
[12,95,104],
[27,110,134],
[42,125,164],
[29,57,140],
[59,72,155],
[6,76,82],
[21,91,112],
[36,106,142],
[7,51,121],
[37,66,136],
[67,81,151],
[1,96,97],
[16,111,127],
[31,126,157],
[22,46,141],
[52,61,156],
[0,79,84],
[15,94,114],
[30,109,144],
[9,45,124],
[39,60,139],
[69,75,154],
[4,90,99],
[19,105,129],
[34,120,159],
[24,49,135],
[54,64,150],
[2,78,88],
[17,93,118],
[32,108,148],
[13,47,123],
[43,62,138],
[73,77,153],
[3,92,103],
[18,107,133],
[33,122,163],
[28,48,137],
[58,63,152],
[11,83,85],
[26,100,113],
[41,115,143],
[8,56,130],
[38,71,145],
[68,86,160],
[10,98,101],
[25,116,128],
[40,131,158],
[23,55,146],
[53,70,161]],

[[5,102,104],
[20,117,134],
[35,132,164],
[29,50,147],
[59,65,162],
[12,80,89],
[27,95,119],
[42,110,149],
[14,57,125],
[44,72,140],
[74,87,155],
[6,91,97],
[21,106,127],
[36,121,157],
[22,51,136],
[52,66,151],
[1,81,82],
[16,96,112],
[31,111,142],
[7,46,126],
[37,61,141],
[67,76,156],
[0,94,99],
[15,109,129],
[30,124,159],
[24,45,139],
[54,60,154],
[4,75,84],
[19,90,114],
[34,105,144],
[9,49,120],
[39,64,135],
[69,79,150],
[2,93,103],
[17,108,133],
[32,123,163],
[28,47,138],
[58,62,153],
[3,77,88],
[18,92,118],
[33,107,148],
[13,48,122],
[43,63,137],
[73,78,152],
[11,98,100],
[26,115,128],
[41,130,158],
[23,56,145],
[53,71,160],
[10,83,86],
[25,101,113],
[40,116,143],
[8,55,131],
[38,70,146],
[68,85,161]],

[[5,117,119],
[20,132,149],
[14,35,147],
[44,50,162],
[12,65,74],
[27,80,104],
[42,95,134],
[57,110,164],
[29,72,125],
[59,87,140],
[89,102,155],
[6,106,112],
[21,121,142],
[7,36,136],
[37,51,151],
[1,66,67],
[16,81,97],
[31,96,127],
[46,111,157],
[22,61,126],
[52,76,141],
[82,91,156],
[0,109,114],
[15,124,144],
[9,30,139],
[39,45,154],
[4,60,69],
[19,75,99],
[34,90,129],
[49,105,159],
[24,64,120],
[54,79,135],
[84,94,150],
[2,108,118],
[17,123,148],
[13,32,138],
[43,47,153],
[3,62,73],
[18,77,103],
[33,92,133],
[48,107,163],
[28,63,122],
[58,78,137],
[88,93,152],
[11,113,115],
[26,130,143],
[8,41,145],
[38,56,160],
[10,68,71],
[25,86,98],
[40,101,128],
[55,116,158],
[23,70,131],
[53,85,146],
[83,100,161]],

[[5,132,134],
[20,147,164],
[29,35,162],
[12,50,59],
[27,65,89],
[42,80,119],
[57,95,149],
[14,72,110],
[44,87,125],
[74,102,140],
[104,117,155],
[6,121,127],
[21,136,157],
[22,36,151],
[1,51,52],
[16,66,82],
[31,81,112],
[46,96,142],
[7,61,111],
[37,76,126],
[67,91,141],
[97,106,156],
[0,124,129],
[15,139,159],
[24,30,154],
[4,45,54],
[19,60,84],
[34,75,114],
[49,90,144],
[9,64,105],
[39,79,120],
[69,94,135],
[99,109,150],
[2,123,133],
[17,138,163],
[28,32,153],
[3,47,58],
[18,62,88],
[33,77,118],
[48,92,148],
[13,63,107],
[43,78,122],
[73,93,137],
[103,108,152],
[11,128,130],
[26,145,158],
[23,41,160],
[10,53,56],
[25,71,83],
[40,86,113],
[55,101,143],
[8,70,116],
[38,85,131],
[68,100,146],
[98,115,161]],

[[5,147,149],
[14,20,162],
[12,35,44],
[27,50,74],
[42,65,104],
[57,80,134],
[72,95,164],
[29,87,110],
[59,102,125],
[89,117,140],
[119,132,155],
[6,136,142],
[7,21,151],
[1,36,37],
[16,51,67],
[31,66,97],
[46,81,127],
[61,96,157],
[22,76,111],
[52,91,126],
[82,106,141],
[112,121,156],
[0,139,144],
[9,15,154],
[4,30,39],
[19,45,69],
[34,60,99],
[49,75,129],
[64,90,159],
[24,79,105],
[54,94,120],
[84,109,135],
[114,124,150],
[2,138,148],
[13,17,153],
[3,32,43],
[18,47,73],
[33,62,103],
[48,77,133],
[63,92,163],
[28,78,107],
[58,93,122],
[88,108,137],
[118,123,152],
[11,143,145],
[8,26,160],
[10,38,41],
[25,56,68],
[40,71,98],
[55,86,128],
[70,101,158],
[23,85,116],
[53,100,131],
[83,115,146],
[113,130,161]],

[[5,162,164],
[12,20,29],
[27,35,59],
[42,50,89],
[57,65,119],
[72,80,149],
[14,87,95],
[44,102,110],
[74,117,125],
[104,132,140],
[134,147,155],
[6,151,157],
[1,21,22],
[16,36,52],
[31,51,82],
[46,66,112],
[61,81,142],
[7,76,96],
[37,91,111],
[67,106,126],
[97,121,141],
[127,136,156],
[0,154,159],
[4,15,24],
[19,30,54],
[34,45,84],
[49,60,114],
[64,75,144],
[9,79,90],
[39,94,105],
[69,109,120],
[99,124,135],
[129,139,150],
[2,153,163],
[3,17,28],
[18,32,58],
[33,47,88],
[48,62,118],
[63,77,148],
[13,78,92],
[43,93,107],
[73,108,122],
[103,123,137],
[133,138,152],
[11,158,160],
[10,23,26],
[25,41,53],
[40,56,83],
[55,71,113],
[70,86,143],
[8,85,101],
[38,100,116],
[68,115,131],
[98,130,146],
[128,145,161]]

]
