[[[0, 11, 17, 20],
[39, 50, 56, 59],
[78, 89, 95, 98],
[117, 128, 134, 137],
[156, 167, 173, 176],
[3, 8, 18, 19],
[42, 47, 57, 58],
[81, 86, 96, 97],
[120, 125, 135, 136],
[159, 164, 174, 175],
[2, 9, 14, 23],
[41, 48, 53, 62],
[80, 87, 92, 101],
[119, 126, 131, 140],
[158, 165, 170, 179],
[13, 24, 30, 33],
[52, 63, 69, 72],
[91, 102, 108, 111],
[130, 141, 147, 150],
[169, 180, 186, 189],
[16, 21, 31, 32],
[55, 60, 70, 71],
[94, 99, 109, 110],
[133, 138, 148, 149],
[172, 177, 187, 188],
[15, 22, 27, 36],
[54, 61, 66, 75],
[93, 100, 105, 114],
[132, 139, 144, 153],
[171, 178, 183, 192],
[4, 7, 26, 37],
[43, 46, 65, 76],
[82, 85, 104, 115],
[121, 124, 143, 154],
[160, 163, 182, 193],
[5, 6, 29, 34],
[44, 45, 68, 73],
[83, 84, 107, 112],
[122, 123, 146, 151],
[161, 162, 185, 190],
[1, 10, 28, 35],
[40, 49, 67, 74],
[79, 88, 106, 113],
[118, 127, 145, 152],
[157, 166, 184, 191],
[12, 51, 90, 195],
[25, 64, 129, 168],
[38, 103, 142, 181],
[77, 116, 155, 194]],

[[0, 50, 95, 137],
[39, 89, 134, 176],
[20, 78, 128, 173],
[17, 59, 117, 167],
[11, 56, 98, 156],
[3, 47, 96, 136],
[42, 86, 135, 175],
[19, 81, 125, 174],
[18, 58, 120, 164],
[8, 57, 97, 159],
[2, 48, 92, 140],
[41, 87, 131, 179],
[23, 80, 126, 170],
[14, 62, 119, 165],
[9, 53, 101, 158],
[13, 63, 108, 150],
[52, 102, 147, 189],
[33, 91, 141, 186],
[30, 72, 130, 180],
[24, 69, 111, 169],
[16, 60, 109, 149],
[55, 99, 148, 188],
[32, 94, 138, 187],
[31, 71, 133, 177],
[21, 70, 110, 172],
[15, 61, 105, 153],
[54, 100, 144, 192],
[36, 93, 139, 183],
[27, 75, 132, 178],
[22, 66, 114, 171],
[4, 46, 104, 154],
[43, 85, 143, 193],
[37, 82, 124, 182],
[26, 76, 121, 163],
[7, 65, 115, 160],
[5, 45, 107, 151],
[44, 84, 146, 190],
[34, 83, 123, 185],
[29, 73, 122, 162],
[6, 68, 112, 161],
[1, 49, 106, 152],
[40, 88, 145, 191],
[35, 79, 127, 184],
[28, 74, 118, 166],
[10, 67, 113, 157],
[64, 116, 181, 195],
[90, 129, 142, 155],
[51, 103, 168, 194],
[12, 25, 38, 77]],

[[0, 59, 89, 173],
[17, 39, 98, 128],
[56, 78, 137, 167],
[11, 95, 117, 176],
[20, 50, 134, 156],
[3, 58, 86, 174],
[18, 42, 97, 125],
[57, 81, 136, 164],
[8, 96, 120, 175],
[19, 47, 135, 159],
[2, 62, 87, 170],
[14, 41, 101, 126],
[53, 80, 140, 165],
[9, 92, 119, 179],
[23, 48, 131, 158],
[13, 72, 102, 186],
[30, 52, 111, 141],
[69, 91, 150, 180],
[24, 108, 130, 189],
[33, 63, 147, 169],
[16, 71, 99, 187],
[31, 55, 110, 138],
[70, 94, 149, 177],
[21, 109, 133, 188],
[32, 60, 148, 172],
[15, 75, 100, 183],
[27, 54, 114, 139],
[66, 93, 153, 178],
[22, 105, 132, 192],
[36, 61, 144, 171],
[4, 76, 85, 182],
[26, 43, 115, 124],
[65, 82, 154, 163],
[7, 104, 121, 193],
[37, 46, 143, 160],
[5, 73, 84, 185],
[29, 44, 112, 123],
[68, 83, 151, 162],
[6, 107, 122, 190],
[34, 45, 146, 161],
[1, 74, 88, 184],
[28, 40, 113, 127],
[67, 79, 152, 166],
[10, 106, 118, 191],
[35, 49, 145, 157],
[38, 155, 168, 195],
[12, 129, 181, 194],
[25, 90, 103, 116],
[51, 64, 77, 142]],

[[0, 56, 128, 176],
[20, 39, 95, 167],
[11, 59, 78, 134],
[50, 98, 117, 173],
[17, 89, 137, 156],
[3, 57, 125, 175],
[19, 42, 96, 164],
[8, 58, 81, 135],
[47, 97, 120, 174],
[18, 86, 136, 159],
[2, 53, 126, 179],
[23, 41, 92, 165],
[9, 62, 80, 131],
[48, 101, 119, 170],
[14, 87, 140, 158],
[13, 69, 141, 189],
[33, 52, 108, 180],
[24, 72, 91, 147],
[63, 111, 130, 186],
[30, 102, 150, 169],
[16, 70, 138, 188],
[32, 55, 109, 177],
[21, 71, 94, 148],
[60, 110, 133, 187],
[31, 99, 149, 172],
[15, 66, 139, 192],
[36, 54, 105, 178],
[22, 75, 93, 144],
[61, 114, 132, 183],
[27, 100, 153, 171],
[4, 65, 124, 193],
[37, 43, 104, 163],
[7, 76, 82, 143],
[46, 115, 121, 182],
[26, 85, 154, 160],
[5, 68, 123, 190],
[34, 44, 107, 162],
[6, 73, 83, 146],
[45, 112, 122, 185],
[29, 84, 151, 161],
[1, 67, 127, 191],
[35, 40, 106, 166],
[10, 74, 79, 145],
[49, 113, 118, 184],
[28, 88, 152, 157],
[25, 142, 194, 195],
[38, 51, 116, 129],
[12, 64, 103, 155],
[77, 90, 168, 181]],

[[0, 98, 134, 167],
[11, 39, 137, 173],
[17, 50, 78, 176],
[20, 56, 89, 117],
[59, 95, 128, 156],
[3, 97, 135, 164],
[8, 42, 136, 174],
[18, 47, 81, 175],
[19, 57, 86, 120],
[58, 96, 125, 159],
[2, 101, 131, 165],
[9, 41, 140, 170],
[14, 48, 80, 179],
[23, 53, 87, 119],
[62, 92, 126, 158],
[13, 111, 147, 180],
[24, 52, 150, 186],
[30, 63, 91, 189],
[33, 69, 102, 130],
[72, 108, 141, 169],
[16, 110, 148, 177],
[21, 55, 149, 187],
[31, 60, 94, 188],
[32, 70, 99, 133],
[71, 109, 138, 172],
[15, 114, 144, 178],
[22, 54, 153, 183],
[27, 61, 93, 192],
[36, 66, 100, 132],
[75, 105, 139, 171],
[4, 115, 143, 163],
[7, 43, 154, 182],
[26, 46, 82, 193],
[37, 65, 85, 121],
[76, 104, 124, 160],
[5, 112, 146, 162],
[6, 44, 151, 185],
[29, 45, 83, 190],
[34, 68, 84, 122],
[73, 107, 123, 161],
[1, 113, 145, 166],
[10, 40, 152, 184],
[28, 49, 79, 191],
[35, 67, 88, 118],
[74, 106, 127, 157],
[77, 103, 129, 195],
[12, 116, 142, 168],
[25, 51, 155, 181],
[38, 64, 90, 194]],

[[4, 9, 19, 20],
[43, 48, 58, 59],
[82, 87, 97, 98],
[121, 126, 136, 137],
[160, 165, 175, 176],
[3, 10, 15, 24],
[42, 49, 54, 63],
[81, 88, 93, 102],
[120, 127, 132, 141],
[159, 166, 171, 180],
[12, 14, 31, 34],
[51, 53, 70, 73],
[90, 92, 109, 112],
[129, 131, 148, 151],
[168, 170, 187, 190],
[17, 22, 32, 33],
[56, 61, 71, 72],
[95, 100, 110, 111],
[134, 139, 149, 150],
[173, 178, 188, 189],
[16, 23, 28, 37],
[55, 62, 67, 76],
[94, 101, 106, 115],
[133, 140, 145, 154],
[172, 179, 184, 193],
[5, 8, 25, 27],
[44, 47, 64, 66],
[83, 86, 103, 105],
[122, 125, 142, 144],
[161, 164, 181, 183],
[6, 7, 30, 35],
[45, 46, 69, 74],
[84, 85, 108, 113],
[123, 124, 147, 152],
[162, 163, 186, 191],
[2, 11, 29, 36],
[41, 50, 68, 75],
[80, 89, 107, 114],
[119, 128, 146, 153],
[158, 167, 185, 192],
[0, 13, 26, 38],
[39, 52, 65, 77],
[78, 91, 104, 116],
[117, 130, 143, 155],
[156, 169, 182, 194],
[1, 40, 79, 195],
[18, 57, 118, 157],
[21, 96, 135, 174],
[60, 99, 138, 177]],

[[4, 48, 97, 137],
[43, 87, 136, 176],
[20, 82, 126, 175],
[19, 59, 121, 165],
[9, 58, 98, 160],
[3, 49, 93, 141],
[42, 88, 132, 180],
[24, 81, 127, 171],
[15, 63, 120, 166],
[10, 54, 102, 159],
[12, 53, 109, 151],
[51, 92, 148, 190],
[34, 90, 131, 187],
[31, 73, 129, 170],
[14, 70, 112, 168],
[17, 61, 110, 150],
[56, 100, 149, 189],
[33, 95, 139, 188],
[32, 72, 134, 178],
[22, 71, 111, 173],
[16, 62, 106, 154],
[55, 101, 145, 193],
[37, 94, 140, 184],
[28, 76, 133, 179],
[23, 67, 115, 172],
[5, 47, 103, 144],
[44, 86, 142, 183],
[27, 83, 125, 181],
[25, 66, 122, 164],
[8, 64, 105, 161],
[6, 46, 108, 152],
[45, 85, 147, 191],
[35, 84, 124, 186],
[30, 74, 123, 163],
[7, 69, 113, 162],
[2, 50, 107, 153],
[41, 89, 146, 192],
[36, 80, 128, 185],
[29, 75, 119, 167],
[11, 68, 114, 158],
[0, 52, 104, 155],
[39, 91, 143, 194],
[38, 78, 130, 182],
[26, 77, 117, 169],
[13, 65, 116, 156],
[57, 99, 174, 195],
[79, 118, 135, 138],
[40, 96, 157, 177],
[1, 18, 21, 60]],

[[4, 59, 87, 175],
[19, 43, 98, 126],
[58, 82, 137, 165],
[9, 97, 121, 176],
[20, 48, 136, 160],
[3, 63, 88, 171],
[15, 42, 102, 127],
[54, 81, 141, 166],
[10, 93, 120, 180],
[24, 49, 132, 159],
[12, 73, 92, 187],
[31, 51, 112, 131],
[70, 90, 151, 170],
[14, 109, 129, 190],
[34, 53, 148, 168],
[17, 72, 100, 188],
[32, 56, 111, 139],
[71, 95, 150, 178],
[22, 110, 134, 189],
[33, 61, 149, 173],
[16, 76, 101, 184],
[28, 55, 115, 140],
[67, 94, 154, 179],
[23, 106, 133, 193],
[37, 62, 145, 172],
[5, 66, 86, 181],
[25, 44, 105, 125],
[64, 83, 144, 164],
[8, 103, 122, 183],
[27, 47, 142, 161],
[6, 74, 85, 186],
[30, 45, 113, 124],
[69, 84, 152, 163],
[7, 108, 123, 191],
[35, 46, 147, 162],
[2, 75, 89, 185],
[29, 41, 114, 128],
[68, 80, 153, 167],
[11, 107, 119, 192],
[36, 50, 146, 158],
[0, 77, 91, 182],
[26, 39, 116, 130],
[65, 78, 155, 169],
[13, 104, 117, 194],
[38, 52, 143, 156],
[21, 138, 157, 195],
[1, 118, 174, 177],
[18, 79, 96, 99],
[40, 57, 60, 135]],

[[4, 58, 126, 176],
[20, 43, 97, 165],
[9, 59, 82, 136],
[48, 98, 121, 175],
[19, 87, 137, 160],
[3, 54, 127, 180],
[24, 42, 93, 166],
[10, 63, 81, 132],
[49, 102, 120, 171],
[15, 88, 141, 159],
[12, 70, 131, 190],
[34, 51, 109, 170],
[14, 73, 90, 148],
[53, 112, 129, 187],
[31, 92, 151, 168],
[17, 71, 139, 189],
[33, 56, 110, 178],
[22, 72, 95, 149],
[61, 111, 134, 188],
[32, 100, 150, 173],
[16, 67, 140, 193],
[37, 55, 106, 179],
[23, 76, 94, 145],
[62, 115, 133, 184],
[28, 101, 154, 172],
[5, 64, 125, 183],
[27, 44, 103, 164],
[8, 66, 83, 142],
[47, 105, 122, 181],
[25, 86, 144, 161],
[6, 69, 124, 191],
[35, 45, 108, 163],
[7, 74, 84, 147],
[46, 113, 123, 186],
[30, 85, 152, 162],
[2, 68, 128, 192],
[36, 41, 107, 167],
[11, 75, 80, 146],
[50, 114, 119, 185],
[29, 89, 153, 158],
[0, 65, 130, 194],
[38, 39, 104, 169],
[13, 77, 78, 143],
[52, 116, 117, 182],
[26, 91, 155, 156],
[18, 135, 177, 195],
[21, 40, 99, 118],
[1, 57, 96, 138],
[60, 79, 157, 174]],

[[4, 98, 136, 165],
[9, 43, 137, 175],
[19, 48, 82, 176],
[20, 58, 87, 121],
[59, 97, 126, 160],
[3, 102, 132, 166],
[10, 42, 141, 171],
[15, 49, 81, 180],
[24, 54, 88, 120],
[63, 93, 127, 159],
[12, 112, 148, 170],
[14, 51, 151, 187],
[31, 53, 90, 190],
[34, 70, 92, 129],
[73, 109, 131, 168],
[17, 111, 149, 178],
[22, 56, 150, 188],
[32, 61, 95, 189],
[33, 71, 100, 134],
[72, 110, 139, 173],
[16, 115, 145, 179],
[23, 55, 154, 184],
[28, 62, 94, 193],
[37, 67, 101, 133],
[76, 106, 140, 172],
[5, 105, 142, 164],
[8, 44, 144, 181],
[25, 47, 83, 183],
[27, 64, 86, 122],
[66, 103, 125, 161],
[6, 113, 147, 163],
[7, 45, 152, 186],
[30, 46, 84, 191],
[35, 69, 85, 123],
[74, 108, 124, 162],
[2, 114, 146, 167],
[11, 41, 153, 185],
[29, 50, 80, 192],
[36, 68, 89, 119],
[75, 107, 128, 158],
[0, 116, 143, 169],
[13, 39, 155, 182],
[26, 52, 78, 194],
[38, 65, 91, 117],
[77, 104, 130, 156],
[60, 96, 118, 195],
[1, 99, 135, 157],
[18, 40, 138, 174],
[21, 57, 79, 177]],

[[0, 2, 19, 22],
[39, 41, 58, 61],
[78, 80, 97, 100],
[117, 119, 136, 139],
[156, 158, 175, 178],
[5, 10, 20, 21],
[44, 49, 59, 60],
[83, 88, 98, 99],
[122, 127, 137, 138],
[161, 166, 176, 177],
[4, 11, 12, 16],
[43, 50, 51, 55],
[82, 89, 90, 94],
[121, 128, 129, 133],
[160, 167, 168, 172],
[13, 15, 32, 35],
[52, 54, 71, 74],
[91, 93, 110, 113],
[130, 132, 149, 152],
[169, 171, 188, 191],
[18, 23, 33, 34],
[57, 62, 72, 73],
[96, 101, 111, 112],
[135, 140, 150, 151],
[174, 179, 189, 190],
[17, 24, 25, 29],
[56, 63, 64, 68],
[95, 102, 103, 107],
[134, 141, 142, 146],
[173, 180, 181, 185],
[6, 9, 26, 28],
[45, 48, 65, 67],
[84, 87, 104, 106],
[123, 126, 143, 145],
[162, 165, 182, 184],
[7, 8, 31, 36],
[46, 47, 70, 75],
[85, 86, 109, 114],
[124, 125, 148, 153],
[163, 164, 187, 192],
[1, 14, 27, 38],
[40, 53, 66, 77],
[79, 92, 105, 116],
[118, 131, 144, 155],
[157, 170, 183, 194],
[3, 42, 81, 195],
[30, 69, 120, 159],
[37, 108, 147, 186],
[76, 115, 154, 193]],

[[0, 41, 97, 139],
[39, 80, 136, 178],
[22, 78, 119, 175],
[19, 61, 117, 158],
[2, 58, 100, 156],
[5, 49, 98, 138],
[44, 88, 137, 177],
[21, 83, 127, 176],
[20, 60, 122, 166],
[10, 59, 99, 161],
[4, 50, 90, 133],
[43, 89, 129, 172],
[16, 82, 128, 168],
[12, 55, 121, 167],
[11, 51, 94, 160],
[13, 54, 110, 152],
[52, 93, 149, 191],
[35, 91, 132, 188],
[32, 74, 130, 171],
[15, 71, 113, 169],
[18, 62, 111, 151],
[57, 101, 150, 190],
[34, 96, 140, 189],
[33, 73, 135, 179],
[23, 72, 112, 174],
[17, 63, 103, 146],
[56, 102, 142, 185],
[29, 95, 141, 181],
[25, 68, 134, 180],
[24, 64, 107, 173],
[6, 48, 104, 145],
[45, 87, 143, 184],
[28, 84, 126, 182],
[26, 67, 123, 165],
[9, 65, 106, 162],
[7, 47, 109, 153],
[46, 86, 148, 192],
[36, 85, 125, 187],
[31, 75, 124, 164],
[8, 70, 114, 163],
[1, 53, 105, 155],
[40, 92, 144, 194],
[38, 79, 131, 183],
[27, 77, 118, 170],
[14, 66, 116, 157],
[69, 115, 186, 195],
[81, 120, 147, 154],
[42, 108, 159, 193],
[3, 30, 37, 76]],

[[0, 61, 80, 175],
[19, 39, 100, 119],
[58, 78, 139, 158],
[2, 97, 117, 178],
[22, 41, 136, 156],
[5, 60, 88, 176],
[20, 44, 99, 127],
[59, 83, 138, 166],
[10, 98, 122, 177],
[21, 49, 137, 161],
[4, 55, 89, 168],
[12, 43, 94, 128],
[51, 82, 133, 167],
[11, 90, 121, 172],
[16, 50, 129, 160],
[13, 74, 93, 188],
[32, 52, 113, 132],
[71, 91, 152, 171],
[15, 110, 130, 191],
[35, 54, 149, 169],
[18, 73, 101, 189],
[33, 57, 112, 140],
[72, 96, 151, 179],
[23, 111, 135, 190],
[34, 62, 150, 174],
[17, 68, 102, 181],
[25, 56, 107, 141],
[64, 95, 146, 180],
[24, 103, 134, 185],
[29, 63, 142, 173],
[6, 67, 87, 182],
[26, 45, 106, 126],
[65, 84, 145, 165],
[9, 104, 123, 184],
[28, 48, 143, 162],
[7, 75, 86, 187],
[31, 46, 114, 125],
[70, 85, 153, 164],
[8, 109, 124, 192],
[36, 47, 148, 163],
[1, 77, 92, 183],
[27, 40, 116, 131],
[66, 79, 155, 170],
[14, 105, 118, 194],
[38, 53, 144, 157],
[37, 154, 159, 195],
[3, 120, 186, 193],
[30, 81, 108, 115],
[42, 69, 76, 147]],

[[0, 58, 119, 178],
[22, 39, 97, 158],
[2, 61, 78, 136],
[41, 100, 117, 175],
[19, 80, 139, 156],
[5, 59, 127, 177],
[21, 44, 98, 166],
[10, 60, 83, 137],
[49, 99, 122, 176],
[20, 88, 138, 161],
[4, 51, 128, 172],
[16, 43, 90, 167],
[11, 55, 82, 129],
[50, 94, 121, 168],
[12, 89, 133, 160],
[13, 71, 132, 191],
[35, 52, 110, 171],
[15, 74, 91, 149],
[54, 113, 130, 188],
[32, 93, 152, 169],
[18, 72, 140, 190],
[34, 57, 111, 179],
[23, 73, 96, 150],
[62, 112, 135, 189],
[33, 101, 151, 174],
[17, 64, 141, 185],
[29, 56, 103, 180],
[24, 68, 95, 142],
[63, 107, 134, 181],
[25, 102, 146, 173],
[6, 65, 126, 184],
[28, 45, 104, 165],
[9, 67, 84, 143],
[48, 106, 123, 182],
[26, 87, 145, 162],
[7, 70, 125, 192],
[36, 46, 109, 164],
[8, 75, 85, 148],
[47, 114, 124, 187],
[31, 86, 153, 163],
[1, 66, 131, 194],
[38, 40, 105, 170],
[14, 77, 79, 144],
[53, 116, 118, 183],
[27, 92, 155, 157],
[30, 147, 193, 195],
[37, 42, 115, 120],
[3, 69, 108, 154],
[76, 81, 159, 186]],

[[0, 100, 136, 158],
[2, 39, 139, 175],
[19, 41, 78, 178],
[22, 58, 80, 117],
[61, 97, 119, 156],
[5, 99, 137, 166],
[10, 44, 138, 176],
[20, 49, 83, 177],
[21, 59, 88, 122],
[60, 98, 127, 161],
[4, 94, 129, 167],
[11, 43, 133, 168],
[12, 50, 82, 172],
[16, 51, 89, 121],
[55, 90, 128, 160],
[13, 113, 149, 171],
[15, 52, 152, 188],
[32, 54, 91, 191],
[35, 71, 93, 130],
[74, 110, 132, 169],
[18, 112, 150, 179],
[23, 57, 151, 189],
[33, 62, 96, 190],
[34, 72, 101, 135],
[73, 111, 140, 174],
[17, 107, 142, 180],
[24, 56, 146, 181],
[25, 63, 95, 185],
[29, 64, 102, 134],
[68, 103, 141, 173],
[6, 106, 143, 165],
[9, 45, 145, 182],
[26, 48, 84, 184],
[28, 65, 87, 123],
[67, 104, 126, 162],
[7, 114, 148, 164],
[8, 46, 153, 187],
[31, 47, 85, 192],
[36, 70, 86, 124],
[75, 109, 125, 163],
[1, 116, 144, 170],
[14, 40, 155, 183],
[27, 53, 79, 194],
[38, 66, 92, 118],
[77, 105, 131, 157],
[76, 108, 120, 195],
[3, 115, 147, 159],
[30, 42, 154, 186],
[37, 69, 81, 193]],

[[1, 3, 20, 23],
[40, 42, 59, 62],
[79, 81, 98, 101],
[118, 120, 137, 140],
[157, 159, 176, 179],
[6, 11, 21, 22],
[45, 50, 60, 61],
[84, 89, 99, 100],
[123, 128, 138, 139],
[162, 167, 177, 178],
[14, 16, 33, 36],
[53, 55, 72, 75],
[92, 94, 111, 114],
[131, 133, 150, 153],
[170, 172, 189, 192],
[19, 24, 34, 35],
[58, 63, 73, 74],
[97, 102, 112, 113],
[136, 141, 151, 152],
[175, 180, 190, 191],
[12, 18, 26, 30],
[51, 57, 65, 69],
[90, 96, 104, 108],
[129, 135, 143, 147],
[168, 174, 182, 186],
[7, 10, 27, 29],
[46, 49, 66, 68],
[85, 88, 105, 107],
[124, 127, 144, 146],
[163, 166, 183, 185],
[8, 9, 32, 37],
[47, 48, 71, 76],
[86, 87, 110, 115],
[125, 126, 149, 154],
[164, 165, 188, 193],
[0, 4, 25, 31],
[39, 43, 64, 70],
[78, 82, 103, 109],
[117, 121, 142, 148],
[156, 160, 181, 187],
[2, 15, 28, 38],
[41, 54, 67, 77],
[80, 93, 106, 116],
[119, 132, 145, 155],
[158, 171, 184, 194],
[5, 44, 83, 195],
[13, 52, 122, 161],
[17, 91, 130, 169],
[56, 95, 134, 173]],

[[1, 42, 98, 140],
[40, 81, 137, 179],
[23, 79, 120, 176],
[20, 62, 118, 159],
[3, 59, 101, 157],
[6, 50, 99, 139],
[45, 89, 138, 178],
[22, 84, 128, 177],
[21, 61, 123, 167],
[11, 60, 100, 162],
[14, 55, 111, 153],
[53, 94, 150, 192],
[36, 92, 133, 189],
[33, 75, 131, 172],
[16, 72, 114, 170],
[19, 63, 112, 152],
[58, 102, 151, 191],
[35, 97, 141, 190],
[34, 74, 136, 180],
[24, 73, 113, 175],
[12, 57, 104, 147],
[51, 96, 143, 186],
[30, 90, 135, 182],
[26, 69, 129, 174],
[18, 65, 108, 168],
[7, 49, 105, 146],
[46, 88, 144, 185],
[29, 85, 127, 183],
[27, 68, 124, 166],
[10, 66, 107, 163],
[8, 48, 110, 154],
[47, 87, 149, 193],
[37, 86, 126, 188],
[32, 76, 125, 165],
[9, 71, 115, 164],
[0, 43, 103, 148],
[39, 82, 142, 187],
[31, 78, 121, 181],
[25, 70, 117, 160],
[4, 64, 109, 156],
[2, 54, 106, 155],
[41, 93, 145, 194],
[38, 80, 132, 184],
[28, 77, 119, 171],
[15, 67, 116, 158],
[52, 95, 169, 195],
[83, 122, 130, 134],
[44, 91, 161, 173],
[5, 13, 17, 56]],

[[1, 62, 81, 176],
[20, 40, 101, 120],
[59, 79, 140, 159],
[3, 98, 118, 179],
[23, 42, 137, 157],
[6, 61, 89, 177],
[21, 45, 100, 128],
[60, 84, 139, 167],
[11, 99, 123, 178],
[22, 50, 138, 162],
[14, 75, 94, 189],
[33, 53, 114, 133],
[72, 92, 153, 172],
[16, 111, 131, 192],
[36, 55, 150, 170],
[19, 74, 102, 190],
[34, 58, 113, 141],
[73, 97, 152, 180],
[24, 112, 136, 191],
[35, 63, 151, 175],
[12, 69, 96, 182],
[26, 51, 108, 135],
[65, 90, 147, 174],
[18, 104, 129, 186],
[30, 57, 143, 168],
[7, 68, 88, 183],
[27, 46, 107, 127],
[66, 85, 146, 166],
[10, 105, 124, 185],
[29, 49, 144, 163],
[8, 76, 87, 188],
[32, 47, 115, 126],
[71, 86, 154, 165],
[9, 110, 125, 193],
[37, 48, 149, 164],
[0, 70, 82, 181],
[25, 39, 109, 121],
[64, 78, 148, 160],
[4, 103, 117, 187],
[31, 43, 142, 156],
[2, 77, 93, 184],
[28, 41, 116, 132],
[67, 80, 155, 171],
[15, 106, 119, 194],
[38, 54, 145, 158],
[17, 134, 161, 195],
[5, 122, 169, 173],
[13, 83, 91, 95],
[44, 52, 56, 130]],

[[1, 59, 120, 179],
[23, 40, 98, 159],
[3, 62, 79, 137],
[42, 101, 118, 176],
[20, 81, 140, 157],
[6, 60, 128, 178],
[22, 45, 99, 167],
[11, 61, 84, 138],
[50, 100, 123, 177],
[21, 89, 139, 162],
[14, 72, 133, 192],
[36, 53, 111, 172],
[16, 75, 92, 150],
[55, 114, 131, 189],
[33, 94, 153, 170],
[19, 73, 141, 191],
[35, 58, 112, 180],
[24, 74, 97, 151],
[63, 113, 136, 190],
[34, 102, 152, 175],
[12, 65, 135, 186],
[30, 51, 104, 174],
[18, 69, 90, 143],
[57, 108, 129, 182],
[26, 96, 147, 168],
[7, 66, 127, 185],
[29, 46, 105, 166],
[10, 68, 85, 144],
[49, 107, 124, 183],
[27, 88, 146, 163],
[8, 71, 126, 193],
[37, 47, 110, 165],
[9, 76, 86, 149],
[48, 115, 125, 188],
[32, 87, 154, 164],
[0, 64, 121, 187],
[31, 39, 103, 160],
[4, 70, 78, 142],
[43, 109, 117, 181],
[25, 82, 148, 156],
[2, 67, 132, 194],
[38, 41, 106, 171],
[15, 77, 80, 145],
[54, 116, 119, 184],
[28, 93, 155, 158],
[13, 130, 173, 195],
[17, 44, 95, 122],
[5, 52, 91, 134],
[56, 83, 161, 169]],

[[1, 101, 137, 159],
[3, 40, 140, 176],
[20, 42, 79, 179],
[23, 59, 81, 118],
[62, 98, 120, 157],
[6, 100, 138, 167],
[11, 45, 139, 177],
[21, 50, 84, 178],
[22, 60, 89, 123],
[61, 99, 128, 162],
[14, 114, 150, 172],
[16, 53, 153, 189],
[33, 55, 92, 192],
[36, 72, 94, 131],
[75, 111, 133, 170],
[19, 113, 151, 180],
[24, 58, 152, 190],
[34, 63, 97, 191],
[35, 73, 102, 136],
[74, 112, 141, 175],
[12, 108, 143, 174],
[18, 51, 147, 182],
[26, 57, 90, 186],
[30, 65, 96, 129],
[69, 104, 135, 168],
[7, 107, 144, 166],
[10, 46, 146, 183],
[27, 49, 85, 185],
[29, 66, 88, 124],
[68, 105, 127, 163],
[8, 115, 149, 165],
[9, 47, 154, 188],
[32, 48, 86, 193],
[37, 71, 87, 125],
[76, 110, 126, 164],
[0, 109, 142, 160],
[4, 39, 148, 181],
[25, 43, 78, 187],
[31, 64, 82, 117],
[70, 103, 121, 156],
[2, 116, 145, 171],
[15, 41, 155, 184],
[28, 54, 80, 194],
[38, 67, 93, 119],
[77, 106, 132, 158],
[56, 91, 122, 195],
[5, 95, 130, 161],
[13, 44, 134, 169],
[17, 52, 83, 173]],

[[2, 4, 21, 24],
[41, 43, 60, 63],
[80, 82, 99, 102],
[119, 121, 138, 141],
[158, 160, 177, 180],
[0, 6, 14, 18],
[39, 45, 53, 57],
[78, 84, 92, 96],
[117, 123, 131, 135],
[156, 162, 170, 174],
[15, 17, 34, 37],
[54, 56, 73, 76],
[93, 95, 112, 115],
[132, 134, 151, 154],
[171, 173, 190, 193],
[12, 20, 35, 36],
[51, 59, 74, 75],
[90, 98, 113, 114],
[129, 137, 152, 153],
[168, 176, 191, 192],
[13, 19, 27, 31],
[52, 58, 66, 70],
[91, 97, 105, 109],
[130, 136, 144, 148],
[169, 175, 183, 187],
[8, 11, 28, 30],
[47, 50, 67, 69],
[86, 89, 106, 108],
[125, 128, 145, 147],
[164, 167, 184, 186],
[9, 10, 25, 33],
[48, 49, 64, 72],
[87, 88, 103, 111],
[126, 127, 142, 150],
[165, 166, 181, 189],
[1, 5, 26, 32],
[40, 44, 65, 71],
[79, 83, 104, 110],
[118, 122, 143, 149],
[157, 161, 182, 188],
[3, 16, 29, 38],
[42, 55, 68, 77],
[81, 94, 107, 116],
[120, 133, 146, 155],
[159, 172, 185, 194],
[7, 46, 85, 195],
[22, 61, 124, 163],
[23, 100, 139, 178],
[62, 101, 140, 179]],

[[2, 43, 99, 141],
[41, 82, 138, 180],
[24, 80, 121, 177],
[21, 63, 119, 160],
[4, 60, 102, 158],
[0, 45, 92, 135],
[39, 84, 131, 174],
[18, 78, 123, 170],
[14, 57, 117, 162],
[6, 53, 96, 156],
[15, 56, 112, 154],
[54, 95, 151, 193],
[37, 93, 134, 190],
[34, 76, 132, 173],
[17, 73, 115, 171],
[12, 59, 113, 153],
[51, 98, 152, 192],
[36, 90, 137, 191],
[35, 75, 129, 176],
[20, 74, 114, 168],
[13, 58, 105, 148],
[52, 97, 144, 187],
[31, 91, 136, 183],
[27, 70, 130, 175],
[19, 66, 109, 169],
[8, 50, 106, 147],
[47, 89, 145, 186],
[30, 86, 128, 184],
[28, 69, 125, 167],
[11, 67, 108, 164],
[9, 49, 103, 150],
[48, 88, 142, 189],
[33, 87, 127, 181],
[25, 72, 126, 166],
[10, 64, 111, 165],
[1, 44, 104, 149],
[40, 83, 143, 188],
[32, 79, 122, 182],
[26, 71, 118, 161],
[5, 65, 110, 157],
[3, 55, 107, 155],
[42, 94, 146, 194],
[38, 81, 133, 185],
[29, 77, 120, 172],
[16, 68, 116, 159],
[61, 101, 178, 195],
[85, 124, 139, 140],
[46, 100, 163, 179],
[7, 22, 23, 62]],

[[2, 63, 82, 177],
[21, 41, 102, 121],
[60, 80, 141, 160],
[4, 99, 119, 180],
[24, 43, 138, 158],
[0, 57, 84, 170],
[14, 39, 96, 123],
[53, 78, 135, 162],
[6, 92, 117, 174],
[18, 45, 131, 156],
[15, 76, 95, 190],
[34, 54, 115, 134],
[73, 93, 154, 173],
[17, 112, 132, 193],
[37, 56, 151, 171],
[12, 75, 98, 191],
[35, 51, 114, 137],
[74, 90, 153, 176],
[20, 113, 129, 192],
[36, 59, 152, 168],
[13, 70, 97, 183],
[27, 52, 109, 136],
[66, 91, 148, 175],
[19, 105, 130, 187],
[31, 58, 144, 169],
[8, 69, 89, 184],
[28, 47, 108, 128],
[67, 86, 147, 167],
[11, 106, 125, 186],
[30, 50, 145, 164],
[9, 72, 88, 181],
[25, 48, 111, 127],
[64, 87, 150, 166],
[10, 103, 126, 189],
[33, 49, 142, 165],
[1, 71, 83, 182],
[26, 40, 110, 122],
[65, 79, 149, 161],
[5, 104, 118, 188],
[32, 44, 143, 157],
[3, 77, 94, 185],
[29, 42, 116, 133],
[68, 81, 155, 172],
[16, 107, 120, 194],
[38, 55, 146, 159],
[23, 140, 163, 195],
[7, 124, 178, 179],
[22, 85, 100, 101],
[46, 61, 62, 139]],

[[2, 60, 121, 180],
[24, 41, 99, 160],
[4, 63, 80, 138],
[43, 102, 119, 177],
[21, 82, 141, 158],
[0, 53, 123, 174],
[18, 39, 92, 162],
[6, 57, 78, 131],
[45, 96, 117, 170],
[14, 84, 135, 156],
[15, 73, 134, 193],
[37, 54, 112, 173],
[17, 76, 93, 151],
[56, 115, 132, 190],
[34, 95, 154, 171],
[12, 74, 137, 192],
[36, 51, 113, 176],
[20, 75, 90, 152],
[59, 114, 129, 191],
[35, 98, 153, 168],
[13, 66, 136, 187],
[31, 52, 105, 175],
[19, 70, 91, 144],
[58, 109, 130, 183],
[27, 97, 148, 169],
[8, 67, 128, 186],
[30, 47, 106, 167],
[11, 69, 86, 145],
[50, 108, 125, 184],
[28, 89, 147, 164],
[9, 64, 127, 189],
[33, 48, 103, 166],
[10, 72, 87, 142],
[49, 111, 126, 181],
[25, 88, 150, 165],
[1, 65, 122, 188],
[32, 40, 104, 161],
[5, 71, 79, 143],
[44, 110, 118, 182],
[26, 83, 149, 157],
[3, 68, 133, 194],
[38, 42, 107, 172],
[16, 77, 81, 146],
[55, 116, 120, 185],
[29, 94, 155, 159],
[22, 139, 179, 195],
[23, 46, 101, 124],
[7, 61, 100, 140],
[62, 85, 163, 178]],

[[2, 102, 138, 160],
[4, 41, 141, 177],
[21, 43, 80, 180],
[24, 60, 82, 119],
[63, 99, 121, 158],
[0, 96, 131, 162],
[6, 39, 135, 170],
[14, 45, 78, 174],
[18, 53, 84, 117],
[57, 92, 123, 156],
[15, 115, 151, 173],
[17, 54, 154, 190],
[34, 56, 93, 193],
[37, 73, 95, 132],
[76, 112, 134, 171],
[12, 114, 152, 176],
[20, 51, 153, 191],
[35, 59, 90, 192],
[36, 74, 98, 129],
[75, 113, 137, 168],
[13, 109, 144, 175],
[19, 52, 148, 183],
[27, 58, 91, 187],
[31, 66, 97, 130],
[70, 105, 136, 169],
[8, 108, 145, 167],
[11, 47, 147, 184],
[28, 50, 86, 186],
[30, 67, 89, 125],
[69, 106, 128, 164],
[9, 111, 142, 166],
[10, 48, 150, 181],
[25, 49, 87, 189],
[33, 64, 88, 126],
[72, 103, 127, 165],
[1, 110, 143, 161],
[5, 40, 149, 182],
[26, 44, 79, 188],
[32, 65, 83, 118],
[71, 104, 122, 157],
[3, 116, 146, 172],
[16, 42, 155, 185],
[29, 55, 81, 194],
[38, 68, 94, 120],
[77, 107, 133, 159],
[62, 100, 124, 195],
[7, 101, 139, 163],
[22, 46, 140, 178],
[23, 61, 85, 179]],

[[3, 5, 12, 22],
[42, 44, 51, 61],
[81, 83, 90, 100],
[120, 122, 129, 139],
[159, 161, 168, 178],
[0, 8, 23, 24],
[39, 47, 62, 63],
[78, 86, 101, 102],
[117, 125, 140, 141],
[156, 164, 179, 180],
[1, 7, 15, 19],
[40, 46, 54, 58],
[79, 85, 93, 97],
[118, 124, 132, 136],
[157, 163, 171, 175],
[16, 18, 25, 35],
[55, 57, 64, 74],
[94, 96, 103, 113],
[133, 135, 142, 152],
[172, 174, 181, 191],
[13, 21, 36, 37],
[52, 60, 75, 76],
[91, 99, 114, 115],
[130, 138, 153, 154],
[169, 177, 192, 193],
[14, 20, 28, 32],
[53, 59, 67, 71],
[92, 98, 106, 110],
[131, 137, 145, 149],
[170, 176, 184, 188],
[10, 11, 26, 34],
[49, 50, 65, 73],
[88, 89, 104, 112],
[127, 128, 143, 151],
[166, 167, 182, 190],
[2, 6, 27, 33],
[41, 45, 66, 72],
[80, 84, 105, 111],
[119, 123, 144, 150],
[158, 162, 183, 189],
[4, 17, 30, 38],
[43, 56, 69, 77],
[82, 95, 108, 116],
[121, 134, 147, 155],
[160, 173, 186, 194],
[9, 48, 87, 195],
[29, 68, 126, 165],
[31, 107, 146, 185],
[70, 109, 148, 187]],

[[3, 44, 90, 139],
[42, 83, 129, 178],
[22, 81, 122, 168],
[12, 61, 120, 161],
[5, 51, 100, 159],
[0, 47, 101, 141],
[39, 86, 140, 180],
[24, 78, 125, 179],
[23, 63, 117, 164],
[8, 62, 102, 156],
[1, 46, 93, 136],
[40, 85, 132, 175],
[19, 79, 124, 171],
[15, 58, 118, 163],
[7, 54, 97, 157],
[16, 57, 103, 152],
[55, 96, 142, 191],
[35, 94, 135, 181],
[25, 74, 133, 174],
[18, 64, 113, 172],
[13, 60, 114, 154],
[52, 99, 153, 193],
[37, 91, 138, 192],
[36, 76, 130, 177],
[21, 75, 115, 169],
[14, 59, 106, 149],
[53, 98, 145, 188],
[32, 92, 137, 184],
[28, 71, 131, 176],
[20, 67, 110, 170],
[10, 50, 104, 151],
[49, 89, 143, 190],
[34, 88, 128, 182],
[26, 73, 127, 167],
[11, 65, 112, 166],
[2, 45, 105, 150],
[41, 84, 144, 189],
[33, 80, 123, 183],
[27, 72, 119, 162],
[6, 66, 111, 158],
[4, 56, 108, 155],
[43, 95, 147, 194],
[38, 82, 134, 186],
[30, 77, 121, 173],
[17, 69, 116, 160],
[68, 109, 185, 195],
[87, 126, 146, 148],
[48, 107, 165, 187],
[9, 29, 31, 70]],

[[3, 61, 83, 168],
[12, 42, 100, 122],
[51, 81, 139, 161],
[5, 90, 120, 178],
[22, 44, 129, 159],
[0, 63, 86, 179],
[23, 39, 102, 125],
[62, 78, 141, 164],
[8, 101, 117, 180],
[24, 47, 140, 156],
[1, 58, 85, 171],
[15, 40, 97, 124],
[54, 79, 136, 163],
[7, 93, 118, 175],
[19, 46, 132, 157],
[16, 74, 96, 181],
[25, 55, 113, 135],
[64, 94, 152, 174],
[18, 103, 133, 191],
[35, 57, 142, 172],
[13, 76, 99, 192],
[36, 52, 115, 138],
[75, 91, 154, 177],
[21, 114, 130, 193],
[37, 60, 153, 169],
[14, 71, 98, 184],
[28, 53, 110, 137],
[67, 92, 149, 176],
[20, 106, 131, 188],
[32, 59, 145, 170],
[10, 73, 89, 182],
[26, 49, 112, 128],
[65, 88, 151, 167],
[11, 104, 127, 190],
[34, 50, 143, 166],
[2, 72, 84, 183],
[27, 41, 111, 123],
[66, 80, 150, 162],
[6, 105, 119, 189],
[33, 45, 144, 158],
[4, 77, 95, 186],
[30, 43, 116, 134],
[69, 82, 155, 173],
[17, 108, 121, 194],
[38, 56, 147, 160],
[31, 148, 165, 195],
[9, 126, 185, 187],
[29, 87, 107, 109],
[48, 68, 70, 146]],

[[3, 51, 122, 178],
[22, 42, 90, 161],
[5, 61, 81, 129],
[44, 100, 120, 168],
[12, 83, 139, 159],
[0, 62, 125, 180],
[24, 39, 101, 164],
[8, 63, 78, 140],
[47, 102, 117, 179],
[23, 86, 141, 156],
[1, 54, 124, 175],
[19, 40, 93, 163],
[7, 58, 79, 132],
[46, 97, 118, 171],
[15, 85, 136, 157],
[16, 64, 135, 191],
[35, 55, 103, 174],
[18, 74, 94, 142],
[57, 113, 133, 181],
[25, 96, 152, 172],
[13, 75, 138, 193],
[37, 52, 114, 177],
[21, 76, 91, 153],
[60, 115, 130, 192],
[36, 99, 154, 169],
[14, 67, 137, 188],
[32, 53, 106, 176],
[20, 71, 92, 145],
[59, 110, 131, 184],
[28, 98, 149, 170],
[10, 65, 128, 190],
[34, 49, 104, 167],
[11, 73, 88, 143],
[50, 112, 127, 182],
[26, 89, 151, 166],
[2, 66, 123, 189],
[33, 41, 105, 162],
[6, 72, 80, 144],
[45, 111, 119, 183],
[27, 84, 150, 158],
[4, 69, 134, 194],
[38, 43, 108, 173],
[17, 77, 82, 147],
[56, 116, 121, 186],
[30, 95, 155, 160],
[29, 146, 187, 195],
[31, 48, 109, 126],
[9, 68, 107, 148],
[70, 87, 165, 185]],

[[3, 100, 129, 161],
[5, 42, 139, 168],
[12, 44, 81, 178],
[22, 51, 83, 120],
[61, 90, 122, 159],
[0, 102, 140, 164],
[8, 39, 141, 179],
[23, 47, 78, 180],
[24, 62, 86, 117],
[63, 101, 125, 156],
[1, 97, 132, 163],
[7, 40, 136, 171],
[15, 46, 79, 175],
[19, 54, 85, 118],
[58, 93, 124, 157],
[16, 113, 142, 174],
[18, 55, 152, 181],
[25, 57, 94, 191],
[35, 64, 96, 133],
[74, 103, 135, 172],
[13, 115, 153, 177],
[21, 52, 154, 192],
[36, 60, 91, 193],
[37, 75, 99, 130],
[76, 114, 138, 169],
[14, 110, 145, 176],
[20, 53, 149, 184],
[28, 59, 92, 188],
[32, 67, 98, 131],
[71, 106, 137, 170],
[10, 112, 143, 167],
[11, 49, 151, 182],
[26, 50, 88, 190],
[34, 65, 89, 127],
[73, 104, 128, 166],
[2, 111, 144, 162],
[6, 41, 150, 183],
[27, 45, 80, 189],
[33, 66, 84, 119],
[72, 105, 123, 158],
[4, 116, 147, 173],
[17, 43, 155, 186],
[30, 56, 82, 194],
[38, 69, 95, 121],
[77, 108, 134, 160],
[70, 107, 126, 195],
[9, 109, 146, 165],
[29, 48, 148, 185],
[31, 68, 87, 187]],

[[4, 6, 13, 23],
[43, 45, 52, 62],
[82, 84, 91, 101],
[121, 123, 130, 140],
[160, 162, 169, 179],
[1, 9, 12, 24],
[40, 48, 51, 63],
[79, 87, 90, 102],
[118, 126, 129, 141],
[157, 165, 168, 180],
[2, 8, 16, 20],
[41, 47, 55, 59],
[80, 86, 94, 98],
[119, 125, 133, 137],
[158, 164, 172, 176],
[17, 19, 26, 36],
[56, 58, 65, 75],
[95, 97, 104, 114],
[134, 136, 143, 153],
[173, 175, 182, 192],
[14, 22, 25, 37],
[53, 61, 64, 76],
[92, 100, 103, 115],
[131, 139, 142, 154],
[170, 178, 181, 193],
[15, 21, 29, 33],
[54, 60, 68, 72],
[93, 99, 107, 111],
[132, 138, 146, 150],
[171, 177, 185, 189],
[0, 10, 30, 32],
[39, 49, 69, 71],
[78, 88, 108, 110],
[117, 127, 147, 149],
[156, 166, 186, 188],
[3, 7, 28, 34],
[42, 46, 67, 73],
[81, 85, 106, 112],
[120, 124, 145, 151],
[159, 163, 184, 190],
[5, 18, 31, 38],
[44, 57, 70, 77],
[83, 96, 109, 116],
[122, 135, 148, 155],
[161, 174, 187, 194],
[11, 50, 89, 195],
[27, 66, 128, 167],
[35, 105, 144, 183],
[74, 113, 152, 191]],

[[4, 45, 91, 140],
[43, 84, 130, 179],
[23, 82, 123, 169],
[13, 62, 121, 162],
[6, 52, 101, 160],
[1, 48, 90, 141],
[40, 87, 129, 180],
[24, 79, 126, 168],
[12, 63, 118, 165],
[9, 51, 102, 157],
[2, 47, 94, 137],
[41, 86, 133, 176],
[20, 80, 125, 172],
[16, 59, 119, 164],
[8, 55, 98, 158],
[17, 58, 104, 153],
[56, 97, 143, 192],
[36, 95, 136, 182],
[26, 75, 134, 175],
[19, 65, 114, 173],
[14, 61, 103, 154],
[53, 100, 142, 193],
[37, 92, 139, 181],
[25, 76, 131, 178],
[22, 64, 115, 170],
[15, 60, 107, 150],
[54, 99, 146, 189],
[33, 93, 138, 185],
[29, 72, 132, 177],
[21, 68, 111, 171],
[0, 49, 108, 149],
[39, 88, 147, 188],
[32, 78, 127, 186],
[30, 71, 117, 166],
[10, 69, 110, 156],
[3, 46, 106, 151],
[42, 85, 145, 190],
[34, 81, 124, 184],
[28, 73, 120, 163],
[7, 67, 112, 159],
[5, 57, 109, 155],
[44, 96, 148, 194],
[38, 83, 135, 187],
[31, 77, 122, 174],
[18, 70, 116, 161],
[66, 113, 183, 195],
[89, 128, 144, 152],
[50, 105, 167, 191],
[11, 27, 35, 74]],

[[4, 62, 84, 169],
[13, 43, 101, 123],
[52, 82, 140, 162],
[6, 91, 121, 179],
[23, 45, 130, 160],
[1, 63, 87, 168],
[12, 40, 102, 126],
[51, 79, 141, 165],
[9, 90, 118, 180],
[24, 48, 129, 157],
[2, 59, 86, 172],
[16, 41, 98, 125],
[55, 80, 137, 164],
[8, 94, 119, 176],
[20, 47, 133, 158],
[17, 75, 97, 182],
[26, 56, 114, 136],
[65, 95, 153, 175],
[19, 104, 134, 192],
[36, 58, 143, 173],
[14, 76, 100, 181],
[25, 53, 115, 139],
[64, 92, 154, 178],
[22, 103, 131, 193],
[37, 61, 142, 170],
[15, 72, 99, 185],
[29, 54, 111, 138],
[68, 93, 150, 177],
[21, 107, 132, 189],
[33, 60, 146, 171],
[0, 71, 88, 186],
[30, 39, 110, 127],
[69, 78, 149, 166],
[10, 108, 117, 188],
[32, 49, 147, 156],
[3, 73, 85, 184],
[28, 42, 112, 124],
[67, 81, 151, 163],
[7, 106, 120, 190],
[34, 46, 145, 159],
[5, 77, 96, 187],
[31, 44, 116, 135],
[70, 83, 155, 174],
[18, 109, 122, 194],
[38, 57, 148, 161],
[35, 152, 167, 195],
[11, 128, 183, 191],
[27, 89, 105, 113],
[50, 66, 74, 144]],

[[4, 52, 123, 179],
[23, 43, 91, 162],
[6, 62, 82, 130],
[45, 101, 121, 169],
[13, 84, 140, 160],
[1, 51, 126, 180],
[24, 40, 90, 165],
[9, 63, 79, 129],
[48, 102, 118, 168],
[12, 87, 141, 157],
[2, 55, 125, 176],
[20, 41, 94, 164],
[8, 59, 80, 133],
[47, 98, 119, 172],
[16, 86, 137, 158],
[17, 65, 136, 192],
[36, 56, 104, 175],
[19, 75, 95, 143],
[58, 114, 134, 182],
[26, 97, 153, 173],
[14, 64, 139, 193],
[37, 53, 103, 178],
[22, 76, 92, 142],
[61, 115, 131, 181],
[25, 100, 154, 170],
[15, 68, 138, 189],
[33, 54, 107, 177],
[21, 72, 93, 146],
[60, 111, 132, 185],
[29, 99, 150, 171],
[0, 69, 127, 188],
[32, 39, 108, 166],
[10, 71, 78, 147],
[49, 110, 117, 186],
[30, 88, 149, 156],
[3, 67, 124, 190],
[34, 42, 106, 163],
[7, 73, 81, 145],
[46, 112, 120, 184],
[28, 85, 151, 159],
[5, 70, 135, 194],
[38, 44, 109, 174],
[18, 77, 83, 148],
[57, 116, 122, 187],
[31, 96, 155, 161],
[27, 144, 191, 195],
[35, 50, 113, 128],
[11, 66, 105, 152],
[74, 89, 167, 183]],

[[4, 101, 130, 162],
[6, 43, 140, 169],
[13, 45, 82, 179],
[23, 52, 84, 121],
[62, 91, 123, 160],
[1, 102, 129, 165],
[9, 40, 141, 168],
[12, 48, 79, 180],
[24, 51, 87, 118],
[63, 90, 126, 157],
[2, 98, 133, 164],
[8, 41, 137, 172],
[16, 47, 80, 176],
[20, 55, 86, 119],
[59, 94, 125, 158],
[17, 114, 143, 175],
[19, 56, 153, 182],
[26, 58, 95, 192],
[36, 65, 97, 134],
[75, 104, 136, 173],
[14, 115, 142, 178],
[22, 53, 154, 181],
[25, 61, 92, 193],
[37, 64, 100, 131],
[76, 103, 139, 170],
[15, 111, 146, 177],
[21, 54, 150, 185],
[29, 60, 93, 189],
[33, 68, 99, 132],
[72, 107, 138, 171],
[0, 110, 147, 166],
[10, 39, 149, 186],
[30, 49, 78, 188],
[32, 69, 88, 117],
[71, 108, 127, 156],
[3, 112, 145, 163],
[7, 42, 151, 184],
[28, 46, 81, 190],
[34, 67, 85, 120],
[73, 106, 124, 159],
[5, 116, 148, 174],
[18, 44, 155, 187],
[31, 57, 83, 194],
[38, 70, 96, 122],
[77, 109, 135, 161],
[74, 105, 128, 195],
[11, 113, 144, 167],
[27, 50, 152, 183],
[35, 66, 89, 191]],

[[5, 7, 14, 24],
[44, 46, 53, 63],
[83, 85, 92, 102],
[122, 124, 131, 141],
[161, 163, 170, 180],
[2, 10, 12, 13],
[41, 49, 51, 52],
[80, 88, 90, 91],
[119, 127, 129, 130],
[158, 166, 168, 169],
[3, 9, 17, 21],
[42, 48, 56, 60],
[81, 87, 95, 99],
[120, 126, 134, 138],
[159, 165, 173, 177],
[18, 20, 27, 37],
[57, 59, 66, 76],
[96, 98, 105, 115],
[135, 137, 144, 154],
[174, 176, 183, 193],
[15, 23, 25, 26],
[54, 62, 64, 65],
[93, 101, 103, 104],
[132, 140, 142, 143],
[171, 179, 181, 182],
[16, 22, 30, 34],
[55, 61, 69, 73],
[94, 100, 108, 112],
[133, 139, 147, 151],
[172, 178, 186, 190],
[1, 11, 31, 33],
[40, 50, 70, 72],
[79, 89, 109, 111],
[118, 128, 148, 150],
[157, 167, 187, 189],
[4, 8, 29, 35],
[43, 47, 68, 74],
[82, 86, 107, 113],
[121, 125, 146, 152],
[160, 164, 185, 191],
[6, 19, 32, 38],
[45, 58, 71, 77],
[84, 97, 110, 116],
[123, 136, 149, 155],
[162, 175, 188, 194],
[0, 39, 78, 195],
[28, 67, 117, 156],
[36, 106, 145, 184],
[75, 114, 153, 192]],

[[5, 46, 92, 141],
[44, 85, 131, 180],
[24, 83, 124, 170],
[14, 63, 122, 163],
[7, 53, 102, 161],
[2, 49, 90, 130],
[41, 88, 129, 169],
[13, 80, 127, 168],
[12, 52, 119, 166],
[10, 51, 91, 158],
[3, 48, 95, 138],
[42, 87, 134, 177],
[21, 81, 126, 173],
[17, 60, 120, 165],
[9, 56, 99, 159],
[18, 59, 105, 154],
[57, 98, 144, 193],
[37, 96, 137, 183],
[27, 76, 135, 176],
[20, 66, 115, 174],
[15, 62, 103, 143],
[54, 101, 142, 182],
[26, 93, 140, 181],
[25, 65, 132, 179],
[23, 64, 104, 171],
[16, 61, 108, 151],
[55, 100, 147, 190],
[34, 94, 139, 186],
[30, 73, 133, 178],
[22, 69, 112, 172],
[1, 50, 109, 150],
[40, 89, 148, 189],
[33, 79, 128, 187],
[31, 72, 118, 167],
[11, 70, 111, 157],
[4, 47, 107, 152],
[43, 86, 146, 191],
[35, 82, 125, 185],
[29, 74, 121, 164],
[8, 68, 113, 160],
[6, 58, 110, 155],
[45, 97, 149, 194],
[38, 84, 136, 188],
[32, 77, 123, 175],
[19, 71, 116, 162],
[67, 114, 184, 195],
[78, 117, 145, 153],
[39, 106, 156, 192],
[0, 28, 36, 75]],

[[5, 63, 85, 170],
[14, 44, 102, 124],
[53, 83, 141, 163],
[7, 92, 122, 180],
[24, 46, 131, 161],
[2, 52, 88, 168],
[12, 41, 91, 127],
[51, 80, 130, 166],
[10, 90, 119, 169],
[13, 49, 129, 158],
[3, 60, 87, 173],
[17, 42, 99, 126],
[56, 81, 138, 165],
[9, 95, 120, 177],
[21, 48, 134, 159],
[18, 76, 98, 183],
[27, 57, 115, 137],
[66, 96, 154, 176],
[20, 105, 135, 193],
[37, 59, 144, 174],
[15, 65, 101, 181],
[25, 54, 104, 140],
[64, 93, 143, 179],
[23, 103, 132, 182],
[26, 62, 142, 171],
[16, 73, 100, 186],
[30, 55, 112, 139],
[69, 94, 151, 178],
[22, 108, 133, 190],
[34, 61, 147, 172],
[1, 72, 89, 187],
[31, 40, 111, 128],
[70, 79, 150, 167],
[11, 109, 118, 189],
[33, 50, 148, 157],
[4, 74, 86, 185],
[29, 43, 113, 125],
[68, 82, 152, 164],
[8, 107, 121, 191],
[35, 47, 146, 160],
[6, 77, 97, 188],
[32, 45, 116, 136],
[71, 84, 155, 175],
[19, 110, 123, 194],
[38, 58, 149, 162],
[36, 153, 156, 195],
[0, 117, 184, 192],
[28, 78, 106, 114],
[39, 67, 75, 145]],

[[5, 53, 124, 180],
[24, 44, 92, 163],
[7, 63, 83, 131],
[46, 102, 122, 170],
[14, 85, 141, 161],
[2, 51, 127, 169],
[13, 41, 90, 166],
[10, 52, 80, 129],
[49, 91, 119, 168],
[12, 88, 130, 158],
[3, 56, 126, 177],
[21, 42, 95, 165],
[9, 60, 81, 134],
[48, 99, 120, 173],
[17, 87, 138, 159],
[18, 66, 137, 193],
[37, 57, 105, 176],
[20, 76, 96, 144],
[59, 115, 135, 183],
[27, 98, 154, 174],
[15, 64, 140, 182],
[26, 54, 103, 179],
[23, 65, 93, 142],
[62, 104, 132, 181],
[25, 101, 143, 171],
[16, 69, 139, 190],
[34, 55, 108, 178],
[22, 73, 94, 147],
[61, 112, 133, 186],
[30, 100, 151, 172],
[1, 70, 128, 189],
[33, 40, 109, 167],
[11, 72, 79, 148],
[50, 111, 118, 187],
[31, 89, 150, 157],
[4, 68, 125, 191],
[35, 43, 107, 164],
[8, 74, 82, 146],
[47, 113, 121, 185],
[29, 86, 152, 160],
[6, 71, 136, 194],
[38, 45, 110, 175],
[19, 77, 84, 149],
[58, 116, 123, 188],
[32, 97, 155, 162],
[28, 145, 192, 195],
[36, 39, 114, 117],
[0, 67, 106, 153],
[75, 78, 156, 184]],

[[5, 102, 131, 163],
[7, 44, 141, 170],
[14, 46, 83, 180],
[24, 53, 85, 122],
[63, 92, 124, 161],
[2, 91, 129, 166],
[10, 41, 130, 168],
[12, 49, 80, 169],
[13, 51, 88, 119],
[52, 90, 127, 158],
[3, 99, 134, 165],
[9, 42, 138, 173],
[17, 48, 81, 177],
[21, 56, 87, 120],
[60, 95, 126, 159],
[18, 115, 144, 176],
[20, 57, 154, 183],
[27, 59, 96, 193],
[37, 66, 98, 135],
[76, 105, 137, 174],
[15, 104, 142, 179],
[23, 54, 143, 181],
[25, 62, 93, 182],
[26, 64, 101, 132],
[65, 103, 140, 171],
[16, 112, 147, 178],
[22, 55, 151, 186],
[30, 61, 94, 190],
[34, 69, 100, 133],
[73, 108, 139, 172],
[1, 111, 148, 167],
[11, 40, 150, 187],
[31, 50, 79, 189],
[33, 70, 89, 118],
[72, 109, 128, 157],
[4, 113, 146, 164],
[8, 43, 152, 185],
[29, 47, 82, 191],
[35, 68, 86, 121],
[74, 107, 125, 160],
[6, 116, 149, 175],
[19, 45, 155, 188],
[32, 58, 84, 194],
[38, 71, 97, 123],
[77, 110, 136, 162],
[75, 106, 117, 195],
[0, 114, 145, 156],
[28, 39, 153, 184],
[36, 67, 78, 192]],

[[6, 8, 12, 15],
[45, 47, 51, 54],
[84, 86, 90, 93],
[123, 125, 129, 132],
[162, 164, 168, 171],
[3, 11, 13, 14],
[42, 50, 52, 53],
[81, 89, 91, 92],
[120, 128, 130, 131],
[159, 167, 169, 170],
[4, 10, 18, 22],
[43, 49, 57, 61],
[82, 88, 96, 100],
[121, 127, 135, 139],
[160, 166, 174, 178],
[19, 21, 25, 28],
[58, 60, 64, 67],
[97, 99, 103, 106],
[136, 138, 142, 145],
[175, 177, 181, 184],
[16, 24, 26, 27],
[55, 63, 65, 66],
[94, 102, 104, 105],
[133, 141, 143, 144],
[172, 180, 182, 183],
[17, 23, 31, 35],
[56, 62, 70, 74],
[95, 101, 109, 113],
[134, 140, 148, 152],
[173, 179, 187, 191],
[0, 1, 29, 37],
[39, 40, 68, 76],
[78, 79, 107, 115],
[117, 118, 146, 154],
[156, 157, 185, 193],
[5, 9, 30, 36],
[44, 48, 69, 75],
[83, 87, 108, 114],
[122, 126, 147, 153],
[161, 165, 186, 192],
[7, 20, 33, 38],
[46, 59, 72, 77],
[85, 98, 111, 116],
[124, 137, 150, 155],
[163, 176, 189, 194],
[2, 41, 80, 195],
[32, 71, 119, 158],
[34, 110, 149, 188],
[73, 112, 151, 190]],

[[6, 47, 90, 132],
[45, 86, 129, 171],
[15, 84, 125, 168],
[12, 54, 123, 164],
[8, 51, 93, 162],
[3, 50, 91, 131],
[42, 89, 130, 170],
[14, 81, 128, 169],
[13, 53, 120, 167],
[11, 52, 92, 159],
[4, 49, 96, 139],
[43, 88, 135, 178],
[22, 82, 127, 174],
[18, 61, 121, 166],
[10, 57, 100, 160],
[19, 60, 103, 145],
[58, 99, 142, 184],
[28, 97, 138, 181],
[25, 67, 136, 177],
[21, 64, 106, 175],
[16, 63, 104, 144],
[55, 102, 143, 183],
[27, 94, 141, 182],
[26, 66, 133, 180],
[24, 65, 105, 172],
[17, 62, 109, 152],
[56, 101, 148, 191],
[35, 95, 140, 187],
[31, 74, 134, 179],
[23, 70, 113, 173],
[0, 40, 107, 154],
[39, 79, 146, 193],
[37, 78, 118, 185],
[29, 76, 117, 157],
[1, 68, 115, 156],
[5, 48, 108, 153],
[44, 87, 147, 192],
[36, 83, 126, 186],
[30, 75, 122, 165],
[9, 69, 114, 161],
[7, 59, 111, 155],
[46, 98, 150, 194],
[38, 85, 137, 189],
[33, 77, 124, 176],
[20, 72, 116, 163],
[71, 112, 188, 195],
[80, 119, 149, 151],
[41, 110, 158, 190],
[2, 32, 34, 73]],

[[6, 54, 86, 168],
[12, 45, 93, 125],
[51, 84, 132, 164],
[8, 90, 123, 171],
[15, 47, 129, 162],
[3, 53, 89, 169],
[13, 42, 92, 128],
[52, 81, 131, 167],
[11, 91, 120, 170],
[14, 50, 130, 159],
[4, 61, 88, 174],
[18, 43, 100, 127],
[57, 82, 139, 166],
[10, 96, 121, 178],
[22, 49, 135, 160],
[19, 67, 99, 181],
[25, 58, 106, 138],
[64, 97, 145, 177],
[21, 103, 136, 184],
[28, 60, 142, 175],
[16, 66, 102, 182],
[26, 55, 105, 141],
[65, 94, 144, 180],
[24, 104, 133, 183],
[27, 63, 143, 172],
[17, 74, 101, 187],
[31, 56, 113, 140],
[70, 95, 152, 179],
[23, 109, 134, 191],
[35, 62, 148, 173],
[0, 76, 79, 185],
[29, 39, 115, 118],
[68, 78, 154, 157],
[1, 107, 117, 193],
[37, 40, 146, 156],
[5, 75, 87, 186],
[30, 44, 114, 126],
[69, 83, 153, 165],
[9, 108, 122, 192],
[36, 48, 147, 161],
[7, 77, 98, 189],
[33, 46, 116, 137],
[72, 85, 155, 176],
[20, 111, 124, 194],
[38, 59, 150, 163],
[34, 151, 158, 195],
[2, 119, 188, 190],
[32, 80, 110, 112],
[41, 71, 73, 149]],

[[6, 51, 125, 171],
[15, 45, 90, 164],
[8, 54, 84, 129],
[47, 93, 123, 168],
[12, 86, 132, 162],
[3, 52, 128, 170],
[14, 42, 91, 167],
[11, 53, 81, 130],
[50, 92, 120, 169],
[13, 89, 131, 159],
[4, 57, 127, 178],
[22, 43, 96, 166],
[10, 61, 82, 135],
[49, 100, 121, 174],
[18, 88, 139, 160],
[19, 64, 138, 184],
[28, 58, 103, 177],
[21, 67, 97, 142],
[60, 106, 136, 181],
[25, 99, 145, 175],
[16, 65, 141, 183],
[27, 55, 104, 180],
[24, 66, 94, 143],
[63, 105, 133, 182],
[26, 102, 144, 172],
[17, 70, 140, 191],
[35, 56, 109, 179],
[23, 74, 95, 148],
[62, 113, 134, 187],
[31, 101, 152, 173],
[0, 68, 118, 193],
[37, 39, 107, 157],
[1, 76, 78, 146],
[40, 115, 117, 185],
[29, 79, 154, 156],
[5, 69, 126, 192],
[36, 44, 108, 165],
[9, 75, 83, 147],
[48, 114, 122, 186],
[30, 87, 153, 161],
[7, 72, 137, 194],
[38, 46, 111, 176],
[20, 77, 85, 150],
[59, 116, 124, 189],
[33, 98, 155, 163],
[32, 149, 190, 195],
[34, 41, 112, 119],
[2, 71, 110, 151],
[73, 80, 158, 188]],

[[6, 93, 129, 164],
[8, 45, 132, 168],
[12, 47, 84, 171],
[15, 51, 86, 123],
[54, 90, 125, 162],
[3, 92, 130, 167],
[11, 42, 131, 169],
[13, 50, 81, 170],
[14, 52, 89, 120],
[53, 91, 128, 159],
[4, 100, 135, 166],
[10, 43, 139, 174],
[18, 49, 82, 178],
[22, 57, 88, 121],
[61, 96, 127, 160],
[19, 106, 142, 177],
[21, 58, 145, 181],
[25, 60, 97, 184],
[28, 64, 99, 136],
[67, 103, 138, 175],
[16, 105, 143, 180],
[24, 55, 144, 182],
[26, 63, 94, 183],
[27, 65, 102, 133],
[66, 104, 141, 172],
[17, 113, 148, 179],
[23, 56, 152, 187],
[31, 62, 95, 191],
[35, 70, 101, 134],
[74, 109, 140, 173],
[0, 115, 146, 157],
[1, 39, 154, 185],
[29, 40, 78, 193],
[37, 68, 79, 117],
[76, 107, 118, 156],
[5, 114, 147, 165],
[9, 44, 153, 186],
[30, 48, 83, 192],
[36, 69, 87, 122],
[75, 108, 126, 161],
[7, 116, 150, 176],
[20, 46, 155, 189],
[33, 59, 85, 194],
[38, 72, 98, 124],
[77, 111, 137, 163],
[73, 110, 119, 195],
[2, 112, 149, 158],
[32, 41, 151, 188],
[34, 71, 80, 190]],

[[7, 9, 13, 16],
[46, 48, 52, 55],
[85, 87, 91, 94],
[124, 126, 130, 133],
[163, 165, 169, 172],
[5, 11, 19, 23],
[44, 50, 58, 62],
[83, 89, 97, 101],
[122, 128, 136, 140],
[161, 167, 175, 179],
[20, 22, 26, 29],
[59, 61, 65, 68],
[98, 100, 104, 107],
[137, 139, 143, 146],
[176, 178, 182, 185],
[12, 17, 27, 28],
[51, 56, 66, 67],
[90, 95, 105, 106],
[129, 134, 144, 145],
[168, 173, 183, 184],
[18, 24, 32, 36],
[57, 63, 71, 75],
[96, 102, 110, 114],
[135, 141, 149, 153],
[174, 180, 188, 192],
[0, 3, 33, 35],
[39, 42, 72, 74],
[78, 81, 111, 113],
[117, 120, 150, 152],
[156, 159, 189, 191],
[1, 2, 25, 30],
[40, 41, 64, 69],
[79, 80, 103, 108],
[118, 119, 142, 147],
[157, 158, 181, 186],
[6, 10, 31, 37],
[45, 49, 70, 76],
[84, 88, 109, 115],
[123, 127, 148, 154],
[162, 166, 187, 193],
[8, 21, 34, 38],
[47, 60, 73, 77],
[86, 99, 112, 116],
[125, 138, 151, 155],
[164, 177, 190, 194],
[4, 43, 82, 195],
[14, 53, 121, 160],
[15, 92, 131, 170],
[54, 93, 132, 171]],

[[7, 48, 91, 133],
[46, 87, 130, 172],
[16, 85, 126, 169],
[13, 55, 124, 165],
[9, 52, 94, 163],
[5, 50, 97, 140],
[44, 89, 136, 179],
[23, 83, 128, 175],
[19, 62, 122, 167],
[11, 58, 101, 161],
[20, 61, 104, 146],
[59, 100, 143, 185],
[29, 98, 139, 182],
[26, 68, 137, 178],
[22, 65, 107, 176],
[12, 56, 105, 145],
[51, 95, 144, 184],
[28, 90, 134, 183],
[27, 67, 129, 173],
[17, 66, 106, 168],
[18, 63, 110, 153],
[57, 102, 149, 192],
[36, 96, 141, 188],
[32, 75, 135, 180],
[24, 71, 114, 174],
[0, 42, 111, 152],
[39, 81, 150, 191],
[35, 78, 120, 189],
[33, 74, 117, 159],
[3, 72, 113, 156],
[1, 41, 103, 147],
[40, 80, 142, 186],
[30, 79, 119, 181],
[25, 69, 118, 158],
[2, 64, 108, 157],
[6, 49, 109, 154],
[45, 88, 148, 193],
[37, 84, 127, 187],
[31, 76, 123, 166],
[10, 70, 115, 162],
[8, 60, 112, 155],
[47, 99, 151, 194],
[38, 86, 138, 190],
[34, 77, 125, 177],
[21, 73, 116, 164],
[53, 93, 170, 195],
[82, 121, 131, 132],
[43, 92, 160, 171],
[4, 14, 15, 54]],

[[7, 55, 87, 169],
[13, 46, 94, 126],
[52, 85, 133, 165],
[9, 91, 124, 172],
[16, 48, 130, 163],
[5, 62, 89, 175],
[19, 44, 101, 128],
[58, 83, 140, 167],
[11, 97, 122, 179],
[23, 50, 136, 161],
[20, 68, 100, 182],
[26, 59, 107, 139],
[65, 98, 146, 178],
[22, 104, 137, 185],
[29, 61, 143, 176],
[12, 67, 95, 183],
[27, 51, 106, 134],
[66, 90, 145, 173],
[17, 105, 129, 184],
[28, 56, 144, 168],
[18, 75, 102, 188],
[32, 57, 114, 141],
[71, 96, 153, 180],
[24, 110, 135, 192],
[36, 63, 149, 174],
[0, 74, 81, 189],
[33, 39, 113, 120],
[72, 78, 152, 159],
[3, 111, 117, 191],
[35, 42, 150, 156],
[1, 69, 80, 181],
[25, 40, 108, 119],
[64, 79, 147, 158],
[2, 103, 118, 186],
[30, 41, 142, 157],
[6, 76, 88, 187],
[31, 45, 115, 127],
[70, 84, 154, 166],
[10, 109, 123, 193],
[37, 49, 148, 162],
[8, 77, 99, 190],
[34, 47, 116, 138],
[73, 86, 155, 177],
[21, 112, 125, 194],
[38, 60, 151, 164],
[15, 132, 160, 195],
[4, 121, 170, 171],
[14, 82, 92, 93],
[43, 53, 54, 131]],

[[7, 52, 126, 172],
[16, 46, 91, 165],
[9, 55, 85, 130],
[48, 94, 124, 169],
[13, 87, 133, 163],
[5, 58, 128, 179],
[23, 44, 97, 167],
[11, 62, 83, 136],
[50, 101, 122, 175],
[19, 89, 140, 161],
[20, 65, 139, 185],
[29, 59, 104, 178],
[22, 68, 98, 143],
[61, 107, 137, 182],
[26, 100, 146, 176],
[12, 66, 134, 184],
[28, 51, 105, 173],
[17, 67, 90, 144],
[56, 106, 129, 183],
[27, 95, 145, 168],
[18, 71, 141, 192],
[36, 57, 110, 180],
[24, 75, 96, 149],
[63, 114, 135, 188],
[32, 102, 153, 174],
[0, 72, 120, 191],
[35, 39, 111, 159],
[3, 74, 78, 150],
[42, 113, 117, 189],
[33, 81, 152, 156],
[1, 64, 119, 186],
[30, 40, 103, 158],
[2, 69, 79, 142],
[41, 108, 118, 181],
[25, 80, 147, 157],
[6, 70, 127, 193],
[37, 45, 109, 166],
[10, 76, 84, 148],
[49, 115, 123, 187],
[31, 88, 154, 162],
[8, 73, 138, 194],
[38, 47, 112, 177],
[21, 77, 86, 151],
[60, 116, 125, 190],
[34, 99, 155, 164],
[14, 131, 171, 195],
[15, 43, 93, 121],
[4, 53, 92, 132],
[54, 82, 160, 170]],

[[7, 94, 130, 165],
[9, 46, 133, 169],
[13, 48, 85, 172],
[16, 52, 87, 124],
[55, 91, 126, 163],
[5, 101, 136, 167],
[11, 44, 140, 175],
[19, 50, 83, 179],
[23, 58, 89, 122],
[62, 97, 128, 161],
[20, 107, 143, 178],
[22, 59, 146, 182],
[26, 61, 98, 185],
[29, 65, 100, 137],
[68, 104, 139, 176],
[12, 106, 144, 173],
[17, 51, 145, 183],
[27, 56, 90, 184],
[28, 66, 95, 129],
[67, 105, 134, 168],
[18, 114, 149, 180],
[24, 57, 153, 188],
[32, 63, 96, 192],
[36, 71, 102, 135],
[75, 110, 141, 174],
[0, 113, 150, 159],
[3, 39, 152, 189],
[33, 42, 78, 191],
[35, 72, 81, 117],
[74, 111, 120, 156],
[1, 108, 142, 158],
[2, 40, 147, 181],
[25, 41, 79, 186],
[30, 64, 80, 118],
[69, 103, 119, 157],
[6, 115, 148, 166],
[10, 45, 154, 187],
[31, 49, 84, 193],
[37, 70, 88, 123],
[76, 109, 127, 162],
[8, 116, 151, 177],
[21, 47, 155, 190],
[34, 60, 86, 194],
[38, 73, 99, 125],
[77, 112, 138, 164],
[54, 92, 121, 195],
[4, 93, 131, 160],
[14, 43, 132, 170],
[15, 53, 82, 171]],

[[8, 10, 14, 17],
[47, 49, 53, 56],
[86, 88, 92, 95],
[125, 127, 131, 134],
[164, 166, 170, 173],
[0, 5, 15, 16],
[39, 44, 54, 55],
[78, 83, 93, 94],
[117, 122, 132, 133],
[156, 161, 171, 172],
[21, 23, 27, 30],
[60, 62, 66, 69],
[99, 101, 105, 108],
[138, 140, 144, 147],
[177, 179, 183, 186],
[13, 18, 28, 29],
[52, 57, 67, 68],
[91, 96, 106, 107],
[130, 135, 145, 146],
[169, 174, 184, 185],
[12, 19, 33, 37],
[51, 58, 72, 76],
[90, 97, 111, 115],
[129, 136, 150, 154],
[168, 175, 189, 193],
[1, 4, 34, 36],
[40, 43, 73, 75],
[79, 82, 112, 114],
[118, 121, 151, 153],
[157, 160, 190, 192],
[2, 3, 26, 31],
[41, 42, 65, 70],
[80, 81, 104, 109],
[119, 120, 143, 148],
[158, 159, 182, 187],
[7, 11, 25, 32],
[46, 50, 64, 71],
[85, 89, 103, 110],
[124, 128, 142, 149],
[163, 167, 181, 188],
[9, 22, 35, 38],
[48, 61, 74, 77],
[87, 100, 113, 116],
[126, 139, 152, 155],
[165, 178, 191, 194],
[6, 45, 84, 195],
[20, 59, 123, 162],
[24, 98, 137, 176],
[63, 102, 141, 180]],

[[8, 49, 92, 134],
[47, 88, 131, 173],
[17, 86, 127, 170],
[14, 56, 125, 166],
[10, 53, 95, 164],
[0, 44, 93, 133],
[39, 83, 132, 172],
[16, 78, 122, 171],
[15, 55, 117, 161],
[5, 54, 94, 156],
[21, 62, 105, 147],
[60, 101, 144, 186],
[30, 99, 140, 183],
[27, 69, 138, 179],
[23, 66, 108, 177],
[13, 57, 106, 146],
[52, 96, 145, 185],
[29, 91, 135, 184],
[28, 68, 130, 174],
[18, 67, 107, 169],
[12, 58, 111, 154],
[51, 97, 150, 193],
[37, 90, 136, 189],
[33, 76, 129, 175],
[19, 72, 115, 168],
[1, 43, 112, 153],
[40, 82, 151, 192],
[36, 79, 121, 190],
[34, 75, 118, 160],
[4, 73, 114, 157],
[2, 42, 104, 148],
[41, 81, 143, 187],
[31, 80, 120, 182],
[26, 70, 119, 159],
[3, 65, 109, 158],
[7, 50, 103, 149],
[46, 89, 142, 188],
[32, 85, 128, 181],
[25, 71, 124, 167],
[11, 64, 110, 163],
[9, 61, 113, 155],
[48, 100, 152, 194],
[38, 87, 139, 191],
[35, 77, 126, 178],
[22, 74, 116, 165],
[59, 102, 176, 195],
[84, 123, 137, 141],
[45, 98, 162, 180],
[6, 20, 24, 63]],

[[8, 56, 88, 170],
[14, 47, 95, 127],
[53, 86, 134, 166],
[10, 92, 125, 173],
[17, 49, 131, 164],
[0, 55, 83, 171],
[15, 39, 94, 122],
[54, 78, 133, 161],
[5, 93, 117, 172],
[16, 44, 132, 156],
[21, 69, 101, 183],
[27, 60, 108, 140],
[66, 99, 147, 179],
[23, 105, 138, 186],
[30, 62, 144, 177],
[13, 68, 96, 184],
[28, 52, 107, 135],
[67, 91, 146, 174],
[18, 106, 130, 185],
[29, 57, 145, 169],
[12, 76, 97, 189],
[33, 51, 115, 136],
[72, 90, 154, 175],
[19, 111, 129, 193],
[37, 58, 150, 168],
[1, 75, 82, 190],
[34, 40, 114, 121],
[73, 79, 153, 160],
[4, 112, 118, 192],
[36, 43, 151, 157],
[2, 70, 81, 182],
[26, 41, 109, 120],
[65, 80, 148, 159],
[3, 104, 119, 187],
[31, 42, 143, 158],
[7, 71, 89, 181],
[25, 46, 110, 128],
[64, 85, 149, 167],
[11, 103, 124, 188],
[32, 50, 142, 163],
[9, 77, 100, 191],
[35, 48, 116, 139],
[74, 87, 155, 178],
[22, 113, 126, 194],
[38, 61, 152, 165],
[24, 141, 162, 195],
[6, 123, 176, 180],
[20, 84, 98, 102],
[45, 59, 63, 137]],

[[8, 53, 127, 173],
[17, 47, 92, 166],
[10, 56, 86, 131],
[49, 95, 125, 170],
[14, 88, 134, 164],
[0, 54, 122, 172],
[16, 39, 93, 161],
[5, 55, 78, 132],
[44, 94, 117, 171],
[15, 83, 133, 156],
[21, 66, 140, 186],
[30, 60, 105, 179],
[23, 69, 99, 144],
[62, 108, 138, 183],
[27, 101, 147, 177],
[13, 67, 135, 185],
[29, 52, 106, 174],
[18, 68, 91, 145],
[57, 107, 130, 184],
[28, 96, 146, 169],
[12, 72, 136, 193],
[37, 51, 111, 175],
[19, 76, 90, 150],
[58, 115, 129, 189],
[33, 97, 154, 168],
[1, 73, 121, 192],
[36, 40, 112, 160],
[4, 75, 79, 151],
[43, 114, 118, 190],
[34, 82, 153, 157],
[2, 65, 120, 187],
[31, 41, 104, 159],
[3, 70, 80, 143],
[42, 109, 119, 182],
[26, 81, 148, 158],
[7, 64, 128, 188],
[32, 46, 103, 167],
[11, 71, 85, 142],
[50, 110, 124, 181],
[25, 89, 149, 163],
[9, 74, 139, 194],
[38, 48, 113, 178],
[22, 77, 87, 152],
[61, 116, 126, 191],
[35, 100, 155, 165],
[20, 137, 180, 195],
[24, 45, 102, 123],
[6, 59, 98, 141],
[63, 84, 162, 176]],

[[8, 95, 131, 166],
[10, 47, 134, 170],
[14, 49, 86, 173],
[17, 53, 88, 125],
[56, 92, 127, 164],
[0, 94, 132, 161],
[5, 39, 133, 171],
[15, 44, 78, 172],
[16, 54, 83, 117],
[55, 93, 122, 156],
[21, 108, 144, 179],
[23, 60, 147, 183],
[27, 62, 99, 186],
[30, 66, 101, 138],
[69, 105, 140, 177],
[13, 107, 145, 174],
[18, 52, 146, 184],
[28, 57, 91, 185],
[29, 67, 96, 130],
[68, 106, 135, 169],
[12, 115, 150, 175],
[19, 51, 154, 189],
[33, 58, 90, 193],
[37, 72, 97, 129],
[76, 111, 136, 168],
[1, 114, 151, 160],
[4, 40, 153, 190],
[34, 43, 79, 192],
[36, 73, 82, 118],
[75, 112, 121, 157],
[2, 109, 143, 159],
[3, 41, 148, 182],
[26, 42, 80, 187],
[31, 65, 81, 119],
[70, 104, 120, 158],
[7, 110, 142, 167],
[11, 46, 149, 181],
[25, 50, 85, 188],
[32, 64, 89, 124],
[71, 103, 128, 163],
[9, 116, 152, 178],
[22, 48, 155, 191],
[35, 61, 87, 194],
[38, 74, 100, 126],
[77, 113, 139, 165],
[63, 98, 123, 195],
[6, 102, 137, 162],
[20, 45, 141, 176],
[24, 59, 84, 180]],

[[9, 11, 15, 18],
[48, 50, 54, 57],
[87, 89, 93, 96],
[126, 128, 132, 135],
[165, 167, 171, 174],
[1, 6, 16, 17],
[40, 45, 55, 56],
[79, 84, 94, 95],
[118, 123, 133, 134],
[157, 162, 172, 173],
[0, 7, 12, 21],
[39, 46, 51, 60],
[78, 85, 90, 99],
[117, 124, 129, 138],
[156, 163, 168, 177],
[22, 24, 28, 31],
[61, 63, 67, 70],
[100, 102, 106, 109],
[139, 141, 145, 148],
[178, 180, 184, 187],
[14, 19, 29, 30],
[53, 58, 68, 69],
[92, 97, 107, 108],
[131, 136, 146, 147],
[170, 175, 185, 186],
[13, 20, 25, 34],
[52, 59, 64, 73],
[91, 98, 103, 112],
[130, 137, 142, 151],
[169, 176, 181, 190],
[2, 5, 35, 37],
[41, 44, 74, 76],
[80, 83, 113, 115],
[119, 122, 152, 154],
[158, 161, 191, 193],
[3, 4, 27, 32],
[42, 43, 66, 71],
[81, 82, 105, 110],
[120, 121, 144, 149],
[159, 160, 183, 188],
[10, 23, 36, 38],
[49, 62, 75, 77],
[88, 101, 114, 116],
[127, 140, 153, 155],
[166, 179, 192, 194],
[8, 47, 86, 195],
[26, 65, 125, 164],
[33, 104, 143, 182],
[72, 111, 150, 189]],

[[9, 50, 93, 135],
[48, 89, 132, 174],
[18, 87, 128, 171],
[15, 57, 126, 167],
[11, 54, 96, 165],
[1, 45, 94, 134],
[40, 84, 133, 173],
[17, 79, 123, 172],
[16, 56, 118, 162],
[6, 55, 95, 157],
[0, 46, 90, 138],
[39, 85, 129, 177],
[21, 78, 124, 168],
[12, 60, 117, 163],
[7, 51, 99, 156],
[22, 63, 106, 148],
[61, 102, 145, 187],
[31, 100, 141, 184],
[28, 70, 139, 180],
[24, 67, 109, 178],
[14, 58, 107, 147],
[53, 97, 146, 186],
[30, 92, 136, 185],
[29, 69, 131, 175],
[19, 68, 108, 170],
[13, 59, 103, 151],
[52, 98, 142, 190],
[34, 91, 137, 181],
[25, 73, 130, 176],
[20, 64, 112, 169],
[2, 44, 113, 154],
[41, 83, 152, 193],
[37, 80, 122, 191],
[35, 76, 119, 161],
[5, 74, 115, 158],
[3, 43, 105, 149],
[42, 82, 144, 188],
[32, 81, 121, 183],
[27, 71, 120, 160],
[4, 66, 110, 159],
[10, 62, 114, 155],
[49, 101, 153, 194],
[38, 88, 140, 192],
[36, 77, 127, 179],
[23, 75, 116, 166],
[65, 111, 182, 195],
[86, 125, 143, 150],
[47, 104, 164, 189],
[8, 26, 33, 72]],

[[9, 57, 89, 171],
[15, 48, 96, 128],
[54, 87, 135, 167],
[11, 93, 126, 174],
[18, 50, 132, 165],
[1, 56, 84, 172],
[16, 40, 95, 123],
[55, 79, 134, 162],
[6, 94, 118, 173],
[17, 45, 133, 157],
[0, 60, 85, 168],
[12, 39, 99, 124],
[51, 78, 138, 163],
[7, 90, 117, 177],
[21, 46, 129, 156],
[22, 70, 102, 184],
[28, 61, 109, 141],
[67, 100, 148, 180],
[24, 106, 139, 187],
[31, 63, 145, 178],
[14, 69, 97, 185],
[29, 53, 108, 136],
[68, 92, 147, 175],
[19, 107, 131, 186],
[30, 58, 146, 170],
[13, 73, 98, 181],
[25, 52, 112, 137],
[64, 91, 151, 176],
[20, 103, 130, 190],
[34, 59, 142, 169],
[2, 76, 83, 191],
[35, 41, 115, 122],
[74, 80, 154, 161],
[5, 113, 119, 193],
[37, 44, 152, 158],
[3, 71, 82, 183],
[27, 42, 110, 121],
[66, 81, 149, 160],
[4, 105, 120, 188],
[32, 43, 144, 159],
[10, 77, 101, 192],
[36, 49, 116, 140],
[75, 88, 155, 179],
[23, 114, 127, 194],
[38, 62, 153, 166],
[33, 150, 164, 195],
[8, 125, 182, 189],
[26, 86, 104, 111],
[47, 65, 72, 143]],

[[9, 54, 128, 174],
[18, 48, 93, 167],
[11, 57, 87, 132],
[50, 96, 126, 171],
[15, 89, 135, 165],
[1, 55, 123, 173],
[17, 40, 94, 162],
[6, 56, 79, 133],
[45, 95, 118, 172],
[16, 84, 134, 157],
[0, 51, 124, 177],
[21, 39, 90, 163],
[7, 60, 78, 129],
[46, 99, 117, 168],
[12, 85, 138, 156],
[22, 67, 141, 187],
[31, 61, 106, 180],
[24, 70, 100, 145],
[63, 109, 139, 184],
[28, 102, 148, 178],
[14, 68, 136, 186],
[30, 53, 107, 175],
[19, 69, 92, 146],
[58, 108, 131, 185],
[29, 97, 147, 170],
[13, 64, 137, 190],
[34, 52, 103, 176],
[20, 73, 91, 142],
[59, 112, 130, 181],
[25, 98, 151, 169],
[2, 74, 122, 193],
[37, 41, 113, 161],
[5, 76, 80, 152],
[44, 115, 119, 191],
[35, 83, 154, 158],
[3, 66, 121, 188],
[32, 42, 105, 160],
[4, 71, 81, 144],
[43, 110, 120, 183],
[27, 82, 149, 159],
[10, 75, 140, 194],
[38, 49, 114, 179],
[23, 77, 88, 153],
[62, 116, 127, 192],
[36, 101, 155, 166],
[26, 143, 189, 195],
[33, 47, 111, 125],
[8, 65, 104, 150],
[72, 86, 164, 182]],

[[9, 96, 132, 167],
[11, 48, 135, 171],
[15, 50, 87, 174],
[18, 54, 89, 126],
[57, 93, 128, 165],
[1, 95, 133, 162],
[6, 40, 134, 172],
[16, 45, 79, 173],
[17, 55, 84, 118],
[56, 94, 123, 157],
[0, 99, 129, 163],
[7, 39, 138, 168],
[12, 46, 78, 177],
[21, 51, 85, 117],
[60, 90, 124, 156],
[22, 109, 145, 180],
[24, 61, 148, 184],
[28, 63, 100, 187],
[31, 67, 102, 139],
[70, 106, 141, 178],
[14, 108, 146, 175],
[19, 53, 147, 185],
[29, 58, 92, 186],
[30, 68, 97, 131],
[69, 107, 136, 170],
[13, 112, 142, 176],
[20, 52, 151, 181],
[25, 59, 91, 190],
[34, 64, 98, 130],
[73, 103, 137, 169],
[2, 115, 152, 161],
[5, 41, 154, 191],
[35, 44, 80, 193],
[37, 74, 83, 119],
[76, 113, 122, 158],
[3, 110, 144, 160],
[4, 42, 149, 183],
[27, 43, 81, 188],
[32, 66, 82, 120],
[71, 105, 121, 159],
[10, 116, 153, 179],
[23, 49, 155, 192],
[36, 62, 88, 194],
[38, 75, 101, 127],
[77, 114, 140, 166],
[72, 104, 125, 195],
[8, 111, 143, 164],
[26, 47, 150, 182],
[33, 65, 86, 189]],

[[2, 7, 17, 18],
[41, 46, 56, 57],
[80, 85, 95, 96],
[119, 124, 134, 135],
[158, 163, 173, 174],
[1, 8, 13, 22],
[40, 47, 52, 61],
[79, 86, 91, 100],
[118, 125, 130, 139],
[157, 164, 169, 178],
[12, 23, 29, 32],
[51, 62, 68, 71],
[90, 101, 107, 110],
[129, 140, 146, 149],
[168, 179, 185, 188],
[15, 20, 30, 31],
[54, 59, 69, 70],
[93, 98, 108, 109],
[132, 137, 147, 148],
[171, 176, 186, 187],
[14, 21, 26, 35],
[53, 60, 65, 74],
[92, 99, 104, 113],
[131, 138, 143, 152],
[170, 177, 182, 191],
[3, 6, 25, 36],
[42, 45, 64, 75],
[81, 84, 103, 114],
[120, 123, 142, 153],
[159, 162, 181, 192],
[4, 5, 28, 33],
[43, 44, 67, 72],
[82, 83, 106, 111],
[121, 122, 145, 150],
[160, 161, 184, 189],
[0, 9, 27, 34],
[39, 48, 66, 73],
[78, 87, 105, 112],
[117, 126, 144, 151],
[156, 165, 183, 190],
[11, 24, 37, 38],
[50, 63, 76, 77],
[89, 102, 115, 116],
[128, 141, 154, 155],
[167, 180, 193, 194],
[10, 49, 88, 195],
[16, 55, 127, 166],
[19, 94, 133, 172],
[58, 97, 136, 175]],

[[2, 46, 95, 135],
[41, 85, 134, 174],
[18, 80, 124, 173],
[17, 57, 119, 163],
[7, 56, 96, 158],
[1, 47, 91, 139],
[40, 86, 130, 178],
[22, 79, 125, 169],
[13, 61, 118, 164],
[8, 52, 100, 157],
[12, 62, 107, 149],
[51, 101, 146, 188],
[32, 90, 140, 185],
[29, 71, 129, 179],
[23, 68, 110, 168],
[15, 59, 108, 148],
[54, 98, 147, 187],
[31, 93, 137, 186],
[30, 70, 132, 176],
[20, 69, 109, 171],
[14, 60, 104, 152],
[53, 99, 143, 191],
[35, 92, 138, 182],
[26, 74, 131, 177],
[21, 65, 113, 170],
[3, 45, 103, 153],
[42, 84, 142, 192],
[36, 81, 123, 181],
[25, 75, 120, 162],
[6, 64, 114, 159],
[4, 44, 106, 150],
[43, 83, 145, 189],
[33, 82, 122, 184],
[28, 72, 121, 161],
[5, 67, 111, 160],
[0, 48, 105, 151],
[39, 87, 144, 190],
[34, 78, 126, 183],
[27, 73, 117, 165],
[9, 66, 112, 156],
[11, 63, 115, 155],
[50, 102, 154, 194],
[38, 89, 141, 193],
[37, 77, 128, 180],
[24, 76, 116, 167],
[55, 97, 172, 195],
[88, 127, 133, 136],
[49, 94, 166, 175],
[10, 16, 19, 58]],

[[2, 57, 85, 173],
[17, 41, 96, 124],
[56, 80, 135, 163],
[7, 95, 119, 174],
[18, 46, 134, 158],
[1, 61, 86, 169],
[13, 40, 100, 125],
[52, 79, 139, 164],
[8, 91, 118, 178],
[22, 47, 130, 157],
[12, 71, 101, 185],
[29, 51, 110, 140],
[68, 90, 149, 179],
[23, 107, 129, 188],
[32, 62, 146, 168],
[15, 70, 98, 186],
[30, 54, 109, 137],
[69, 93, 148, 176],
[20, 108, 132, 187],
[31, 59, 147, 171],
[14, 74, 99, 182],
[26, 53, 113, 138],
[65, 92, 152, 177],
[21, 104, 131, 191],
[35, 60, 143, 170],
[3, 75, 84, 181],
[25, 42, 114, 123],
[64, 81, 153, 162],
[6, 103, 120, 192],
[36, 45, 142, 159],
[4, 72, 83, 184],
[28, 43, 111, 122],
[67, 82, 150, 161],
[5, 106, 121, 189],
[33, 44, 145, 160],
[0, 73, 87, 183],
[27, 39, 112, 126],
[66, 78, 151, 165],
[9, 105, 117, 190],
[34, 48, 144, 156],
[11, 77, 102, 193],
[37, 50, 116, 141],
[76, 89, 155, 180],
[24, 115, 128, 194],
[38, 63, 154, 167],
[19, 136, 166, 195],
[10, 127, 172, 175],
[16, 88, 94, 97],
[49, 55, 58, 133]],

[[2, 56, 124, 174],
[18, 41, 95, 163],
[7, 57, 80, 134],
[46, 96, 119, 173],
[17, 85, 135, 158],
[1, 52, 125, 178],
[22, 40, 91, 164],
[8, 61, 79, 130],
[47, 100, 118, 169],
[13, 86, 139, 157],
[12, 68, 140, 188],
[32, 51, 107, 179],
[23, 71, 90, 146],
[62, 110, 129, 185],
[29, 101, 149, 168],
[15, 69, 137, 187],
[31, 54, 108, 176],
[20, 70, 93, 147],
[59, 109, 132, 186],
[30, 98, 148, 171],
[14, 65, 138, 191],
[35, 53, 104, 177],
[21, 74, 92, 143],
[60, 113, 131, 182],
[26, 99, 152, 170],
[3, 64, 123, 192],
[36, 42, 103, 162],
[6, 75, 81, 142],
[45, 114, 120, 181],
[25, 84, 153, 159],
[4, 67, 122, 189],
[33, 43, 106, 161],
[5, 72, 82, 145],
[44, 111, 121, 184],
[28, 83, 150, 160],
[0, 66, 126, 190],
[34, 39, 105, 165],
[9, 73, 78, 144],
[48, 112, 117, 183],
[27, 87, 151, 156],
[11, 76, 141, 194],
[38, 50, 115, 180],
[24, 77, 89, 154],
[63, 116, 128, 193],
[37, 102, 155, 167],
[16, 133, 175, 195],
[19, 49, 97, 127],
[10, 55, 94, 136],
[58, 88, 166, 172]],

[[2, 96, 134, 163],
[7, 41, 135, 173],
[17, 46, 80, 174],
[18, 56, 85, 119],
[57, 95, 124, 158],
[1, 100, 130, 164],
[8, 40, 139, 169],
[13, 47, 79, 178],
[22, 52, 86, 118],
[61, 91, 125, 157],
[12, 110, 146, 179],
[23, 51, 149, 185],
[29, 62, 90, 188],
[32, 68, 101, 129],
[71, 107, 140, 168],
[15, 109, 147, 176],
[20, 54, 148, 186],
[30, 59, 93, 187],
[31, 69, 98, 132],
[70, 108, 137, 171],
[14, 113, 143, 177],
[21, 53, 152, 182],
[26, 60, 92, 191],
[35, 65, 99, 131],
[74, 104, 138, 170],
[3, 114, 142, 162],
[6, 42, 153, 181],
[25, 45, 81, 192],
[36, 64, 84, 120],
[75, 103, 123, 159],
[4, 111, 145, 161],
[5, 43, 150, 184],
[28, 44, 82, 189],
[33, 67, 83, 121],
[72, 106, 122, 160],
[0, 112, 144, 165],
[9, 39, 151, 183],
[27, 48, 78, 190],
[34, 66, 87, 117],
[73, 105, 126, 156],
[11, 116, 154, 180],
[24, 50, 155, 193],
[37, 63, 89, 194],
[38, 76, 102, 128],
[77, 115, 141, 167],
[58, 94, 127, 195],
[10, 97, 133, 166],
[16, 49, 136, 172],
[19, 55, 88, 175]]]