[[[0,97,194],
[1,36,164],
[5,83,141],
[25,27,123],
[28,38,130],
[43,93,165],
[21,77,146],
[8,94,148],
[40,82,158],
[6,22,111],
[13,30,167],
[53,65,156],
[34,71,101],
[64,73,117],
[29,74,100],
[48,79,112],
[7,46,172],
[35,96,114],
[78,92,182],
[2,72,134],
[10,69,185],
[50,54,149],
[56,76,163],
[86,89,136],
[42,57,98],
[16,91,102],
[67,80,122],
[12,44,125],
[26,60,140],
[9,33,118],
[45,68,105],
[31,49,137],
[51,58,103],
[61,62,110],
[14,19,162],
[70,95,131],
[59,87,170],
[4,47,171],
[20,41,176],
[3,11,104],
[15,55,132],
[75,81,175],
[17,84,99],
[32,85,107],
[37,63,147],
[24,88,153],
[23,52,183],
[18,66,139],
[39,90,113],
[127,177,181],
[109,129,150],
[157,160,168],
[106,121,161],
[120,126,142],
[115,128,145],
[143,155,187],
[133,159,193],
[116,180,189],
[124,169,192],
[135,166,184],
[144,151,190],
[138,173,174],
[108,186,191],
[152,154,179],
[119,178,188]],

[[1,98,194],
[2,37,165],
[6,84,142],
[26,28,124],
[29,39,131],
[44,94,166],
[22,78,147],
[9,95,149],
[41,83,159],
[7,23,112],
[14,31,168],
[54,66,157],
[35,72,102],
[65,74,118],
[30,75,101],
[49,80,113],
[8,47,173],
[0,36,115],
[79,93,183],
[3,73,135],
[11,70,186],
[51,55,150],
[57,77,164],
[87,90,137],
[43,58,99],
[17,92,103],
[68,81,123],
[13,45,126],
[27,61,141],
[10,34,119],
[46,69,106],
[32,50,138],
[52,59,104],
[62,63,111],
[15,20,163],
[71,96,132],
[60,88,171],
[5,48,172],
[21,42,177],
[4,12,105],
[16,56,133],
[76,82,176],
[18,85,100],
[33,86,108],
[38,64,148],
[25,89,154],
[24,53,184],
[19,67,140],
[40,91,114],
[128,178,182],
[110,130,151],
[158,161,169],
[107,122,162],
[121,127,143],
[116,129,146],
[144,156,188],
[97,134,160],
[117,181,190],
[125,170,193],
[136,167,185],
[145,152,191],
[139,174,175],
[109,187,192],
[153,155,180],
[120,179,189]],

[[5,102,194],
[6,41,169],
[10,88,146],
[30,32,128],
[33,43,135],
[1,48,170],
[26,82,151],
[2,13,153],
[45,87,163],
[11,27,116],
[18,35,172],
[58,70,161],
[39,76,106],
[69,78,122],
[34,79,105],
[53,84,117],
[12,51,177],
[4,40,119],
[0,83,187],
[7,77,139],
[15,74,190],
[55,59,154],
[61,81,168],
[91,94,141],
[47,62,103],
[21,96,107],
[72,85,127],
[17,49,130],
[31,65,145],
[14,38,123],
[50,73,110],
[36,54,142],
[56,63,108],
[66,67,115],
[19,24,167],
[3,75,136],
[64,92,175],
[9,52,176],
[25,46,181],
[8,16,109],
[20,60,137],
[80,86,180],
[22,89,104],
[37,90,112],
[42,68,152],
[29,93,158],
[28,57,188],
[23,71,144],
[44,95,118],
[132,182,186],
[114,134,155],
[162,165,173],
[111,126,166],
[125,131,147],
[120,133,150],
[148,160,192],
[101,138,164],
[97,121,185],
[100,129,174],
[140,171,189],
[98,149,156],
[143,178,179],
[99,113,191],
[157,159,184],
[124,183,193]],

[[25,122,194],
[26,61,189],
[11,30,166],
[50,52,148],
[53,63,155],
[21,68,190],
[5,46,171],
[22,33,173],
[10,65,183],
[31,47,136],
[38,55,192],
[78,90,181],
[59,96,126],
[1,89,142],
[2,54,125],
[7,73,137],
[32,71,100],
[24,60,139],
[6,20,110],
[0,27,159],
[35,94,113],
[75,79,174],
[4,81,188],
[14,17,161],
[67,82,123],
[19,41,127],
[8,92,147],
[37,69,150],
[51,85,165],
[34,58,143],
[70,93,130],
[56,74,162],
[76,83,128],
[86,87,135],
[39,44,187],
[23,95,156],
[15,84,98],
[29,72,99],
[45,66,104],
[28,36,129],
[40,80,157],
[3,9,103],
[12,42,124],
[13,57,132],
[62,88,172],
[16,49,178],
[48,77,111],
[43,91,164],
[18,64,138],
[105,109,152],
[134,154,175],
[182,185,193],
[131,146,186],
[145,151,167],
[140,153,170],
[115,168,180],
[121,158,184],
[108,117,141],
[97,120,149],
[112,160,191],
[118,169,176],
[101,102,163],
[114,119,133],
[107,177,179],
[106,116,144]],

[[28,125,194],
[29,64,192],
[14,33,169],
[53,55,151],
[56,66,158],
[24,71,193],
[8,49,174],
[25,36,176],
[13,68,186],
[34,50,139],
[41,58,98],
[81,93,184],
[2,62,129],
[4,92,145],
[5,57,128],
[10,76,140],
[35,74,103],
[27,63,142],
[9,23,113],
[3,30,162],
[0,38,116],
[78,82,177],
[7,84,191],
[17,20,164],
[70,85,126],
[22,44,130],
[11,95,150],
[40,72,153],
[54,88,168],
[37,61,146],
[73,96,133],
[59,77,165],
[79,86,131],
[89,90,138],
[42,47,190],
[1,26,159],
[18,87,101],
[32,75,102],
[48,69,107],
[31,39,132],
[43,83,160],
[6,12,106],
[15,45,127],
[16,60,135],
[65,91,175],
[19,52,181],
[51,80,114],
[46,94,167],
[21,67,141],
[108,112,155],
[137,157,178],
[99,185,188],
[134,149,189],
[148,154,170],
[143,156,173],
[118,171,183],
[124,161,187],
[111,120,144],
[100,123,152],
[97,115,163],
[121,172,179],
[104,105,166],
[117,122,136],
[110,180,182],
[109,119,147]],

[[43,140,194],
[44,79,110],
[29,48,184],
[68,70,166],
[71,81,173],
[39,86,111],
[23,64,189],
[40,51,191],
[28,83,104],
[49,65,154],
[56,73,113],
[11,96,102],
[17,77,144],
[10,19,160],
[20,72,143],
[25,91,155],
[50,89,118],
[42,78,157],
[24,38,128],
[18,45,177],
[15,53,131],
[0,93,192],
[2,22,109],
[32,35,179],
[3,85,141],
[37,59,145],
[13,26,165],
[55,87,168],
[6,69,183],
[52,76,161],
[14,88,148],
[74,92,180],
[4,94,146],
[7,8,153],
[57,62,108],
[16,41,174],
[5,33,116],
[47,90,117],
[63,84,122],
[46,54,147],
[1,58,175],
[21,27,121],
[30,60,142],
[31,75,150],
[9,80,190],
[34,67,99],
[66,95,129],
[12,61,182],
[36,82,156],
[123,127,170],
[152,172,193],
[103,106,114],
[107,149,164],
[163,169,185],
[158,171,188],
[101,133,186],
[105,139,176],
[126,135,159],
[115,138,167],
[112,130,178],
[97,136,187],
[119,120,181],
[132,137,151],
[98,100,125],
[124,134,162]],

[[21,118,194],
[22,57,185],
[7,26,162],
[46,48,144],
[49,59,151],
[17,64,186],
[1,42,167],
[18,29,169],
[6,61,179],
[27,43,132],
[34,51,188],
[74,86,177],
[55,92,122],
[85,94,138],
[50,95,121],
[3,69,133],
[28,67,193],
[20,56,135],
[2,16,106],
[23,93,155],
[31,90,109],
[71,75,170],
[0,77,184],
[10,13,157],
[63,78,119],
[15,37,123],
[4,88,143],
[33,65,146],
[47,81,161],
[30,54,139],
[66,89,126],
[52,70,158],
[72,79,124],
[82,83,131],
[35,40,183],
[19,91,152],
[11,80,191],
[25,68,192],
[41,62,100],
[24,32,125],
[36,76,153],
[5,96,99],
[8,38,120],
[9,53,128],
[58,84,168],
[12,45,174],
[44,73,107],
[39,87,160],
[14,60,134],
[101,105,148],
[130,150,171],
[178,181,189],
[127,142,182],
[141,147,163],
[136,149,166],
[111,164,176],
[117,154,180],
[104,113,137],
[116,145,190],
[108,156,187],
[114,165,172],
[97,98,159],
[110,115,129],
[103,173,175],
[102,112,140]],

[[8,105,194],
[9,44,172],
[13,91,149],
[33,35,131],
[36,46,138],
[4,51,173],
[29,85,154],
[5,16,156],
[48,90,166],
[14,30,119],
[21,38,175],
[61,73,164],
[42,79,109],
[72,81,125],
[37,82,108],
[56,87,120],
[15,54,180],
[7,43,122],
[3,86,190],
[10,80,142],
[18,77,193],
[58,62,157],
[64,84,171],
[0,94,144],
[50,65,106],
[2,24,110],
[75,88,130],
[20,52,133],
[34,68,148],
[17,41,126],
[53,76,113],
[39,57,145],
[59,66,111],
[69,70,118],
[22,27,170],
[6,78,139],
[67,95,178],
[12,55,179],
[28,49,184],
[11,19,112],
[23,63,140],
[83,89,183],
[25,92,107],
[40,93,115],
[45,71,155],
[32,96,161],
[31,60,191],
[26,74,147],
[1,47,121],
[135,185,189],
[117,137,158],
[165,168,176],
[114,129,169],
[128,134,150],
[123,136,153],
[98,151,163],
[104,141,167],
[100,124,188],
[103,132,177],
[143,174,192],
[101,152,159],
[146,181,182],
[97,102,116],
[160,162,187],
[99,127,186]],

[[40,137,194],
[41,76,107],
[26,45,181],
[65,67,163],
[68,78,170],
[36,83,108],
[20,61,186],
[37,48,188],
[25,80,101],
[46,62,151],
[53,70,110],
[8,93,99],
[14,74,141],
[7,16,157],
[17,69,140],
[22,88,152],
[47,86,115],
[39,75,154],
[21,35,125],
[15,42,174],
[12,50,128],
[90,94,189],
[19,96,106],
[29,32,176],
[0,82,138],
[34,56,142],
[10,23,162],
[52,84,165],
[3,66,180],
[49,73,158],
[11,85,145],
[71,89,177],
[1,91,143],
[4,5,150],
[54,59,105],
[13,38,171],
[2,30,113],
[44,87,114],
[60,81,119],
[43,51,144],
[55,95,172],
[18,24,118],
[27,57,139],
[28,72,147],
[6,77,187],
[31,64,193],
[63,92,126],
[9,58,179],
[33,79,153],
[120,124,167],
[149,169,190],
[100,103,111],
[104,146,161],
[160,166,182],
[155,168,185],
[98,130,183],
[102,136,173],
[123,132,156],
[112,135,164],
[109,127,175],
[133,184,191],
[116,117,178],
[129,134,148],
[97,122,192],
[121,131,159]],

[[6,103,194],
[7,42,170],
[11,89,147],
[31,33,129],
[34,44,136],
[2,49,171],
[27,83,152],
[3,14,154],
[46,88,164],
[12,28,117],
[19,36,173],
[59,71,162],
[40,77,107],
[70,79,123],
[35,80,106],
[54,85,118],
[13,52,178],
[5,41,120],
[1,84,188],
[8,78,140],
[16,75,191],
[56,60,155],
[62,82,169],
[92,95,142],
[48,63,104],
[0,22,108],
[73,86,128],
[18,50,131],
[32,66,146],
[15,39,124],
[51,74,111],
[37,55,143],
[57,64,109],
[67,68,116],
[20,25,168],
[4,76,137],
[65,93,176],
[10,53,177],
[26,47,182],
[9,17,110],
[21,61,138],
[81,87,181],
[23,90,105],
[38,91,113],
[43,69,153],
[30,94,159],
[29,58,189],
[24,72,145],
[45,96,119],
[133,183,187],
[115,135,156],
[163,166,174],
[112,127,167],
[126,132,148],
[121,134,151],
[149,161,193],
[102,139,165],
[98,122,186],
[101,130,175],
[141,172,190],
[99,150,157],
[144,179,180],
[100,114,192],
[158,160,185],
[97,125,184]],

[[30,127,194],
[31,66,97],
[16,35,171],
[55,57,153],
[58,68,160],
[26,73,98],
[10,51,176],
[27,38,178],
[15,70,188],
[36,52,141],
[43,60,100],
[83,95,186],
[4,64,131],
[6,94,147],
[7,59,130],
[12,78,142],
[37,76,105],
[29,65,144],
[11,25,115],
[5,32,164],
[2,40,118],
[80,84,179],
[9,86,193],
[19,22,166],
[72,87,128],
[24,46,132],
[0,13,152],
[42,74,155],
[56,90,170],
[39,63,148],
[1,75,135],
[61,79,167],
[81,88,133],
[91,92,140],
[44,49,192],
[3,28,161],
[20,89,103],
[34,77,104],
[50,71,109],
[33,41,134],
[45,85,162],
[8,14,108],
[17,47,129],
[18,62,137],
[67,93,177],
[21,54,183],
[53,82,116],
[48,96,169],
[23,69,143],
[110,114,157],
[139,159,180],
[101,187,190],
[136,151,191],
[150,156,172],
[145,158,175],
[120,173,185],
[126,163,189],
[113,122,146],
[102,125,154],
[99,117,165],
[123,174,181],
[106,107,168],
[119,124,138],
[112,182,184],
[111,121,149]],

[[53,150,194],
[54,89,120],
[39,58,97],
[78,80,176],
[81,91,183],
[49,96,121],
[33,74,102],
[50,61,104],
[38,93,114],
[59,75,164],
[66,83,123],
[9,21,112],
[27,87,154],
[20,29,170],
[30,82,153],
[4,35,165],
[2,60,128],
[52,88,167],
[34,48,138],
[28,55,187],
[25,63,141],
[6,10,105],
[12,32,119],
[42,45,189],
[13,95,151],
[47,69,155],
[23,36,175],
[0,65,178],
[16,79,193],
[62,86,171],
[1,24,158],
[5,84,190],
[7,14,156],
[17,18,163],
[67,72,118],
[26,51,184],
[15,43,126],
[3,57,127],
[73,94,132],
[56,64,157],
[11,68,185],
[31,37,131],
[40,70,152],
[41,85,160],
[19,90,103],
[44,77,109],
[8,76,139],
[22,71,192],
[46,92,166],
[133,137,180],
[106,162,182],
[113,116,124],
[117,159,174],
[98,173,179],
[101,168,181],
[99,111,143],
[115,149,186],
[136,145,169],
[125,148,177],
[122,140,188],
[100,107,146],
[129,130,191],
[142,147,161],
[108,110,135],
[134,144,172]],

[[71,168,194],
[10,72,138],
[57,76,115],
[1,96,97],
[2,12,104],
[17,67,139],
[51,92,120],
[68,79,122],
[14,56,132],
[77,93,182],
[4,84,141],
[27,39,130],
[8,45,172],
[38,47,188],
[3,48,171],
[22,53,183],
[20,78,146],
[9,70,185],
[52,66,156],
[46,73,108],
[43,81,159],
[24,28,123],
[30,50,137],
[60,63,110],
[16,31,169],
[65,87,173],
[41,54,193],
[18,83,99],
[0,34,114],
[7,80,189],
[19,42,176],
[5,23,111],
[25,32,174],
[35,36,181],
[85,90,136],
[44,69,105],
[33,61,144],
[21,75,145],
[15,91,150],
[74,82,175],
[29,86,106],
[49,55,149],
[58,88,170],
[6,59,178],
[11,37,121],
[62,95,127],
[26,94,157],
[40,89,113],
[13,64,184],
[101,151,155],
[103,124,180],
[131,134,142],
[135,177,192],
[100,116,191],
[102,119,186],
[117,129,161],
[107,133,167],
[154,163,187],
[98,143,166],
[109,140,158],
[118,125,164],
[112,147,148],
[160,165,179],
[126,128,153],
[152,162,190]],

[[64,161,194],
[3,65,131],
[50,69,108],
[89,91,187],
[5,92,97],
[10,60,132],
[44,85,113],
[61,72,115],
[7,49,125],
[70,86,175],
[77,94,134],
[20,32,123],
[1,38,165],
[31,40,181],
[41,93,164],
[15,46,176],
[13,71,139],
[2,63,178],
[45,59,149],
[39,66,101],
[36,74,152],
[17,21,116],
[23,43,130],
[53,56,103],
[9,24,162],
[58,80,166],
[34,47,186],
[11,76,189],
[27,90,107],
[0,73,182],
[12,35,169],
[16,95,104],
[18,25,167],
[28,29,174],
[78,83,129],
[37,62,98],
[26,54,137],
[14,68,138],
[8,84,143],
[67,75,168],
[22,79,99],
[42,48,142],
[51,81,163],
[52,96,171],
[4,30,114],
[55,88,120],
[19,87,150],
[33,82,106],
[6,57,177],
[144,148,191],
[117,173,193],
[124,127,135],
[128,170,185],
[109,184,190],
[112,179,192],
[110,122,154],
[100,126,160],
[147,156,180],
[136,159,188],
[102,133,151],
[111,118,157],
[105,140,141],
[153,158,172],
[119,121,146],
[145,155,183]],

[[29,126,194],
[30,65,193],
[15,34,170],
[54,56,152],
[57,67,159],
[25,72,97],
[9,50,175],
[26,37,177],
[14,69,187],
[35,51,140],
[42,59,99],
[82,94,185],
[3,63,130],
[5,93,146],
[6,58,129],
[11,77,141],
[36,75,104],
[28,64,143],
[10,24,114],
[4,31,163],
[1,39,117],
[79,83,178],
[8,85,192],
[18,21,165],
[71,86,127],
[23,45,131],
[12,96,151],
[41,73,154],
[55,89,169],
[38,62,147],
[0,74,134],
[60,78,166],
[80,87,132],
[90,91,139],
[43,48,191],
[2,27,160],
[19,88,102],
[33,76,103],
[49,70,108],
[32,40,133],
[44,84,161],
[7,13,107],
[16,46,128],
[17,61,136],
[66,92,176],
[20,53,182],
[52,81,115],
[47,95,168],
[22,68,142],
[109,113,156],
[138,158,179],
[100,186,189],
[135,150,190],
[149,155,171],
[144,157,174],
[119,172,184],
[125,162,188],
[112,121,145],
[101,124,153],
[98,116,164],
[122,173,180],
[105,106,167],
[118,123,137],
[111,181,183],
[110,120,148]],

[[48,145,194],
[49,84,115],
[34,53,189],
[73,75,171],
[76,86,178],
[44,91,116],
[28,69,97],
[45,56,99],
[33,88,109],
[54,70,159],
[61,78,118],
[4,16,107],
[22,82,149],
[15,24,165],
[25,77,148],
[30,96,160],
[55,94,123],
[47,83,162],
[29,43,133],
[23,50,182],
[20,58,136],
[1,5,100],
[7,27,114],
[37,40,184],
[8,90,146],
[42,64,150],
[18,31,170],
[60,92,173],
[11,74,188],
[57,81,166],
[19,93,153],
[0,79,185],
[2,9,151],
[12,13,158],
[62,67,113],
[21,46,179],
[10,38,121],
[52,95,122],
[68,89,127],
[51,59,152],
[6,63,180],
[26,32,126],
[35,65,147],
[36,80,155],
[14,85,98],
[39,72,104],
[3,71,134],
[17,66,187],
[41,87,161],
[128,132,175],
[101,157,177],
[108,111,119],
[112,154,169],
[168,174,190],
[163,176,193],
[106,138,191],
[110,144,181],
[131,140,164],
[120,143,172],
[117,135,183],
[102,141,192],
[124,125,186],
[137,142,156],
[103,105,130],
[129,139,167]],

[[46,143,194],
[47,82,113],
[32,51,187],
[71,73,169],
[74,84,176],
[42,89,114],
[26,67,192],
[43,54,97],
[31,86,107],
[52,68,157],
[59,76,116],
[2,14,105],
[20,80,147],
[13,22,163],
[23,75,146],
[28,94,158],
[53,92,121],
[45,81,160],
[27,41,131],
[21,48,180],
[18,56,134],
[3,96,98],
[5,25,112],
[35,38,182],
[6,88,144],
[40,62,148],
[16,29,168],
[58,90,171],
[9,72,186],
[55,79,164],
[17,91,151],
[77,95,183],
[0,7,149],
[10,11,156],
[60,65,111],
[19,44,177],
[8,36,119],
[50,93,120],
[66,87,125],
[49,57,150],
[4,61,178],
[24,30,124],
[33,63,145],
[34,78,153],
[12,83,193],
[37,70,102],
[1,69,132],
[15,64,185],
[39,85,159],
[126,130,173],
[99,155,175],
[106,109,117],
[110,152,167],
[166,172,188],
[161,174,191],
[104,136,189],
[108,142,179],
[129,138,162],
[118,141,170],
[115,133,181],
[100,139,190],
[122,123,184],
[135,140,154],
[101,103,128],
[127,137,165]],

[[36,133,194],
[37,72,103],
[22,41,177],
[61,63,159],
[64,74,166],
[32,79,104],
[16,57,182],
[33,44,184],
[21,76,97],
[42,58,147],
[49,66,106],
[4,89,192],
[10,70,137],
[3,12,153],
[13,65,136],
[18,84,148],
[43,82,111],
[35,71,150],
[17,31,121],
[11,38,170],
[8,46,124],
[86,90,185],
[15,92,102],
[25,28,172],
[78,93,134],
[30,52,138],
[6,19,158],
[48,80,161],
[62,96,176],
[45,69,154],
[7,81,141],
[67,85,173],
[87,94,139],
[0,1,146],
[50,55,101],
[9,34,167],
[26,95,109],
[40,83,110],
[56,77,115],
[39,47,140],
[51,91,168],
[14,20,114],
[23,53,135],
[24,68,143],
[2,73,183],
[27,60,189],
[59,88,122],
[5,54,175],
[29,75,149],
[116,120,163],
[145,165,186],
[99,107,193],
[100,142,157],
[156,162,178],
[151,164,181],
[126,179,191],
[98,132,169],
[119,128,152],
[108,131,160],
[105,123,171],
[129,180,187],
[112,113,174],
[125,130,144],
[118,188,190],
[117,127,155]],

[[83,180,194],
[22,84,150],
[69,88,127],
[11,13,109],
[14,24,116],
[29,79,151],
[7,63,132],
[80,91,134],
[26,68,144],
[8,89,97],
[16,96,153],
[39,51,142],
[20,57,184],
[50,59,103],
[15,60,183],
[34,65,98],
[32,90,158],
[21,82,100],
[64,78,168],
[58,85,120],
[55,93,171],
[36,40,135],
[42,62,149],
[72,75,122],
[28,43,181],
[2,77,185],
[53,66,108],
[30,95,111],
[12,46,126],
[19,92,104],
[31,54,188],
[17,35,123],
[37,44,186],
[47,48,193],
[0,5,148],
[56,81,117],
[45,73,156],
[33,87,157],
[6,27,162],
[86,94,187],
[1,41,118],
[61,67,161],
[3,70,182],
[18,71,190],
[23,49,133],
[10,74,139],
[9,38,169],
[4,52,125],
[25,76,99],
[113,163,167],
[115,136,192],
[143,146,154],
[107,147,189],
[106,112,128],
[101,114,131],
[129,141,173],
[119,145,179],
[102,166,175],
[110,155,178],
[121,152,170],
[130,137,176],
[124,159,160],
[172,177,191],
[138,140,165],
[105,164,174]],

[[27,124,194],
[28,63,191],
[13,32,168],
[52,54,150],
[55,65,157],
[23,70,192],
[7,48,173],
[24,35,175],
[12,67,185],
[33,49,138],
[40,57,97],
[80,92,183],
[1,61,128],
[3,91,144],
[4,56,127],
[9,75,139],
[34,73,102],
[26,62,141],
[8,22,112],
[2,29,161],
[37,96,115],
[77,81,176],
[6,83,190],
[16,19,163],
[69,84,125],
[21,43,129],
[10,94,149],
[39,71,152],
[53,87,167],
[36,60,145],
[72,95,132],
[58,76,164],
[78,85,130],
[88,89,137],
[41,46,189],
[0,25,158],
[17,86,100],
[31,74,101],
[47,68,106],
[30,38,131],
[42,82,159],
[5,11,105],
[14,44,126],
[15,59,134],
[64,90,174],
[18,51,180],
[50,79,113],
[45,93,166],
[20,66,140],
[107,111,154],
[136,156,177],
[98,184,187],
[133,148,188],
[147,153,169],
[142,155,172],
[117,170,182],
[123,160,186],
[110,119,143],
[99,122,151],
[114,162,193],
[120,171,178],
[103,104,165],
[116,121,135],
[109,179,181],
[108,118,146]],

[[38,135,194],
[39,74,105],
[24,43,179],
[63,65,161],
[66,76,168],
[34,81,106],
[18,59,184],
[35,46,186],
[23,78,99],
[44,60,149],
[51,68,108],
[6,91,97],
[12,72,139],
[5,14,155],
[15,67,138],
[20,86,150],
[45,84,113],
[37,73,152],
[19,33,123],
[13,40,172],
[10,48,126],
[88,92,187],
[17,94,104],
[27,30,174],
[80,95,136],
[32,54,140],
[8,21,160],
[50,82,163],
[1,64,178],
[47,71,156],
[9,83,143],
[69,87,175],
[89,96,141],
[2,3,148],
[52,57,103],
[11,36,169],
[0,28,111],
[42,85,112],
[58,79,117],
[41,49,142],
[53,93,170],
[16,22,116],
[25,55,137],
[26,70,145],
[4,75,185],
[29,62,191],
[61,90,124],
[7,56,177],
[31,77,151],
[118,122,165],
[147,167,188],
[98,101,109],
[102,144,159],
[158,164,180],
[153,166,183],
[128,181,193],
[100,134,171],
[121,130,154],
[110,133,162],
[107,125,173],
[131,182,189],
[114,115,176],
[127,132,146],
[120,190,192],
[119,129,157]],

[[93,190,194],
[32,94,160],
[1,79,137],
[21,23,119],
[24,34,126],
[39,89,161],
[17,73,142],
[4,90,144],
[36,78,154],
[2,18,107],
[9,26,163],
[49,61,152],
[30,67,97],
[60,69,113],
[25,70,193],
[44,75,108],
[3,42,168],
[31,92,110],
[74,88,178],
[68,95,130],
[6,65,181],
[46,50,145],
[52,72,159],
[82,85,132],
[38,53,191],
[12,87,98],
[63,76,118],
[8,40,121],
[22,56,136],
[5,29,114],
[41,64,101],
[27,45,133],
[47,54,99],
[57,58,106],
[10,15,158],
[66,91,127],
[55,83,166],
[0,43,167],
[16,37,172],
[7,96,100],
[11,51,128],
[71,77,171],
[13,80,192],
[28,81,103],
[33,59,143],
[20,84,149],
[19,48,179],
[14,62,135],
[35,86,109],
[123,173,177],
[105,125,146],
[153,156,164],
[102,117,157],
[116,122,138],
[111,124,141],
[139,151,183],
[129,155,189],
[112,176,185],
[120,165,188],
[131,162,180],
[140,147,186],
[134,169,170],
[104,182,187],
[148,150,175],
[115,174,184]],

[[77,174,194],
[16,78,144],
[63,82,121],
[5,7,103],
[8,18,110],
[23,73,145],
[1,57,126],
[74,85,128],
[20,62,138],
[2,83,188],
[10,90,147],
[33,45,136],
[14,51,178],
[44,53,97],
[9,54,177],
[28,59,189],
[26,84,152],
[15,76,191],
[58,72,162],
[52,79,114],
[49,87,165],
[30,34,129],
[36,56,143],
[66,69,116],
[22,37,175],
[71,93,179],
[47,60,102],
[24,89,105],
[6,40,120],
[13,86,98],
[25,48,182],
[11,29,117],
[31,38,180],
[41,42,187],
[91,96,142],
[50,75,111],
[39,67,150],
[27,81,151],
[0,21,156],
[80,88,181],
[35,92,112],
[55,61,155],
[64,94,176],
[12,65,184],
[17,43,127],
[4,68,133],
[3,32,163],
[46,95,119],
[19,70,190],
[107,157,161],
[109,130,186],
[137,140,148],
[101,141,183],
[100,106,122],
[108,125,192],
[123,135,167],
[113,139,173],
[160,169,193],
[104,149,172],
[115,146,164],
[124,131,170],
[118,153,154],
[166,171,185],
[132,134,159],
[99,158,168]],

[[94,191,194],
[33,95,161],
[2,80,138],
[22,24,120],
[25,35,127],
[40,90,162],
[18,74,143],
[5,91,145],
[37,79,155],
[3,19,108],
[10,27,164],
[50,62,153],
[31,68,98],
[61,70,114],
[26,71,97],
[45,76,109],
[4,43,169],
[32,93,111],
[75,89,179],
[69,96,131],
[7,66,182],
[47,51,146],
[53,73,160],
[83,86,133],
[39,54,192],
[13,88,99],
[64,77,119],
[9,41,122],
[23,57,137],
[6,30,115],
[42,65,102],
[28,46,134],
[48,55,100],
[58,59,107],
[11,16,159],
[67,92,128],
[56,84,167],
[1,44,168],
[17,38,173],
[0,8,101],
[12,52,129],
[72,78,172],
[14,81,193],
[29,82,104],
[34,60,144],
[21,85,150],
[20,49,180],
[15,63,136],
[36,87,110],
[124,174,178],
[106,126,147],
[154,157,165],
[103,118,158],
[117,123,139],
[112,125,142],
[140,152,184],
[130,156,190],
[113,177,186],
[121,166,189],
[132,163,181],
[141,148,187],
[135,170,171],
[105,183,188],
[149,151,176],
[116,175,185]],

[[82,179,194],
[21,83,149],
[68,87,126],
[10,12,108],
[13,23,115],
[28,78,150],
[6,62,131],
[79,90,133],
[25,67,143],
[7,88,193],
[15,95,152],
[38,50,141],
[19,56,183],
[49,58,102],
[14,59,182],
[33,64,97],
[31,89,157],
[20,81,99],
[63,77,167],
[57,84,119],
[54,92,170],
[35,39,134],
[41,61,148],
[71,74,121],
[27,42,180],
[1,76,184],
[52,65,107],
[29,94,110],
[11,45,125],
[18,91,103],
[30,53,187],
[16,34,122],
[36,43,185],
[46,47,192],
[4,96,147],
[55,80,116],
[44,72,155],
[32,86,156],
[5,26,161],
[85,93,186],
[0,40,117],
[60,66,160],
[2,69,181],
[17,70,189],
[22,48,132],
[9,73,138],
[8,37,168],
[3,51,124],
[24,75,98],
[112,162,166],
[114,135,191],
[142,145,153],
[106,146,188],
[105,111,127],
[100,113,130],
[128,140,172],
[118,144,178],
[101,165,174],
[109,154,177],
[120,151,169],
[129,136,175],
[123,158,159],
[171,176,190],
[137,139,164],
[104,163,173]],

[[22,119,194],
[23,58,186],
[8,27,163],
[47,49,145],
[50,60,152],
[18,65,187],
[2,43,168],
[19,30,170],
[7,62,180],
[28,44,133],
[35,52,189],
[75,87,178],
[56,93,123],
[86,95,139],
[51,96,122],
[4,70,134],
[29,68,97],
[21,57,136],
[3,17,107],
[24,94,156],
[32,91,110],
[72,76,171],
[1,78,185],
[11,14,158],
[64,79,120],
[16,38,124],
[5,89,144],
[34,66,147],
[48,82,162],
[31,55,140],
[67,90,127],
[53,71,159],
[73,80,125],
[83,84,132],
[36,41,184],
[20,92,153],
[12,81,192],
[26,69,193],
[42,63,101],
[25,33,126],
[37,77,154],
[0,6,100],
[9,39,121],
[10,54,129],
[59,85,169],
[13,46,175],
[45,74,108],
[40,88,161],
[15,61,135],
[102,106,149],
[131,151,172],
[179,182,190],
[128,143,183],
[142,148,164],
[137,150,167],
[112,165,177],
[118,155,181],
[105,114,138],
[117,146,191],
[109,157,188],
[115,166,173],
[98,99,160],
[111,116,130],
[104,174,176],
[103,113,141]],

[[13,110,194],
[14,49,177],
[18,96,154],
[38,40,136],
[41,51,143],
[9,56,178],
[34,90,159],
[10,21,161],
[53,95,171],
[19,35,124],
[26,43,180],
[66,78,169],
[47,84,114],
[77,86,130],
[42,87,113],
[61,92,125],
[20,59,185],
[12,48,127],
[8,91,98],
[15,85,147],
[23,82,101],
[63,67,162],
[69,89,176],
[2,5,149],
[55,70,111],
[7,29,115],
[80,93,135],
[25,57,138],
[39,73,153],
[22,46,131],
[58,81,118],
[44,62,150],
[64,71,116],
[74,75,123],
[27,32,175],
[11,83,144],
[3,72,183],
[17,60,184],
[33,54,189],
[16,24,117],
[28,68,145],
[88,94,188],
[0,30,112],
[1,45,120],
[50,76,160],
[4,37,166],
[36,65,99],
[31,79,152],
[6,52,126],
[97,140,190],
[122,142,163],
[170,173,181],
[119,134,174],
[133,139,155],
[128,141,158],
[103,156,168],
[109,146,172],
[105,129,193],
[108,137,182],
[100,148,179],
[106,157,164],
[151,186,187],
[102,107,121],
[165,167,192],
[104,132,191]],

[[65,162,194],
[4,66,132],
[51,70,109],
[90,92,188],
[6,93,98],
[11,61,133],
[45,86,114],
[62,73,116],
[8,50,126],
[71,87,176],
[78,95,135],
[21,33,124],
[2,39,166],
[32,41,182],
[42,94,165],
[16,47,177],
[14,72,140],
[3,64,179],
[46,60,150],
[40,67,102],
[37,75,153],
[18,22,117],
[24,44,131],
[54,57,104],
[10,25,163],
[59,81,167],
[35,48,187],
[12,77,190],
[28,91,108],
[1,74,183],
[13,36,170],
[17,96,105],
[19,26,168],
[29,30,175],
[79,84,130],
[38,63,99],
[27,55,138],
[15,69,139],
[9,85,144],
[68,76,169],
[23,80,100],
[43,49,143],
[52,82,164],
[0,53,172],
[5,31,115],
[56,89,121],
[20,88,151],
[34,83,107],
[7,58,178],
[145,149,192],
[97,118,174],
[125,128,136],
[129,171,186],
[110,185,191],
[113,180,193],
[111,123,155],
[101,127,161],
[148,157,181],
[137,160,189],
[103,134,152],
[112,119,158],
[106,141,142],
[154,159,173],
[120,122,147],
[146,156,184]],

[[34,131,194],
[35,70,101],
[20,39,175],
[59,61,157],
[62,72,164],
[30,77,102],
[14,55,180],
[31,42,182],
[19,74,192],
[40,56,145],
[47,64,104],
[2,87,190],
[8,68,135],
[1,10,151],
[11,63,134],
[16,82,146],
[41,80,109],
[33,69,148],
[15,29,119],
[9,36,168],
[6,44,122],
[84,88,183],
[13,90,100],
[23,26,170],
[76,91,132],
[28,50,136],
[4,17,156],
[46,78,159],
[60,94,174],
[43,67,152],
[5,79,139],
[65,83,171],
[85,92,137],
[95,96,144],
[48,53,99],
[7,32,165],
[24,93,107],
[38,81,108],
[54,75,113],
[37,45,138],
[49,89,166],
[12,18,112],
[21,51,133],
[22,66,141],
[0,71,181],
[25,58,187],
[57,86,120],
[3,52,173],
[27,73,147],
[114,118,161],
[143,163,184],
[97,105,191],
[98,140,155],
[154,160,176],
[149,162,179],
[124,177,189],
[130,167,193],
[117,126,150],
[106,129,158],
[103,121,169],
[127,178,185],
[110,111,172],
[123,128,142],
[116,186,188],
[115,125,153]],

[[73,170,194],
[12,74,140],
[59,78,117],
[1,3,99],
[4,14,106],
[19,69,141],
[53,94,122],
[70,81,124],
[16,58,134],
[79,95,184],
[6,86,143],
[29,41,132],
[10,47,174],
[40,49,190],
[5,50,173],
[24,55,185],
[22,80,148],
[11,72,187],
[54,68,158],
[48,75,110],
[45,83,161],
[26,30,125],
[32,52,139],
[62,65,112],
[18,33,171],
[67,89,175],
[43,56,98],
[20,85,101],
[2,36,116],
[9,82,191],
[21,44,178],
[7,25,113],
[27,34,176],
[37,38,183],
[87,92,138],
[46,71,107],
[35,63,146],
[23,77,147],
[17,93,152],
[76,84,177],
[31,88,108],
[51,57,151],
[60,90,172],
[8,61,180],
[13,39,123],
[0,64,129],
[28,96,159],
[42,91,115],
[15,66,186],
[103,153,157],
[105,126,182],
[133,136,144],
[97,137,179],
[102,118,193],
[104,121,188],
[119,131,163],
[109,135,169],
[156,165,189],
[100,145,168],
[111,142,160],
[120,127,166],
[114,149,150],
[162,167,181],
[128,130,155],
[154,164,192]],

[[74,171,194],
[13,75,141],
[60,79,118],
[2,4,100],
[5,15,107],
[20,70,142],
[54,95,123],
[71,82,125],
[17,59,135],
[80,96,185],
[7,87,144],
[30,42,133],
[11,48,175],
[41,50,191],
[6,51,174],
[25,56,186],
[23,81,149],
[12,73,188],
[55,69,159],
[49,76,111],
[46,84,162],
[27,31,126],
[33,53,140],
[63,66,113],
[19,34,172],
[68,90,176],
[44,57,99],
[21,86,102],
[3,37,117],
[10,83,192],
[22,45,179],
[8,26,114],
[28,35,177],
[38,39,184],
[88,93,139],
[47,72,108],
[36,64,147],
[24,78,148],
[18,94,153],
[77,85,178],
[32,89,109],
[52,58,152],
[61,91,173],
[9,62,181],
[14,40,124],
[1,65,130],
[0,29,160],
[43,92,116],
[16,67,187],
[104,154,158],
[106,127,183],
[134,137,145],
[98,138,180],
[97,103,119],
[105,122,189],
[120,132,164],
[110,136,170],
[157,166,190],
[101,146,169],
[112,143,161],
[121,128,167],
[115,150,151],
[163,168,182],
[129,131,156],
[155,165,193]],

[[79,176,194],
[18,80,146],
[65,84,123],
[7,9,105],
[10,20,112],
[25,75,147],
[3,59,128],
[76,87,130],
[22,64,140],
[4,85,190],
[12,92,149],
[35,47,138],
[16,53,180],
[46,55,99],
[11,56,179],
[30,61,191],
[28,86,154],
[17,78,193],
[60,74,164],
[54,81,116],
[51,89,167],
[32,36,131],
[38,58,145],
[68,71,118],
[24,39,177],
[73,95,181],
[49,62,104],
[26,91,107],
[8,42,122],
[15,88,100],
[27,50,184],
[13,31,119],
[33,40,182],
[43,44,189],
[1,93,144],
[52,77,113],
[41,69,152],
[29,83,153],
[2,23,158],
[82,90,183],
[37,94,114],
[57,63,157],
[66,96,178],
[14,67,186],
[19,45,129],
[6,70,135],
[5,34,165],
[0,48,121],
[21,72,192],
[109,159,163],
[111,132,188],
[139,142,150],
[103,143,185],
[102,108,124],
[97,110,127],
[125,137,169],
[115,141,175],
[98,162,171],
[106,151,174],
[117,148,166],
[126,133,172],
[120,155,156],
[168,173,187],
[134,136,161],
[101,160,170]],

[[7,104,194],
[8,43,171],
[12,90,148],
[32,34,130],
[35,45,137],
[3,50,172],
[28,84,153],
[4,15,155],
[47,89,165],
[13,29,118],
[20,37,174],
[60,72,163],
[41,78,108],
[71,80,124],
[36,81,107],
[55,86,119],
[14,53,179],
[6,42,121],
[2,85,189],
[9,79,141],
[17,76,192],
[57,61,156],
[63,83,170],
[93,96,143],
[49,64,105],
[1,23,109],
[74,87,129],
[19,51,132],
[33,67,147],
[16,40,125],
[52,75,112],
[38,56,144],
[58,65,110],
[68,69,117],
[21,26,169],
[5,77,138],
[66,94,177],
[11,54,178],
[27,48,183],
[10,18,111],
[22,62,139],
[82,88,182],
[24,91,106],
[39,92,114],
[44,70,154],
[31,95,160],
[30,59,190],
[25,73,146],
[0,46,120],
[134,184,188],
[116,136,157],
[164,167,175],
[113,128,168],
[127,133,149],
[122,135,152],
[97,150,162],
[103,140,166],
[99,123,187],
[102,131,176],
[142,173,191],
[100,151,158],
[145,180,181],
[101,115,193],
[159,161,186],
[98,126,185]],

[[35,132,194],
[36,71,102],
[21,40,176],
[60,62,158],
[63,73,165],
[31,78,103],
[15,56,181],
[32,43,183],
[20,75,193],
[41,57,146],
[48,65,105],
[3,88,191],
[9,69,136],
[2,11,152],
[12,64,135],
[17,83,147],
[42,81,110],
[34,70,149],
[16,30,120],
[10,37,169],
[7,45,123],
[85,89,184],
[14,91,101],
[24,27,171],
[77,92,133],
[29,51,137],
[5,18,157],
[47,79,160],
[61,95,175],
[44,68,153],
[6,80,140],
[66,84,172],
[86,93,138],
[0,96,145],
[49,54,100],
[8,33,166],
[25,94,108],
[39,82,109],
[55,76,114],
[38,46,139],
[50,90,167],
[13,19,113],
[22,52,134],
[23,67,142],
[1,72,182],
[26,59,188],
[58,87,121],
[4,53,174],
[28,74,148],
[115,119,162],
[144,164,185],
[98,106,192],
[99,141,156],
[155,161,177],
[150,163,180],
[125,178,190],
[97,131,168],
[118,127,151],
[107,130,159],
[104,122,170],
[128,179,186],
[111,112,173],
[124,129,143],
[117,187,189],
[116,126,154]],

[[78,175,194],
[17,79,145],
[64,83,122],
[6,8,104],
[9,19,111],
[24,74,146],
[2,58,127],
[75,86,129],
[21,63,139],
[3,84,189],
[11,91,148],
[34,46,137],
[15,52,179],
[45,54,98],
[10,55,178],
[29,60,190],
[27,85,153],
[16,77,192],
[59,73,163],
[53,80,115],
[50,88,166],
[31,35,130],
[37,57,144],
[67,70,117],
[23,38,176],
[72,94,180],
[48,61,103],
[25,90,106],
[7,41,121],
[14,87,99],
[26,49,183],
[12,30,118],
[32,39,181],
[42,43,188],
[0,92,143],
[51,76,112],
[40,68,151],
[28,82,152],
[1,22,157],
[81,89,182],
[36,93,113],
[56,62,156],
[65,95,177],
[13,66,185],
[18,44,128],
[5,69,134],
[4,33,164],
[47,96,120],
[20,71,191],
[108,158,162],
[110,131,187],
[138,141,149],
[102,142,184],
[101,107,123],
[109,126,193],
[124,136,168],
[114,140,174],
[97,161,170],
[105,150,173],
[116,147,165],
[125,132,171],
[119,154,155],
[167,172,186],
[133,135,160],
[100,159,169]],

[[2,99,194],
[3,38,166],
[7,85,143],
[27,29,125],
[30,40,132],
[45,95,167],
[23,79,148],
[10,96,150],
[42,84,160],
[8,24,113],
[15,32,169],
[55,67,158],
[36,73,103],
[66,75,119],
[31,76,102],
[50,81,114],
[9,48,174],
[1,37,116],
[80,94,184],
[4,74,136],
[12,71,187],
[52,56,151],
[58,78,165],
[88,91,138],
[44,59,100],
[18,93,104],
[69,82,124],
[14,46,127],
[28,62,142],
[11,35,120],
[47,70,107],
[33,51,139],
[53,60,105],
[63,64,112],
[16,21,164],
[0,72,133],
[61,89,172],
[6,49,173],
[22,43,178],
[5,13,106],
[17,57,134],
[77,83,177],
[19,86,101],
[34,87,109],
[39,65,149],
[26,90,155],
[25,54,185],
[20,68,141],
[41,92,115],
[129,179,183],
[111,131,152],
[159,162,170],
[108,123,163],
[122,128,144],
[117,130,147],
[145,157,189],
[98,135,161],
[118,182,191],
[97,126,171],
[137,168,186],
[146,153,192],
[140,175,176],
[110,188,193],
[154,156,181],
[121,180,190]],

[[10,107,194],
[11,46,174],
[15,93,151],
[35,37,133],
[38,48,140],
[6,53,175],
[31,87,156],
[7,18,158],
[50,92,168],
[16,32,121],
[23,40,177],
[63,75,166],
[44,81,111],
[74,83,127],
[39,84,110],
[58,89,122],
[17,56,182],
[9,45,124],
[5,88,192],
[12,82,144],
[20,79,98],
[60,64,159],
[66,86,173],
[2,96,146],
[52,67,108],
[4,26,112],
[77,90,132],
[22,54,135],
[36,70,150],
[19,43,128],
[55,78,115],
[41,59,147],
[61,68,113],
[71,72,120],
[24,29,172],
[8,80,141],
[0,69,180],
[14,57,181],
[30,51,186],
[13,21,114],
[25,65,142],
[85,91,185],
[27,94,109],
[42,95,117],
[47,73,157],
[1,34,163],
[33,62,193],
[28,76,149],
[3,49,123],
[137,187,191],
[119,139,160],
[167,170,178],
[116,131,171],
[130,136,152],
[125,138,155],
[100,153,165],
[106,143,169],
[102,126,190],
[105,134,179],
[97,145,176],
[103,154,161],
[148,183,184],
[99,104,118],
[162,164,189],
[101,129,188]],

[[50,147,194],
[51,86,117],
[36,55,191],
[75,77,173],
[78,88,180],
[46,93,118],
[30,71,99],
[47,58,101],
[35,90,111],
[56,72,161],
[63,80,120],
[6,18,109],
[24,84,151],
[17,26,167],
[27,79,150],
[1,32,162],
[57,96,125],
[49,85,164],
[31,45,135],
[25,52,184],
[22,60,138],
[3,7,102],
[9,29,116],
[39,42,186],
[10,92,148],
[44,66,152],
[20,33,172],
[62,94,175],
[13,76,190],
[59,83,168],
[21,95,155],
[2,81,187],
[4,11,153],
[14,15,160],
[64,69,115],
[23,48,181],
[12,40,123],
[0,54,124],
[70,91,129],
[53,61,154],
[8,65,182],
[28,34,128],
[37,67,149],
[38,82,157],
[16,87,100],
[41,74,106],
[5,73,136],
[19,68,189],
[43,89,163],
[130,134,177],
[103,159,179],
[110,113,121],
[114,156,171],
[170,176,192],
[98,165,178],
[108,140,193],
[112,146,183],
[133,142,166],
[122,145,174],
[119,137,185],
[97,104,143],
[126,127,188],
[139,144,158],
[105,107,132],
[131,141,169]],

[[56,153,194],
[57,92,123],
[42,61,100],
[81,83,179],
[84,94,186],
[2,52,124],
[36,77,105],
[53,64,107],
[41,96,117],
[62,78,167],
[69,86,126],
[12,24,115],
[30,90,157],
[23,32,173],
[33,85,156],
[7,38,168],
[5,63,131],
[55,91,170],
[37,51,141],
[31,58,190],
[28,66,144],
[9,13,108],
[15,35,122],
[45,48,192],
[1,16,154],
[50,72,158],
[26,39,178],
[3,68,181],
[19,82,99],
[65,89,174],
[4,27,161],
[8,87,193],
[10,17,159],
[20,21,166],
[70,75,121],
[29,54,187],
[18,46,129],
[6,60,130],
[0,76,135],
[59,67,160],
[14,71,188],
[34,40,134],
[43,73,155],
[44,88,163],
[22,93,106],
[47,80,112],
[11,79,142],
[25,74,98],
[49,95,169],
[136,140,183],
[109,165,185],
[116,119,127],
[120,162,177],
[101,176,182],
[104,171,184],
[102,114,146],
[118,152,189],
[139,148,172],
[128,151,180],
[125,143,191],
[103,110,149],
[97,132,133],
[145,150,164],
[111,113,138],
[137,147,175]],

[[86,183,194],
[25,87,153],
[72,91,130],
[14,16,112],
[17,27,119],
[32,82,154],
[10,66,135],
[83,94,137],
[29,71,147],
[11,92,100],
[2,19,156],
[42,54,145],
[23,60,187],
[53,62,106],
[18,63,186],
[37,68,101],
[35,93,161],
[24,85,103],
[67,81,171],
[61,88,123],
[58,96,174],
[39,43,138],
[45,65,152],
[75,78,125],
[31,46,184],
[5,80,188],
[56,69,111],
[1,33,114],
[15,49,129],
[22,95,107],
[34,57,191],
[20,38,126],
[40,47,189],
[50,51,99],
[3,8,151],
[59,84,120],
[48,76,159],
[36,90,160],
[9,30,165],
[0,89,190],
[4,44,121],
[64,70,164],
[6,73,185],
[21,74,193],
[26,52,136],
[13,77,142],
[12,41,172],
[7,55,128],
[28,79,102],
[116,166,170],
[98,118,139],
[146,149,157],
[110,150,192],
[109,115,131],
[104,117,134],
[132,144,176],
[122,148,182],
[105,169,178],
[113,158,181],
[124,155,173],
[133,140,179],
[127,162,163],
[97,175,180],
[141,143,168],
[108,167,177]],

[[42,139,194],
[43,78,109],
[28,47,183],
[67,69,165],
[70,80,172],
[38,85,110],
[22,63,188],
[39,50,190],
[27,82,103],
[48,64,153],
[55,72,112],
[10,95,101],
[16,76,143],
[9,18,159],
[19,71,142],
[24,90,154],
[49,88,117],
[41,77,156],
[23,37,127],
[17,44,176],
[14,52,130],
[92,96,191],
[1,21,108],
[31,34,178],
[2,84,140],
[36,58,144],
[12,25,164],
[54,86,167],
[5,68,182],
[51,75,160],
[13,87,147],
[73,91,179],
[3,93,145],
[6,7,152],
[56,61,107],
[15,40,173],
[4,32,115],
[46,89,116],
[62,83,121],
[45,53,146],
[0,57,174],
[20,26,120],
[29,59,141],
[30,74,149],
[8,79,189],
[33,66,98],
[65,94,128],
[11,60,181],
[35,81,155],
[122,126,169],
[151,171,192],
[102,105,113],
[106,148,163],
[162,168,184],
[157,170,187],
[100,132,185],
[104,138,175],
[125,134,158],
[114,137,166],
[111,129,177],
[135,186,193],
[118,119,180],
[131,136,150],
[97,99,124],
[123,133,161]],

[[16,113,194],
[17,52,180],
[2,21,157],
[41,43,139],
[44,54,146],
[12,59,181],
[37,93,162],
[13,24,164],
[1,56,174],
[22,38,127],
[29,46,183],
[69,81,172],
[50,87,117],
[80,89,133],
[45,90,116],
[64,95,128],
[23,62,188],
[15,51,130],
[11,94,101],
[18,88,150],
[26,85,104],
[66,70,165],
[72,92,179],
[5,8,152],
[58,73,114],
[10,32,118],
[83,96,138],
[28,60,141],
[42,76,156],
[25,49,134],
[61,84,121],
[47,65,153],
[67,74,119],
[77,78,126],
[30,35,178],
[14,86,147],
[6,75,186],
[20,63,187],
[36,57,192],
[19,27,120],
[31,71,148],
[0,91,191],
[3,33,115],
[4,48,123],
[53,79,163],
[7,40,169],
[39,68,102],
[34,82,155],
[9,55,129],
[100,143,193],
[125,145,166],
[173,176,184],
[122,137,177],
[136,142,158],
[131,144,161],
[106,159,171],
[112,149,175],
[99,108,132],
[111,140,185],
[103,151,182],
[109,160,167],
[154,189,190],
[105,110,124],
[98,168,170],
[97,107,135]],

[[80,177,194],
[19,81,147],
[66,85,124],
[8,10,106],
[11,21,113],
[26,76,148],
[4,60,129],
[77,88,131],
[23,65,141],
[5,86,191],
[13,93,150],
[36,48,139],
[17,54,181],
[47,56,100],
[12,57,180],
[31,62,192],
[29,87,155],
[18,79,97],
[61,75,165],
[55,82,117],
[52,90,168],
[33,37,132],
[39,59,146],
[69,72,119],
[25,40,178],
[74,96,182],
[50,63,105],
[27,92,108],
[9,43,123],
[16,89,101],
[28,51,185],
[14,32,120],
[34,41,183],
[44,45,190],
[2,94,145],
[53,78,114],
[42,70,153],
[30,84,154],
[3,24,159],
[83,91,184],
[38,95,115],
[58,64,158],
[0,67,179],
[15,68,187],
[20,46,130],
[7,71,136],
[6,35,166],
[1,49,122],
[22,73,193],
[110,160,164],
[112,133,189],
[140,143,151],
[104,144,186],
[103,109,125],
[98,111,128],
[126,138,170],
[116,142,176],
[99,163,172],
[107,152,175],
[118,149,167],
[127,134,173],
[121,156,157],
[169,174,188],
[135,137,162],
[102,161,171]],

[[12,109,194],
[13,48,176],
[17,95,153],
[37,39,135],
[40,50,142],
[8,55,177],
[33,89,158],
[9,20,160],
[52,94,170],
[18,34,123],
[25,42,179],
[65,77,168],
[46,83,113],
[76,85,129],
[41,86,112],
[60,91,124],
[19,58,184],
[11,47,126],
[7,90,97],
[14,84,146],
[22,81,100],
[62,66,161],
[68,88,175],
[1,4,148],
[54,69,110],
[6,28,114],
[79,92,134],
[24,56,137],
[38,72,152],
[21,45,130],
[57,80,117],
[43,61,149],
[63,70,115],
[73,74,122],
[26,31,174],
[10,82,143],
[2,71,182],
[16,59,183],
[32,53,188],
[15,23,116],
[27,67,144],
[87,93,187],
[29,96,111],
[0,44,119],
[49,75,159],
[3,36,165],
[35,64,98],
[30,78,151],
[5,51,125],
[139,189,193],
[121,141,162],
[169,172,180],
[118,133,173],
[132,138,154],
[127,140,157],
[102,155,167],
[108,145,171],
[104,128,192],
[107,136,181],
[99,147,178],
[105,156,163],
[150,185,186],
[101,106,120],
[164,166,191],
[103,131,190]],

[[60,157,194],
[61,96,127],
[46,65,104],
[85,87,183],
[1,88,190],
[6,56,128],
[40,81,109],
[57,68,111],
[3,45,121],
[66,82,171],
[73,90,130],
[16,28,119],
[34,94,161],
[27,36,177],
[37,89,160],
[11,42,172],
[9,67,135],
[59,95,174],
[41,55,145],
[35,62,97],
[32,70,148],
[13,17,112],
[19,39,126],
[49,52,99],
[5,20,158],
[54,76,162],
[30,43,182],
[7,72,185],
[23,86,103],
[69,93,178],
[8,31,165],
[12,91,100],
[14,21,163],
[24,25,170],
[74,79,125],
[33,58,191],
[22,50,133],
[10,64,134],
[4,80,139],
[63,71,164],
[18,75,192],
[38,44,138],
[47,77,159],
[48,92,167],
[0,26,110],
[51,84,116],
[15,83,146],
[29,78,102],
[2,53,173],
[140,144,187],
[113,169,189],
[120,123,131],
[124,166,181],
[105,180,186],
[108,175,188],
[106,118,150],
[122,156,193],
[143,152,176],
[132,155,184],
[98,129,147],
[107,114,153],
[101,136,137],
[149,154,168],
[115,117,142],
[141,151,179]],

[[9,106,194],
[10,45,173],
[14,92,150],
[34,36,132],
[37,47,139],
[5,52,174],
[30,86,155],
[6,17,157],
[49,91,167],
[15,31,120],
[22,39,176],
[62,74,165],
[43,80,110],
[73,82,126],
[38,83,109],
[57,88,121],
[16,55,181],
[8,44,123],
[4,87,191],
[11,81,143],
[19,78,97],
[59,63,158],
[65,85,172],
[1,95,145],
[51,66,107],
[3,25,111],
[76,89,131],
[21,53,134],
[35,69,149],
[18,42,127],
[54,77,114],
[40,58,146],
[60,67,112],
[70,71,119],
[23,28,171],
[7,79,140],
[68,96,179],
[13,56,180],
[29,50,185],
[12,20,113],
[24,64,141],
[84,90,184],
[26,93,108],
[41,94,116],
[46,72,156],
[0,33,162],
[32,61,192],
[27,75,148],
[2,48,122],
[136,186,190],
[118,138,159],
[166,169,177],
[115,130,170],
[129,135,151],
[124,137,154],
[99,152,164],
[105,142,168],
[101,125,189],
[104,133,178],
[144,175,193],
[102,153,160],
[147,182,183],
[98,103,117],
[161,163,188],
[100,128,187]],

[[45,142,194],
[46,81,112],
[31,50,186],
[70,72,168],
[73,83,175],
[41,88,113],
[25,66,191],
[42,53,193],
[30,85,106],
[51,67,156],
[58,75,115],
[1,13,104],
[19,79,146],
[12,21,162],
[22,74,145],
[27,93,157],
[52,91,120],
[44,80,159],
[26,40,130],
[20,47,179],
[17,55,133],
[2,95,97],
[4,24,111],
[34,37,181],
[5,87,143],
[39,61,147],
[15,28,167],
[57,89,170],
[8,71,185],
[54,78,163],
[16,90,150],
[76,94,182],
[6,96,148],
[9,10,155],
[59,64,110],
[18,43,176],
[7,35,118],
[49,92,119],
[65,86,124],
[48,56,149],
[3,60,177],
[23,29,123],
[32,62,144],
[33,77,152],
[11,82,192],
[36,69,101],
[0,68,131],
[14,63,184],
[38,84,158],
[125,129,172],
[98,154,174],
[105,108,116],
[109,151,166],
[165,171,187],
[160,173,190],
[103,135,188],
[107,141,178],
[128,137,161],
[117,140,169],
[114,132,180],
[99,138,189],
[121,122,183],
[134,139,153],
[100,102,127],
[126,136,164]],

[[31,128,194],
[32,67,98],
[17,36,172],
[56,58,154],
[59,69,161],
[27,74,99],
[11,52,177],
[28,39,179],
[16,71,189],
[37,53,142],
[44,61,101],
[84,96,187],
[5,65,132],
[7,95,148],
[8,60,131],
[13,79,143],
[38,77,106],
[30,66,145],
[12,26,116],
[6,33,165],
[3,41,119],
[81,85,180],
[10,87,97],
[20,23,167],
[73,88,129],
[25,47,133],
[1,14,153],
[43,75,156],
[57,91,171],
[40,64,149],
[2,76,136],
[62,80,168],
[82,89,134],
[92,93,141],
[45,50,193],
[4,29,162],
[21,90,104],
[35,78,105],
[51,72,110],
[34,42,135],
[46,86,163],
[9,15,109],
[18,48,130],
[19,63,138],
[68,94,178],
[22,55,184],
[54,83,117],
[0,49,170],
[24,70,144],
[111,115,158],
[140,160,181],
[102,188,191],
[137,152,192],
[151,157,173],
[146,159,176],
[121,174,186],
[127,164,190],
[114,123,147],
[103,126,155],
[100,118,166],
[124,175,182],
[107,108,169],
[120,125,139],
[113,183,185],
[112,122,150]],

[[58,155,194],
[59,94,125],
[44,63,102],
[83,85,181],
[86,96,188],
[4,54,126],
[38,79,107],
[55,66,109],
[1,43,119],
[64,80,169],
[71,88,128],
[14,26,117],
[32,92,159],
[25,34,175],
[35,87,158],
[9,40,170],
[7,65,133],
[57,93,172],
[39,53,143],
[33,60,192],
[30,68,146],
[11,15,110],
[17,37,124],
[47,50,97],
[3,18,156],
[52,74,160],
[28,41,180],
[5,70,183],
[21,84,101],
[67,91,176],
[6,29,163],
[10,89,98],
[12,19,161],
[22,23,168],
[72,77,123],
[31,56,189],
[20,48,131],
[8,62,132],
[2,78,137],
[61,69,162],
[16,73,190],
[36,42,136],
[45,75,157],
[46,90,165],
[24,95,108],
[49,82,114],
[13,81,144],
[27,76,100],
[0,51,171],
[138,142,185],
[111,167,187],
[118,121,129],
[122,164,179],
[103,178,184],
[106,173,186],
[104,116,148],
[120,154,191],
[141,150,174],
[130,153,182],
[127,145,193],
[105,112,151],
[99,134,135],
[147,152,166],
[113,115,140],
[139,149,177]],

[[96,193,194],
[0,35,163],
[4,82,140],
[24,26,122],
[27,37,129],
[42,92,164],
[20,76,145],
[7,93,147],
[39,81,157],
[5,21,110],
[12,29,166],
[52,64,155],
[33,70,100],
[63,72,116],
[28,73,99],
[47,78,111],
[6,45,171],
[34,95,113],
[77,91,181],
[1,71,133],
[9,68,184],
[49,53,148],
[55,75,162],
[85,88,135],
[41,56,97],
[15,90,101],
[66,79,121],
[11,43,124],
[25,59,139],
[8,32,117],
[44,67,104],
[30,48,136],
[50,57,102],
[60,61,109],
[13,18,161],
[69,94,130],
[58,86,169],
[3,46,170],
[19,40,175],
[2,10,103],
[14,54,131],
[74,80,174],
[16,83,98],
[31,84,106],
[36,62,146],
[23,87,152],
[22,51,182],
[17,65,138],
[38,89,112],
[126,176,180],
[108,128,149],
[156,159,167],
[105,120,160],
[119,125,141],
[114,127,144],
[142,154,186],
[132,158,192],
[115,179,188],
[123,168,191],
[134,165,183],
[143,150,189],
[137,172,173],
[107,185,190],
[151,153,178],
[118,177,187]],

[[92,189,194],
[31,93,159],
[0,78,136],
[20,22,118],
[23,33,125],
[38,88,160],
[16,72,141],
[3,89,143],
[35,77,153],
[1,17,106],
[8,25,162],
[48,60,151],
[29,66,193],
[59,68,112],
[24,69,192],
[43,74,107],
[2,41,167],
[30,91,109],
[73,87,177],
[67,94,129],
[5,64,180],
[45,49,144],
[51,71,158],
[81,84,131],
[37,52,190],
[11,86,97],
[62,75,117],
[7,39,120],
[21,55,135],
[4,28,113],
[40,63,100],
[26,44,132],
[46,53,98],
[56,57,105],
[9,14,157],
[65,90,126],
[54,82,165],
[42,96,166],
[15,36,171],
[6,95,99],
[10,50,127],
[70,76,170],
[12,79,191],
[27,80,102],
[32,58,142],
[19,83,148],
[18,47,178],
[13,61,134],
[34,85,108],
[122,172,176],
[104,124,145],
[152,155,163],
[101,116,156],
[115,121,137],
[110,123,140],
[138,150,182],
[128,154,188],
[111,175,184],
[119,164,187],
[130,161,179],
[139,146,185],
[133,168,169],
[103,181,186],
[147,149,174],
[114,173,183]],

[[72,169,194],
[11,73,139],
[58,77,116],
[0,2,98],
[3,13,105],
[18,68,140],
[52,93,121],
[69,80,123],
[15,57,133],
[78,94,183],
[5,85,142],
[28,40,131],
[9,46,173],
[39,48,189],
[4,49,172],
[23,54,184],
[21,79,147],
[10,71,186],
[53,67,157],
[47,74,109],
[44,82,160],
[25,29,124],
[31,51,138],
[61,64,111],
[17,32,170],
[66,88,174],
[42,55,97],
[19,84,100],
[1,35,115],
[8,81,190],
[20,43,177],
[6,24,112],
[26,33,175],
[36,37,182],
[86,91,137],
[45,70,106],
[34,62,145],
[22,76,146],
[16,92,151],
[75,83,176],
[30,87,107],
[50,56,150],
[59,89,171],
[7,60,179],
[12,38,122],
[63,96,128],
[27,95,158],
[41,90,114],
[14,65,185],
[102,152,156],
[104,125,181],
[132,135,143],
[136,178,193],
[101,117,192],
[103,120,187],
[118,130,162],
[108,134,168],
[155,164,188],
[99,144,167],
[110,141,159],
[119,126,165],
[113,148,149],
[161,166,180],
[127,129,154],
[153,163,191]],

[[69,166,194],
[8,70,136],
[55,74,113],
[94,96,192],
[0,10,102],
[15,65,137],
[49,90,118],
[66,77,120],
[12,54,130],
[75,91,180],
[2,82,139],
[25,37,128],
[6,43,170],
[36,45,186],
[1,46,169],
[20,51,181],
[18,76,144],
[7,68,183],
[50,64,154],
[44,71,106],
[41,79,157],
[22,26,121],
[28,48,135],
[58,61,108],
[14,29,167],
[63,85,171],
[39,52,191],
[16,81,97],
[32,95,112],
[5,78,187],
[17,40,174],
[3,21,109],
[23,30,172],
[33,34,179],
[83,88,134],
[42,67,103],
[31,59,142],
[19,73,143],
[13,89,148],
[72,80,173],
[27,84,104],
[47,53,147],
[56,86,168],
[4,57,176],
[9,35,119],
[60,93,125],
[24,92,155],
[38,87,111],
[11,62,182],
[99,149,153],
[101,122,178],
[129,132,140],
[133,175,190],
[98,114,189],
[100,117,184],
[115,127,159],
[105,131,165],
[152,161,185],
[141,164,193],
[107,138,156],
[116,123,162],
[110,145,146],
[158,163,177],
[124,126,151],
[150,160,188]],

[[54,151,194],
[55,90,121],
[40,59,98],
[79,81,177],
[82,92,184],
[0,50,122],
[34,75,103],
[51,62,105],
[39,94,115],
[60,76,165],
[67,84,124],
[10,22,113],
[28,88,155],
[21,30,171],
[31,83,154],
[5,36,166],
[3,61,129],
[53,89,168],
[35,49,139],
[29,56,188],
[26,64,142],
[7,11,106],
[13,33,120],
[43,46,190],
[14,96,152],
[48,70,156],
[24,37,176],
[1,66,179],
[17,80,97],
[63,87,172],
[2,25,159],
[6,85,191],
[8,15,157],
[18,19,164],
[68,73,119],
[27,52,185],
[16,44,127],
[4,58,128],
[74,95,133],
[57,65,158],
[12,69,186],
[32,38,132],
[41,71,153],
[42,86,161],
[20,91,104],
[45,78,110],
[9,77,140],
[23,72,193],
[47,93,167],
[134,138,181],
[107,163,183],
[114,117,125],
[118,160,175],
[99,174,180],
[102,169,182],
[100,112,144],
[116,150,187],
[137,146,170],
[126,149,178],
[123,141,189],
[101,108,147],
[130,131,192],
[143,148,162],
[109,111,136],
[135,145,173]],

[[76,173,194],
[15,77,143],
[62,81,120],
[4,6,102],
[7,17,109],
[22,72,144],
[0,56,125],
[73,84,127],
[19,61,137],
[1,82,187],
[9,89,146],
[32,44,135],
[13,50,177],
[43,52,193],
[8,53,176],
[27,58,188],
[25,83,151],
[14,75,190],
[57,71,161],
[51,78,113],
[48,86,164],
[29,33,128],
[35,55,142],
[65,68,115],
[21,36,174],
[70,92,178],
[46,59,101],
[23,88,104],
[5,39,119],
[12,85,97],
[24,47,181],
[10,28,116],
[30,37,179],
[40,41,186],
[90,95,141],
[49,74,110],
[38,66,149],
[26,80,150],
[20,96,155],
[79,87,180],
[34,91,111],
[54,60,154],
[63,93,175],
[11,64,183],
[16,42,126],
[3,67,132],
[2,31,162],
[45,94,118],
[18,69,189],
[106,156,160],
[108,129,185],
[136,139,147],
[100,140,182],
[99,105,121],
[107,124,191],
[122,134,166],
[112,138,172],
[159,168,192],
[103,148,171],
[114,145,163],
[123,130,169],
[117,152,153],
[165,170,184],
[131,133,158],
[98,157,167]],

[[89,186,194],
[28,90,156],
[75,94,133],
[17,19,115],
[20,30,122],
[35,85,157],
[13,69,138],
[0,86,140],
[32,74,150],
[14,95,103],
[5,22,159],
[45,57,148],
[26,63,190],
[56,65,109],
[21,66,189],
[40,71,104],
[38,96,164],
[27,88,106],
[70,84,174],
[64,91,126],
[2,61,177],
[42,46,141],
[48,68,155],
[78,81,128],
[34,49,187],
[8,83,191],
[59,72,114],
[4,36,117],
[18,52,132],
[1,25,110],
[37,60,97],
[23,41,129],
[43,50,192],
[53,54,102],
[6,11,154],
[62,87,123],
[51,79,162],
[39,93,163],
[12,33,168],
[3,92,193],
[7,47,124],
[67,73,167],
[9,76,188],
[24,77,99],
[29,55,139],
[16,80,145],
[15,44,175],
[10,58,131],
[31,82,105],
[119,169,173],
[101,121,142],
[149,152,160],
[98,113,153],
[112,118,134],
[107,120,137],
[135,147,179],
[125,151,185],
[108,172,181],
[116,161,184],
[127,158,176],
[136,143,182],
[130,165,166],
[100,178,183],
[144,146,171],
[111,170,180]],

[[57,154,194],
[58,93,124],
[43,62,101],
[82,84,180],
[85,95,187],
[3,53,125],
[37,78,106],
[54,65,108],
[0,42,118],
[63,79,168],
[70,87,127],
[13,25,116],
[31,91,158],
[24,33,174],
[34,86,157],
[8,39,169],
[6,64,132],
[56,92,171],
[38,52,142],
[32,59,191],
[29,67,145],
[10,14,109],
[16,36,123],
[46,49,193],
[2,17,155],
[51,73,159],
[27,40,179],
[4,69,182],
[20,83,100],
[66,90,175],
[5,28,162],
[9,88,97],
[11,18,160],
[21,22,167],
[71,76,122],
[30,55,188],
[19,47,130],
[7,61,131],
[1,77,136],
[60,68,161],
[15,72,189],
[35,41,135],
[44,74,156],
[45,89,164],
[23,94,107],
[48,81,113],
[12,80,143],
[26,75,99],
[50,96,170],
[137,141,184],
[110,166,186],
[117,120,128],
[121,163,178],
[102,177,183],
[105,172,185],
[103,115,147],
[119,153,190],
[140,149,173],
[129,152,181],
[126,144,192],
[104,111,150],
[98,133,134],
[146,151,165],
[112,114,139],
[138,148,176]],

[[91,188,194],
[30,92,158],
[77,96,135],
[19,21,117],
[22,32,124],
[37,87,159],
[15,71,140],
[2,88,142],
[34,76,152],
[0,16,105],
[7,24,161],
[47,59,150],
[28,65,192],
[58,67,111],
[23,68,191],
[42,73,106],
[1,40,166],
[29,90,108],
[72,86,176],
[66,93,128],
[4,63,179],
[44,48,143],
[50,70,157],
[80,83,130],
[36,51,189],
[10,85,193],
[61,74,116],
[6,38,119],
[20,54,134],
[3,27,112],
[39,62,99],
[25,43,131],
[45,52,97],
[55,56,104],
[8,13,156],
[64,89,125],
[53,81,164],
[41,95,165],
[14,35,170],
[5,94,98],
[9,49,126],
[69,75,169],
[11,78,190],
[26,79,101],
[31,57,141],
[18,82,147],
[17,46,177],
[12,60,133],
[33,84,107],
[121,171,175],
[103,123,144],
[151,154,162],
[100,115,155],
[114,120,136],
[109,122,139],
[137,149,181],
[127,153,187],
[110,174,183],
[118,163,186],
[129,160,178],
[138,145,184],
[132,167,168],
[102,180,185],
[146,148,173],
[113,172,182]],

[[67,164,194],
[6,68,134],
[53,72,111],
[92,94,190],
[8,95,100],
[13,63,135],
[47,88,116],
[64,75,118],
[10,52,128],
[73,89,178],
[0,80,137],
[23,35,126],
[4,41,168],
[34,43,184],
[44,96,167],
[18,49,179],
[16,74,142],
[5,66,181],
[48,62,152],
[42,69,104],
[39,77,155],
[20,24,119],
[26,46,133],
[56,59,106],
[12,27,165],
[61,83,169],
[37,50,189],
[14,79,192],
[30,93,110],
[3,76,185],
[15,38,172],
[1,19,107],
[21,28,170],
[31,32,177],
[81,86,132],
[40,65,101],
[29,57,140],
[17,71,141],
[11,87,146],
[70,78,171],
[25,82,102],
[45,51,145],
[54,84,166],
[2,55,174],
[7,33,117],
[58,91,123],
[22,90,153],
[36,85,109],
[9,60,180],
[97,147,151],
[99,120,176],
[127,130,138],
[131,173,188],
[112,187,193],
[98,115,182],
[113,125,157],
[103,129,163],
[150,159,183],
[139,162,191],
[105,136,154],
[114,121,160],
[108,143,144],
[156,161,175],
[122,124,149],
[148,158,186]],

[[44,141,194],
[45,80,111],
[30,49,185],
[69,71,167],
[72,82,174],
[40,87,112],
[24,65,190],
[41,52,192],
[29,84,105],
[50,66,155],
[57,74,114],
[0,12,103],
[18,78,145],
[11,20,161],
[21,73,144],
[26,92,156],
[51,90,119],
[43,79,158],
[25,39,129],
[19,46,178],
[16,54,132],
[1,94,193],
[3,23,110],
[33,36,180],
[4,86,142],
[38,60,146],
[14,27,166],
[56,88,169],
[7,70,184],
[53,77,162],
[15,89,149],
[75,93,181],
[5,95,147],
[8,9,154],
[58,63,109],
[17,42,175],
[6,34,117],
[48,91,118],
[64,85,123],
[47,55,148],
[2,59,176],
[22,28,122],
[31,61,143],
[32,76,151],
[10,81,191],
[35,68,100],
[67,96,130],
[13,62,183],
[37,83,157],
[124,128,171],
[97,153,173],
[104,107,115],
[108,150,165],
[164,170,186],
[159,172,189],
[102,134,187],
[106,140,177],
[127,136,160],
[116,139,168],
[113,131,179],
[98,137,188],
[120,121,182],
[133,138,152],
[99,101,126],
[125,135,163]],

[[26,123,194],
[27,62,190],
[12,31,167],
[51,53,149],
[54,64,156],
[22,69,191],
[6,47,172],
[23,34,174],
[11,66,184],
[32,48,137],
[39,56,193],
[79,91,182],
[0,60,127],
[2,90,143],
[3,55,126],
[8,74,138],
[33,72,101],
[25,61,140],
[7,21,111],
[1,28,160],
[36,95,114],
[76,80,175],
[5,82,189],
[15,18,162],
[68,83,124],
[20,42,128],
[9,93,148],
[38,70,151],
[52,86,166],
[35,59,144],
[71,94,131],
[57,75,163],
[77,84,129],
[87,88,136],
[40,45,188],
[24,96,157],
[16,85,99],
[30,73,100],
[46,67,105],
[29,37,130],
[41,81,158],
[4,10,104],
[13,43,125],
[14,58,133],
[63,89,173],
[17,50,179],
[49,78,112],
[44,92,165],
[19,65,139],
[106,110,153],
[135,155,176],
[97,183,186],
[132,147,187],
[146,152,168],
[141,154,171],
[116,169,181],
[122,159,185],
[109,118,142],
[98,121,150],
[113,161,192],
[119,170,177],
[102,103,164],
[115,120,134],
[108,178,180],
[107,117,145]],

[[33,130,194],
[34,69,100],
[19,38,174],
[58,60,156],
[61,71,163],
[29,76,101],
[13,54,179],
[30,41,181],
[18,73,191],
[39,55,144],
[46,63,103],
[1,86,189],
[7,67,134],
[0,9,150],
[10,62,133],
[15,81,145],
[40,79,108],
[32,68,147],
[14,28,118],
[8,35,167],
[5,43,121],
[83,87,182],
[12,89,99],
[22,25,169],
[75,90,131],
[27,49,135],
[3,16,155],
[45,77,158],
[59,93,173],
[42,66,151],
[4,78,138],
[64,82,170],
[84,91,136],
[94,95,143],
[47,52,98],
[6,31,164],
[23,92,106],
[37,80,107],
[53,74,112],
[36,44,137],
[48,88,165],
[11,17,111],
[20,50,132],
[21,65,140],
[70,96,180],
[24,57,186],
[56,85,119],
[2,51,172],
[26,72,146],
[113,117,160],
[142,162,183],
[104,190,193],
[97,139,154],
[153,159,175],
[148,161,178],
[123,176,188],
[129,166,192],
[116,125,149],
[105,128,157],
[102,120,168],
[126,177,184],
[109,110,171],
[122,127,141],
[115,185,187],
[114,124,152]],

[[68,165,194],
[7,69,135],
[54,73,112],
[93,95,191],
[9,96,101],
[14,64,136],
[48,89,117],
[65,76,119],
[11,53,129],
[74,90,179],
[1,81,138],
[24,36,127],
[5,42,169],
[35,44,185],
[0,45,168],
[19,50,180],
[17,75,143],
[6,67,182],
[49,63,153],
[43,70,105],
[40,78,156],
[21,25,120],
[27,47,134],
[57,60,107],
[13,28,166],
[62,84,170],
[38,51,190],
[15,80,193],
[31,94,111],
[4,77,186],
[16,39,173],
[2,20,108],
[22,29,171],
[32,33,178],
[82,87,133],
[41,66,102],
[30,58,141],
[18,72,142],
[12,88,147],
[71,79,172],
[26,83,103],
[46,52,146],
[55,85,167],
[3,56,175],
[8,34,118],
[59,92,124],
[23,91,154],
[37,86,110],
[10,61,181],
[98,148,152],
[100,121,177],
[128,131,139],
[132,174,189],
[97,113,188],
[99,116,183],
[114,126,158],
[104,130,164],
[151,160,184],
[140,163,192],
[106,137,155],
[115,122,161],
[109,144,145],
[157,162,176],
[123,125,150],
[149,159,187]],

[[49,146,194],
[50,85,116],
[35,54,190],
[74,76,172],
[77,87,179],
[45,92,117],
[29,70,98],
[46,57,100],
[34,89,110],
[55,71,160],
[62,79,119],
[5,17,108],
[23,83,150],
[16,25,166],
[26,78,149],
[0,31,161],
[56,95,124],
[48,84,163],
[30,44,134],
[24,51,183],
[21,59,137],
[2,6,101],
[8,28,115],
[38,41,185],
[9,91,147],
[43,65,151],
[19,32,171],
[61,93,174],
[12,75,189],
[58,82,167],
[20,94,154],
[1,80,186],
[3,10,152],
[13,14,159],
[63,68,114],
[22,47,180],
[11,39,122],
[53,96,123],
[69,90,128],
[52,60,153],
[7,64,181],
[27,33,127],
[36,66,148],
[37,81,156],
[15,86,99],
[40,73,105],
[4,72,135],
[18,67,188],
[42,88,162],
[129,133,176],
[102,158,178],
[109,112,120],
[113,155,170],
[169,175,191],
[97,164,177],
[107,139,192],
[111,145,182],
[132,141,165],
[121,144,173],
[118,136,184],
[103,142,193],
[125,126,187],
[138,143,157],
[104,106,131],
[130,140,168]],

[[51,148,194],
[52,87,118],
[37,56,192],
[76,78,174],
[79,89,181],
[47,94,119],
[31,72,100],
[48,59,102],
[36,91,112],
[57,73,162],
[64,81,121],
[7,19,110],
[25,85,152],
[18,27,168],
[28,80,151],
[2,33,163],
[0,58,126],
[50,86,165],
[32,46,136],
[26,53,185],
[23,61,139],
[4,8,103],
[10,30,117],
[40,43,187],
[11,93,149],
[45,67,153],
[21,34,173],
[63,95,176],
[14,77,191],
[60,84,169],
[22,96,156],
[3,82,188],
[5,12,154],
[15,16,161],
[65,70,116],
[24,49,182],
[13,41,124],
[1,55,125],
[71,92,130],
[54,62,155],
[9,66,183],
[29,35,129],
[38,68,150],
[39,83,158],
[17,88,101],
[42,75,107],
[6,74,137],
[20,69,190],
[44,90,164],
[131,135,178],
[104,160,180],
[111,114,122],
[115,157,172],
[171,177,193],
[99,166,179],
[97,109,141],
[113,147,184],
[134,143,167],
[123,146,175],
[120,138,186],
[98,105,144],
[127,128,189],
[140,145,159],
[106,108,133],
[132,142,170]],

[[61,158,194],
[0,62,128],
[47,66,105],
[86,88,184],
[2,89,191],
[7,57,129],
[41,82,110],
[58,69,112],
[4,46,122],
[67,83,172],
[74,91,131],
[17,29,120],
[35,95,162],
[28,37,178],
[38,90,161],
[12,43,173],
[10,68,136],
[60,96,175],
[42,56,146],
[36,63,98],
[33,71,149],
[14,18,113],
[20,40,127],
[50,53,100],
[6,21,159],
[55,77,163],
[31,44,183],
[8,73,186],
[24,87,104],
[70,94,179],
[9,32,166],
[13,92,101],
[15,22,164],
[25,26,171],
[75,80,126],
[34,59,192],
[23,51,134],
[11,65,135],
[5,81,140],
[64,72,165],
[19,76,193],
[39,45,139],
[48,78,160],
[49,93,168],
[1,27,111],
[52,85,117],
[16,84,147],
[30,79,103],
[3,54,174],
[141,145,188],
[114,170,190],
[121,124,132],
[125,167,182],
[106,181,187],
[109,176,189],
[107,119,151],
[97,123,157],
[144,153,177],
[133,156,185],
[99,130,148],
[108,115,154],
[102,137,138],
[150,155,169],
[116,118,143],
[142,152,180]],

[[14,111,194],
[15,50,178],
[0,19,155],
[39,41,137],
[42,52,144],
[10,57,179],
[35,91,160],
[11,22,162],
[54,96,172],
[20,36,125],
[27,44,181],
[67,79,170],
[48,85,115],
[78,87,131],
[43,88,114],
[62,93,126],
[21,60,186],
[13,49,128],
[9,92,99],
[16,86,148],
[24,83,102],
[64,68,163],
[70,90,177],
[3,6,150],
[56,71,112],
[8,30,116],
[81,94,136],
[26,58,139],
[40,74,154],
[23,47,132],
[59,82,119],
[45,63,151],
[65,72,117],
[75,76,124],
[28,33,176],
[12,84,145],
[4,73,184],
[18,61,185],
[34,55,190],
[17,25,118],
[29,69,146],
[89,95,189],
[1,31,113],
[2,46,121],
[51,77,161],
[5,38,167],
[37,66,100],
[32,80,153],
[7,53,127],
[98,141,191],
[123,143,164],
[171,174,182],
[120,135,175],
[134,140,156],
[129,142,159],
[104,157,169],
[110,147,173],
[97,106,130],
[109,138,183],
[101,149,180],
[107,158,165],
[152,187,188],
[103,108,122],
[166,168,193],
[105,133,192]],

[[70,167,194],
[9,71,137],
[56,75,114],
[0,95,193],
[1,11,103],
[16,66,138],
[50,91,119],
[67,78,121],
[13,55,131],
[76,92,181],
[3,83,140],
[26,38,129],
[7,44,171],
[37,46,187],
[2,47,170],
[21,52,182],
[19,77,145],
[8,69,184],
[51,65,155],
[45,72,107],
[42,80,158],
[23,27,122],
[29,49,136],
[59,62,109],
[15,30,168],
[64,86,172],
[40,53,192],
[17,82,98],
[33,96,113],
[6,79,188],
[18,41,175],
[4,22,110],
[24,31,173],
[34,35,180],
[84,89,135],
[43,68,104],
[32,60,143],
[20,74,144],
[14,90,149],
[73,81,174],
[28,85,105],
[48,54,148],
[57,87,169],
[5,58,177],
[10,36,120],
[61,94,126],
[25,93,156],
[39,88,112],
[12,63,183],
[100,150,154],
[102,123,179],
[130,133,141],
[134,176,191],
[99,115,190],
[101,118,185],
[116,128,160],
[106,132,166],
[153,162,186],
[97,142,165],
[108,139,157],
[117,124,163],
[111,146,147],
[159,164,178],
[125,127,152],
[151,161,189]],

[[59,156,194],
[60,95,126],
[45,64,103],
[84,86,182],
[0,87,189],
[5,55,127],
[39,80,108],
[56,67,110],
[2,44,120],
[65,81,170],
[72,89,129],
[15,27,118],
[33,93,160],
[26,35,176],
[36,88,159],
[10,41,171],
[8,66,134],
[58,94,173],
[40,54,144],
[34,61,193],
[31,69,147],
[12,16,111],
[18,38,125],
[48,51,98],
[4,19,157],
[53,75,161],
[29,42,181],
[6,71,184],
[22,85,102],
[68,92,177],
[7,30,164],
[11,90,99],
[13,20,162],
[23,24,169],
[73,78,124],
[32,57,190],
[21,49,132],
[9,63,133],
[3,79,138],
[62,70,163],
[17,74,191],
[37,43,137],
[46,76,158],
[47,91,166],
[25,96,109],
[50,83,115],
[14,82,145],
[28,77,101],
[1,52,172],
[139,143,186],
[112,168,188],
[119,122,130],
[123,165,180],
[104,179,185],
[107,174,187],
[105,117,149],
[121,155,192],
[142,151,175],
[131,154,183],
[97,128,146],
[106,113,152],
[100,135,136],
[148,153,167],
[114,116,141],
[140,150,178]],

[[4,101,194],
[5,40,168],
[9,87,145],
[29,31,127],
[32,42,134],
[0,47,169],
[25,81,150],
[1,12,152],
[44,86,162],
[10,26,115],
[17,34,171],
[57,69,160],
[38,75,105],
[68,77,121],
[33,78,104],
[52,83,116],
[11,50,176],
[3,39,118],
[82,96,186],
[6,76,138],
[14,73,189],
[54,58,153],
[60,80,167],
[90,93,140],
[46,61,102],
[20,95,106],
[71,84,126],
[16,48,129],
[30,64,144],
[13,37,122],
[49,72,109],
[35,53,141],
[55,62,107],
[65,66,114],
[18,23,166],
[2,74,135],
[63,91,174],
[8,51,175],
[24,45,180],
[7,15,108],
[19,59,136],
[79,85,179],
[21,88,103],
[36,89,111],
[41,67,151],
[28,92,157],
[27,56,187],
[22,70,143],
[43,94,117],
[131,181,185],
[113,133,154],
[161,164,172],
[110,125,165],
[124,130,146],
[119,132,149],
[147,159,191],
[100,137,163],
[120,184,193],
[99,128,173],
[139,170,188],
[97,148,155],
[142,177,178],
[98,112,190],
[156,158,183],
[123,182,192]],

[[20,117,194],
[21,56,184],
[6,25,161],
[45,47,143],
[48,58,150],
[16,63,185],
[0,41,166],
[17,28,168],
[5,60,178],
[26,42,131],
[33,50,187],
[73,85,176],
[54,91,121],
[84,93,137],
[49,94,120],
[2,68,132],
[27,66,192],
[19,55,134],
[1,15,105],
[22,92,154],
[30,89,108],
[70,74,169],
[76,96,183],
[9,12,156],
[62,77,118],
[14,36,122],
[3,87,142],
[32,64,145],
[46,80,160],
[29,53,138],
[65,88,125],
[51,69,157],
[71,78,123],
[81,82,130],
[34,39,182],
[18,90,151],
[10,79,190],
[24,67,191],
[40,61,99],
[23,31,124],
[35,75,152],
[4,95,98],
[7,37,119],
[8,52,127],
[57,83,167],
[11,44,173],
[43,72,106],
[38,86,159],
[13,59,133],
[100,104,147],
[129,149,170],
[177,180,188],
[126,141,181],
[140,146,162],
[135,148,165],
[110,163,175],
[116,153,179],
[103,112,136],
[115,144,189],
[107,155,186],
[113,164,171],
[97,158,193],
[109,114,128],
[102,172,174],
[101,111,139]],

[[3,100,194],
[4,39,167],
[8,86,144],
[28,30,126],
[31,41,133],
[46,96,168],
[24,80,149],
[0,11,151],
[43,85,161],
[9,25,114],
[16,33,170],
[56,68,159],
[37,74,104],
[67,76,120],
[32,77,103],
[51,82,115],
[10,49,175],
[2,38,117],
[81,95,185],
[5,75,137],
[13,72,188],
[53,57,152],
[59,79,166],
[89,92,139],
[45,60,101],
[19,94,105],
[70,83,125],
[15,47,128],
[29,63,143],
[12,36,121],
[48,71,108],
[34,52,140],
[54,61,106],
[64,65,113],
[17,22,165],
[1,73,134],
[62,90,173],
[7,50,174],
[23,44,179],
[6,14,107],
[18,58,135],
[78,84,178],
[20,87,102],
[35,88,110],
[40,66,150],
[27,91,156],
[26,55,186],
[21,69,142],
[42,93,116],
[130,180,184],
[112,132,153],
[160,163,171],
[109,124,164],
[123,129,145],
[118,131,148],
[146,158,190],
[99,136,162],
[119,183,192],
[98,127,172],
[138,169,187],
[147,154,193],
[141,176,177],
[97,111,189],
[155,157,182],
[122,181,191]],

[[15,112,194],
[16,51,179],
[1,20,156],
[40,42,138],
[43,53,145],
[11,58,180],
[36,92,161],
[12,23,163],
[0,55,173],
[21,37,126],
[28,45,182],
[68,80,171],
[49,86,116],
[79,88,132],
[44,89,115],
[63,94,127],
[22,61,187],
[14,50,129],
[10,93,100],
[17,87,149],
[25,84,103],
[65,69,164],
[71,91,178],
[4,7,151],
[57,72,113],
[9,31,117],
[82,95,137],
[27,59,140],
[41,75,155],
[24,48,133],
[60,83,120],
[46,64,152],
[66,73,118],
[76,77,125],
[29,34,177],
[13,85,146],
[5,74,185],
[19,62,186],
[35,56,191],
[18,26,119],
[30,70,147],
[90,96,190],
[2,32,114],
[3,47,122],
[52,78,162],
[6,39,168],
[38,67,101],
[33,81,154],
[8,54,128],
[99,142,192],
[124,144,165],
[172,175,183],
[121,136,176],
[135,141,157],
[130,143,160],
[105,158,170],
[111,148,174],
[98,107,131],
[110,139,184],
[102,150,181],
[108,159,166],
[153,188,189],
[104,109,123],
[97,167,169],
[106,134,193]],

[[75,172,194],
[14,76,142],
[61,80,119],
[3,5,101],
[6,16,108],
[21,71,143],
[55,96,124],
[72,83,126],
[18,60,136],
[0,81,186],
[8,88,145],
[31,43,134],
[12,49,176],
[42,51,192],
[7,52,175],
[26,57,187],
[24,82,150],
[13,74,189],
[56,70,160],
[50,77,112],
[47,85,163],
[28,32,127],
[34,54,141],
[64,67,114],
[20,35,173],
[69,91,177],
[45,58,100],
[22,87,103],
[4,38,118],
[11,84,193],
[23,46,180],
[9,27,115],
[29,36,178],
[39,40,185],
[89,94,140],
[48,73,109],
[37,65,148],
[25,79,149],
[19,95,154],
[78,86,179],
[33,90,110],
[53,59,153],
[62,92,174],
[10,63,182],
[15,41,125],
[2,66,131],
[1,30,161],
[44,93,117],
[17,68,188],
[105,155,159],
[107,128,184],
[135,138,146],
[99,139,181],
[98,104,120],
[106,123,190],
[121,133,165],
[111,137,171],
[158,167,191],
[102,147,170],
[113,144,162],
[122,129,168],
[116,151,152],
[164,169,183],
[130,132,157],
[97,156,166]],

[[84,181,194],
[23,85,151],
[70,89,128],
[12,14,110],
[15,25,117],
[30,80,152],
[8,64,133],
[81,92,135],
[27,69,145],
[9,90,98],
[0,17,154],
[40,52,143],
[21,58,185],
[51,60,104],
[16,61,184],
[35,66,99],
[33,91,159],
[22,83,101],
[65,79,169],
[59,86,121],
[56,94,172],
[37,41,136],
[43,63,150],
[73,76,123],
[29,44,182],
[3,78,186],
[54,67,109],
[31,96,112],
[13,47,127],
[20,93,105],
[32,55,189],
[18,36,124],
[38,45,187],
[48,49,97],
[1,6,149],
[57,82,118],
[46,74,157],
[34,88,158],
[7,28,163],
[87,95,188],
[2,42,119],
[62,68,162],
[4,71,183],
[19,72,191],
[24,50,134],
[11,75,140],
[10,39,170],
[5,53,126],
[26,77,100],
[114,164,168],
[116,137,193],
[144,147,155],
[108,148,190],
[107,113,129],
[102,115,132],
[130,142,174],
[120,146,180],
[103,167,176],
[111,156,179],
[122,153,171],
[131,138,177],
[125,160,161],
[173,178,192],
[139,141,166],
[106,165,175]],

[[32,129,194],
[33,68,99],
[18,37,173],
[57,59,155],
[60,70,162],
[28,75,100],
[12,53,178],
[29,40,180],
[17,72,190],
[38,54,143],
[45,62,102],
[0,85,188],
[6,66,133],
[8,96,149],
[9,61,132],
[14,80,144],
[39,78,107],
[31,67,146],
[13,27,117],
[7,34,166],
[4,42,120],
[82,86,181],
[11,88,98],
[21,24,168],
[74,89,130],
[26,48,134],
[2,15,154],
[44,76,157],
[58,92,172],
[41,65,150],
[3,77,137],
[63,81,169],
[83,90,135],
[93,94,142],
[46,51,97],
[5,30,163],
[22,91,105],
[36,79,106],
[52,73,111],
[35,43,136],
[47,87,164],
[10,16,110],
[19,49,131],
[20,64,139],
[69,95,179],
[23,56,185],
[55,84,118],
[1,50,171],
[25,71,145],
[112,116,159],
[141,161,182],
[103,189,192],
[138,153,193],
[152,158,174],
[147,160,177],
[122,175,187],
[128,165,191],
[115,124,148],
[104,127,156],
[101,119,167],
[125,176,183],
[108,109,170],
[121,126,140],
[114,184,186],
[113,123,151]],

[[63,160,194],
[2,64,130],
[49,68,107],
[88,90,186],
[4,91,193],
[9,59,131],
[43,84,112],
[60,71,114],
[6,48,124],
[69,85,174],
[76,93,133],
[19,31,122],
[0,37,164],
[30,39,180],
[40,92,163],
[14,45,175],
[12,70,138],
[1,62,177],
[44,58,148],
[38,65,100],
[35,73,151],
[16,20,115],
[22,42,129],
[52,55,102],
[8,23,161],
[57,79,165],
[33,46,185],
[10,75,188],
[26,89,106],
[72,96,181],
[11,34,168],
[15,94,103],
[17,24,166],
[27,28,173],
[77,82,128],
[36,61,97],
[25,53,136],
[13,67,137],
[7,83,142],
[66,74,167],
[21,78,98],
[41,47,141],
[50,80,162],
[51,95,170],
[3,29,113],
[54,87,119],
[18,86,149],
[32,81,105],
[5,56,176],
[143,147,190],
[116,172,192],
[123,126,134],
[127,169,184],
[108,183,189],
[111,178,191],
[109,121,153],
[99,125,159],
[146,155,179],
[135,158,187],
[101,132,150],
[110,117,156],
[104,139,140],
[152,157,171],
[118,120,145],
[144,154,182]],

[[24,121,194],
[25,60,188],
[10,29,165],
[49,51,147],
[52,62,154],
[20,67,189],
[4,45,170],
[21,32,172],
[9,64,182],
[30,46,135],
[37,54,191],
[77,89,180],
[58,95,125],
[0,88,141],
[1,53,124],
[6,72,136],
[31,70,99],
[23,59,138],
[5,19,109],
[26,96,158],
[34,93,112],
[74,78,173],
[3,80,187],
[13,16,160],
[66,81,122],
[18,40,126],
[7,91,146],
[36,68,149],
[50,84,164],
[33,57,142],
[69,92,129],
[55,73,161],
[75,82,127],
[85,86,134],
[38,43,186],
[22,94,155],
[14,83,97],
[28,71,98],
[44,65,103],
[27,35,128],
[39,79,156],
[2,8,102],
[11,41,123],
[12,56,131],
[61,87,171],
[15,48,177],
[47,76,110],
[42,90,163],
[17,63,137],
[104,108,151],
[133,153,174],
[181,184,192],
[130,145,185],
[144,150,166],
[139,152,169],
[114,167,179],
[120,157,183],
[107,116,140],
[119,148,193],
[111,159,190],
[117,168,175],
[100,101,162],
[113,118,132],
[106,176,178],
[105,115,143]],

[[23,120,194],
[24,59,187],
[9,28,164],
[48,50,146],
[51,61,153],
[19,66,188],
[3,44,169],
[20,31,171],
[8,63,181],
[29,45,134],
[36,53,190],
[76,88,179],
[57,94,124],
[87,96,140],
[0,52,123],
[5,71,135],
[30,69,98],
[22,58,137],
[4,18,108],
[25,95,157],
[33,92,111],
[73,77,172],
[2,79,186],
[12,15,159],
[65,80,121],
[17,39,125],
[6,90,145],
[35,67,148],
[49,83,163],
[32,56,141],
[68,91,128],
[54,72,160],
[74,81,126],
[84,85,133],
[37,42,185],
[21,93,154],
[13,82,193],
[27,70,97],
[43,64,102],
[26,34,127],
[38,78,155],
[1,7,101],
[10,40,122],
[11,55,130],
[60,86,170],
[14,47,176],
[46,75,109],
[41,89,162],
[16,62,136],
[103,107,150],
[132,152,173],
[180,183,191],
[129,144,184],
[143,149,165],
[138,151,168],
[113,166,178],
[119,156,182],
[106,115,139],
[118,147,192],
[110,158,189],
[116,167,174],
[99,100,161],
[112,117,131],
[105,175,177],
[104,114,142]],

[[18,115,194],
[19,54,182],
[4,23,159],
[43,45,141],
[46,56,148],
[14,61,183],
[39,95,164],
[15,26,166],
[3,58,176],
[24,40,129],
[31,48,185],
[71,83,174],
[52,89,119],
[82,91,135],
[47,92,118],
[0,66,130],
[25,64,190],
[17,53,132],
[13,96,103],
[20,90,152],
[28,87,106],
[68,72,167],
[74,94,181],
[7,10,154],
[60,75,116],
[12,34,120],
[1,85,140],
[30,62,143],
[44,78,158],
[27,51,136],
[63,86,123],
[49,67,155],
[69,76,121],
[79,80,128],
[32,37,180],
[16,88,149],
[8,77,188],
[22,65,189],
[38,59,97],
[21,29,122],
[33,73,150],
[2,93,193],
[5,35,117],
[6,50,125],
[55,81,165],
[9,42,171],
[41,70,104],
[36,84,157],
[11,57,131],
[98,102,145],
[127,147,168],
[175,178,186],
[124,139,179],
[138,144,160],
[133,146,163],
[108,161,173],
[114,151,177],
[101,110,134],
[113,142,187],
[105,153,184],
[111,162,169],
[156,191,192],
[107,112,126],
[100,170,172],
[99,109,137]],

[[90,187,194],
[29,91,157],
[76,95,134],
[18,20,116],
[21,31,123],
[36,86,158],
[14,70,139],
[1,87,141],
[33,75,151],
[15,96,104],
[6,23,160],
[46,58,149],
[27,64,191],
[57,66,110],
[22,67,190],
[41,72,105],
[0,39,165],
[28,89,107],
[71,85,175],
[65,92,127],
[3,62,178],
[43,47,142],
[49,69,156],
[79,82,129],
[35,50,188],
[9,84,192],
[60,73,115],
[5,37,118],
[19,53,133],
[2,26,111],
[38,61,98],
[24,42,130],
[44,51,193],
[54,55,103],
[7,12,155],
[63,88,124],
[52,80,163],
[40,94,164],
[13,34,169],
[4,93,97],
[8,48,125],
[68,74,168],
[10,77,189],
[25,78,100],
[30,56,140],
[17,81,146],
[16,45,176],
[11,59,132],
[32,83,106],
[120,170,174],
[102,122,143],
[150,153,161],
[99,114,154],
[113,119,135],
[108,121,138],
[136,148,180],
[126,152,186],
[109,173,182],
[117,162,185],
[128,159,177],
[137,144,183],
[131,166,167],
[101,179,184],
[145,147,172],
[112,171,181]],

[[62,159,194],
[1,63,129],
[48,67,106],
[87,89,185],
[3,90,192],
[8,58,130],
[42,83,111],
[59,70,113],
[5,47,123],
[68,84,173],
[75,92,132],
[18,30,121],
[36,96,163],
[29,38,179],
[39,91,162],
[13,44,174],
[11,69,137],
[0,61,176],
[43,57,147],
[37,64,99],
[34,72,150],
[15,19,114],
[21,41,128],
[51,54,101],
[7,22,160],
[56,78,164],
[32,45,184],
[9,74,187],
[25,88,105],
[71,95,180],
[10,33,167],
[14,93,102],
[16,23,165],
[26,27,172],
[76,81,127],
[35,60,193],
[24,52,135],
[12,66,136],
[6,82,141],
[65,73,166],
[20,77,97],
[40,46,140],
[49,79,161],
[50,94,169],
[2,28,112],
[53,86,118],
[17,85,148],
[31,80,104],
[4,55,175],
[142,146,189],
[115,171,191],
[122,125,133],
[126,168,183],
[107,182,188],
[110,177,190],
[108,120,152],
[98,124,158],
[145,154,178],
[134,157,186],
[100,131,149],
[109,116,155],
[103,138,139],
[151,156,170],
[117,119,144],
[143,153,181]],

[[19,116,194],
[20,55,183],
[5,24,160],
[44,46,142],
[47,57,149],
[15,62,184],
[40,96,165],
[16,27,167],
[4,59,177],
[25,41,130],
[32,49,186],
[72,84,175],
[53,90,120],
[83,92,136],
[48,93,119],
[1,67,131],
[26,65,191],
[18,54,133],
[0,14,104],
[21,91,153],
[29,88,107],
[69,73,168],
[75,95,182],
[8,11,155],
[61,76,117],
[13,35,121],
[2,86,141],
[31,63,144],
[45,79,159],
[28,52,137],
[64,87,124],
[50,68,156],
[70,77,122],
[80,81,129],
[33,38,181],
[17,89,150],
[9,78,189],
[23,66,190],
[39,60,98],
[22,30,123],
[34,74,151],
[3,94,97],
[6,36,118],
[7,51,126],
[56,82,166],
[10,43,172],
[42,71,105],
[37,85,158],
[12,58,132],
[99,103,146],
[128,148,169],
[176,179,187],
[125,140,180],
[139,145,161],
[134,147,164],
[109,162,174],
[115,152,178],
[102,111,135],
[114,143,188],
[106,154,185],
[112,163,170],
[157,192,193],
[108,113,127],
[101,171,173],
[100,110,138]],

[[95,192,194],
[34,96,162],
[3,81,139],
[23,25,121],
[26,36,128],
[41,91,163],
[19,75,144],
[6,92,146],
[38,80,156],
[4,20,109],
[11,28,165],
[51,63,154],
[32,69,99],
[62,71,115],
[27,72,98],
[46,77,110],
[5,44,170],
[33,94,112],
[76,90,180],
[0,70,132],
[8,67,183],
[48,52,147],
[54,74,161],
[84,87,134],
[40,55,193],
[14,89,100],
[65,78,120],
[10,42,123],
[24,58,138],
[7,31,116],
[43,66,103],
[29,47,135],
[49,56,101],
[59,60,108],
[12,17,160],
[68,93,129],
[57,85,168],
[2,45,169],
[18,39,174],
[1,9,102],
[13,53,130],
[73,79,173],
[15,82,97],
[30,83,105],
[35,61,145],
[22,86,151],
[21,50,181],
[16,64,137],
[37,88,111],
[125,175,179],
[107,127,148],
[155,158,166],
[104,119,159],
[118,124,140],
[113,126,143],
[141,153,185],
[131,157,191],
[114,178,187],
[122,167,190],
[133,164,182],
[142,149,188],
[136,171,172],
[106,184,189],
[150,152,177],
[117,176,186]],

[[87,184,194],
[26,88,154],
[73,92,131],
[15,17,113],
[18,28,120],
[33,83,155],
[11,67,136],
[84,95,138],
[30,72,148],
[12,93,101],
[3,20,157],
[43,55,146],
[24,61,188],
[54,63,107],
[19,64,187],
[38,69,102],
[36,94,162],
[25,86,104],
[68,82,172],
[62,89,124],
[0,59,175],
[40,44,139],
[46,66,153],
[76,79,126],
[32,47,185],
[6,81,189],
[57,70,112],
[2,34,115],
[16,50,130],
[23,96,108],
[35,58,192],
[21,39,127],
[41,48,190],
[51,52,100],
[4,9,152],
[60,85,121],
[49,77,160],
[37,91,161],
[10,31,166],
[1,90,191],
[5,45,122],
[65,71,165],
[7,74,186],
[22,75,97],
[27,53,137],
[14,78,143],
[13,42,173],
[8,56,129],
[29,80,103],
[117,167,171],
[99,119,140],
[147,150,158],
[111,151,193],
[110,116,132],
[105,118,135],
[133,145,177],
[123,149,183],
[106,170,179],
[114,159,182],
[125,156,174],
[134,141,180],
[128,163,164],
[98,176,181],
[142,144,169],
[109,168,178]],

[[47,144,194],
[48,83,114],
[33,52,188],
[72,74,170],
[75,85,177],
[43,90,115],
[27,68,193],
[44,55,98],
[32,87,108],
[53,69,158],
[60,77,117],
[3,15,106],
[21,81,148],
[14,23,164],
[24,76,147],
[29,95,159],
[54,93,122],
[46,82,161],
[28,42,132],
[22,49,181],
[19,57,135],
[0,4,99],
[6,26,113],
[36,39,183],
[7,89,145],
[41,63,149],
[17,30,169],
[59,91,172],
[10,73,187],
[56,80,165],
[18,92,152],
[78,96,184],
[1,8,150],
[11,12,157],
[61,66,112],
[20,45,178],
[9,37,120],
[51,94,121],
[67,88,126],
[50,58,151],
[5,62,179],
[25,31,125],
[34,64,146],
[35,79,154],
[13,84,97],
[38,71,103],
[2,70,133],
[16,65,186],
[40,86,160],
[127,131,174],
[100,156,176],
[107,110,118],
[111,153,168],
[167,173,189],
[162,175,192],
[105,137,190],
[109,143,180],
[130,139,163],
[119,142,171],
[116,134,182],
[101,140,191],
[123,124,185],
[136,141,155],
[102,104,129],
[128,138,166]],

[[41,138,194],
[42,77,108],
[27,46,182],
[66,68,164],
[69,79,171],
[37,84,109],
[21,62,187],
[38,49,189],
[26,81,102],
[47,63,152],
[54,71,111],
[9,94,100],
[15,75,142],
[8,17,158],
[18,70,141],
[23,89,153],
[48,87,116],
[40,76,155],
[22,36,126],
[16,43,175],
[13,51,129],
[91,95,190],
[0,20,107],
[30,33,177],
[1,83,139],
[35,57,143],
[11,24,163],
[53,85,166],
[4,67,181],
[50,74,159],
[12,86,146],
[72,90,178],
[2,92,144],
[5,6,151],
[55,60,106],
[14,39,172],
[3,31,114],
[45,88,115],
[61,82,120],
[44,52,145],
[56,96,173],
[19,25,119],
[28,58,140],
[29,73,148],
[7,78,188],
[32,65,97],
[64,93,127],
[10,59,180],
[34,80,154],
[121,125,168],
[150,170,191],
[101,104,112],
[105,147,162],
[161,167,183],
[156,169,186],
[99,131,184],
[103,137,174],
[124,133,157],
[113,136,165],
[110,128,176],
[134,185,192],
[117,118,179],
[130,135,149],
[98,123,193],
[122,132,160]],

[[11,108,194],
[12,47,175],
[16,94,152],
[36,38,134],
[39,49,141],
[7,54,176],
[32,88,157],
[8,19,159],
[51,93,169],
[17,33,122],
[24,41,178],
[64,76,167],
[45,82,112],
[75,84,128],
[40,85,111],
[59,90,123],
[18,57,183],
[10,46,125],
[6,89,193],
[13,83,145],
[21,80,99],
[61,65,160],
[67,87,174],
[0,3,147],
[53,68,109],
[5,27,113],
[78,91,133],
[23,55,136],
[37,71,151],
[20,44,129],
[56,79,116],
[42,60,148],
[62,69,114],
[72,73,121],
[25,30,173],
[9,81,142],
[1,70,181],
[15,58,182],
[31,52,187],
[14,22,115],
[26,66,143],
[86,92,186],
[28,95,110],
[43,96,118],
[48,74,158],
[2,35,164],
[34,63,97],
[29,77,150],
[4,50,124],
[138,188,192],
[120,140,161],
[168,171,179],
[117,132,172],
[131,137,153],
[126,139,156],
[101,154,166],
[107,144,170],
[103,127,191],
[106,135,180],
[98,146,177],
[104,155,162],
[149,184,185],
[100,105,119],
[163,165,190],
[102,130,189]],

[[55,152,194],
[56,91,122],
[41,60,99],
[80,82,178],
[83,93,185],
[1,51,123],
[35,76,104],
[52,63,106],
[40,95,116],
[61,77,166],
[68,85,125],
[11,23,114],
[29,89,156],
[22,31,172],
[32,84,155],
[6,37,167],
[4,62,130],
[54,90,169],
[36,50,140],
[30,57,189],
[27,65,143],
[8,12,107],
[14,34,121],
[44,47,191],
[0,15,153],
[49,71,157],
[25,38,177],
[2,67,180],
[18,81,98],
[64,88,173],
[3,26,160],
[7,86,192],
[9,16,158],
[19,20,165],
[69,74,120],
[28,53,186],
[17,45,128],
[5,59,129],
[75,96,134],
[58,66,159],
[13,70,187],
[33,39,133],
[42,72,154],
[43,87,162],
[21,92,105],
[46,79,111],
[10,78,141],
[24,73,97],
[48,94,168],
[135,139,182],
[108,164,184],
[115,118,126],
[119,161,176],
[100,175,181],
[103,170,183],
[101,113,145],
[117,151,188],
[138,147,171],
[127,150,179],
[124,142,190],
[102,109,148],
[131,132,193],
[144,149,163],
[110,112,137],
[136,146,174]],

[[81,178,194],
[20,82,148],
[67,86,125],
[9,11,107],
[12,22,114],
[27,77,149],
[5,61,130],
[78,89,132],
[24,66,142],
[6,87,192],
[14,94,151],
[37,49,140],
[18,55,182],
[48,57,101],
[13,58,181],
[32,63,193],
[30,88,156],
[19,80,98],
[62,76,166],
[56,83,118],
[53,91,169],
[34,38,133],
[40,60,147],
[70,73,120],
[26,41,179],
[0,75,183],
[51,64,106],
[28,93,109],
[10,44,124],
[17,90,102],
[29,52,186],
[15,33,121],
[35,42,184],
[45,46,191],
[3,95,146],
[54,79,115],
[43,71,154],
[31,85,155],
[4,25,160],
[84,92,185],
[39,96,116],
[59,65,159],
[1,68,180],
[16,69,188],
[21,47,131],
[8,72,137],
[7,36,167],
[2,50,123],
[23,74,97],
[111,161,165],
[113,134,190],
[141,144,152],
[105,145,187],
[104,110,126],
[99,112,129],
[127,139,171],
[117,143,177],
[100,164,173],
[108,153,176],
[119,150,168],
[128,135,174],
[122,157,158],
[170,175,189],
[136,138,163],
[103,162,172]],

[[17,114,194],
[18,53,181],
[3,22,158],
[42,44,140],
[45,55,147],
[13,60,182],
[38,94,163],
[14,25,165],
[2,57,175],
[23,39,128],
[30,47,184],
[70,82,173],
[51,88,118],
[81,90,134],
[46,91,117],
[65,96,129],
[24,63,189],
[16,52,131],
[12,95,102],
[19,89,151],
[27,86,105],
[67,71,166],
[73,93,180],
[6,9,153],
[59,74,115],
[11,33,119],
[0,84,139],
[29,61,142],
[43,77,157],
[26,50,135],
[62,85,122],
[48,66,154],
[68,75,120],
[78,79,127],
[31,36,179],
[15,87,148],
[7,76,187],
[21,64,188],
[37,58,193],
[20,28,121],
[32,72,149],
[1,92,192],
[4,34,116],
[5,49,124],
[54,80,164],
[8,41,170],
[40,69,103],
[35,83,156],
[10,56,130],
[97,101,144],
[126,146,167],
[174,177,185],
[123,138,178],
[137,143,159],
[132,145,162],
[107,160,172],
[113,150,176],
[100,109,133],
[112,141,186],
[104,152,183],
[110,161,168],
[155,190,191],
[106,111,125],
[99,169,171],
[98,108,136]],

[[85,182,194],
[24,86,152],
[71,90,129],
[13,15,111],
[16,26,118],
[31,81,153],
[9,65,134],
[82,93,136],
[28,70,146],
[10,91,99],
[1,18,155],
[41,53,144],
[22,59,186],
[52,61,105],
[17,62,185],
[36,67,100],
[34,92,160],
[23,84,102],
[66,80,170],
[60,87,122],
[57,95,173],
[38,42,137],
[44,64,151],
[74,77,124],
[30,45,183],
[4,79,187],
[55,68,110],
[0,32,113],
[14,48,128],
[21,94,106],
[33,56,190],
[19,37,125],
[39,46,188],
[49,50,98],
[2,7,150],
[58,83,119],
[47,75,158],
[35,89,159],
[8,29,164],
[88,96,189],
[3,43,120],
[63,69,163],
[5,72,184],
[20,73,192],
[25,51,135],
[12,76,141],
[11,40,171],
[6,54,127],
[27,78,101],
[115,165,169],
[97,117,138],
[145,148,156],
[109,149,191],
[108,114,130],
[103,116,133],
[131,143,175],
[121,147,181],
[104,168,177],
[112,157,180],
[123,154,172],
[132,139,178],
[126,161,162],
[174,179,193],
[140,142,167],
[107,166,176]],

[[37,134,194],
[38,73,104],
[23,42,178],
[62,64,160],
[65,75,167],
[33,80,105],
[17,58,183],
[34,45,185],
[22,77,98],
[43,59,148],
[50,67,107],
[5,90,193],
[11,71,138],
[4,13,154],
[14,66,137],
[19,85,149],
[44,83,112],
[36,72,151],
[18,32,122],
[12,39,171],
[9,47,125],
[87,91,186],
[16,93,103],
[26,29,173],
[79,94,135],
[31,53,139],
[7,20,159],
[49,81,162],
[0,63,177],
[46,70,155],
[8,82,142],
[68,86,174],
[88,95,140],
[1,2,147],
[51,56,102],
[10,35,168],
[27,96,110],
[41,84,111],
[57,78,116],
[40,48,141],
[52,92,169],
[15,21,115],
[24,54,136],
[25,69,144],
[3,74,184],
[28,61,190],
[60,89,123],
[6,55,176],
[30,76,150],
[117,121,164],
[146,166,187],
[97,100,108],
[101,143,158],
[157,163,179],
[152,165,182],
[127,180,192],
[99,133,170],
[120,129,153],
[109,132,161],
[106,124,172],
[130,181,188],
[113,114,175],
[126,131,145],
[119,189,191],
[118,128,156]],

[[88,185,194],
[27,89,155],
[74,93,132],
[16,18,114],
[19,29,121],
[34,84,156],
[12,68,137],
[85,96,139],
[31,73,149],
[13,94,102],
[4,21,158],
[44,56,147],
[25,62,189],
[55,64,108],
[20,65,188],
[39,70,103],
[37,95,163],
[26,87,105],
[69,83,173],
[63,90,125],
[1,60,176],
[41,45,140],
[47,67,154],
[77,80,127],
[33,48,186],
[7,82,190],
[58,71,113],
[3,35,116],
[17,51,131],
[0,24,109],
[36,59,193],
[22,40,128],
[42,49,191],
[52,53,101],
[5,10,153],
[61,86,122],
[50,78,161],
[38,92,162],
[11,32,167],
[2,91,192],
[6,46,123],
[66,72,166],
[8,75,187],
[23,76,98],
[28,54,138],
[15,79,144],
[14,43,174],
[9,57,130],
[30,81,104],
[118,168,172],
[100,120,141],
[148,151,159],
[97,112,152],
[111,117,133],
[106,119,136],
[134,146,178],
[124,150,184],
[107,171,180],
[115,160,183],
[126,157,175],
[135,142,181],
[129,164,165],
[99,177,182],
[143,145,170],
[110,169,179]],

[[52,149,194],
[53,88,119],
[38,57,193],
[77,79,175],
[80,90,182],
[48,95,120],
[32,73,101],
[49,60,103],
[37,92,113],
[58,74,163],
[65,82,122],
[8,20,111],
[26,86,153],
[19,28,169],
[29,81,152],
[3,34,164],
[1,59,127],
[51,87,166],
[33,47,137],
[27,54,186],
[24,62,140],
[5,9,104],
[11,31,118],
[41,44,188],
[12,94,150],
[46,68,154],
[22,35,174],
[64,96,177],
[15,78,192],
[61,85,170],
[0,23,157],
[4,83,189],
[6,13,155],
[16,17,162],
[66,71,117],
[25,50,183],
[14,42,125],
[2,56,126],
[72,93,131],
[55,63,156],
[10,67,184],
[30,36,130],
[39,69,151],
[40,84,159],
[18,89,102],
[43,76,108],
[7,75,138],
[21,70,191],
[45,91,165],
[132,136,179],
[105,161,181],
[112,115,123],
[116,158,173],
[97,172,178],
[100,167,180],
[98,110,142],
[114,148,185],
[135,144,168],
[124,147,176],
[121,139,187],
[99,106,145],
[128,129,190],
[141,146,160],
[107,109,134],
[133,143,171]],

[[66,163,194],
[5,67,133],
[52,71,110],
[91,93,189],
[7,94,99],
[12,62,134],
[46,87,115],
[63,74,117],
[9,51,127],
[72,88,177],
[79,96,136],
[22,34,125],
[3,40,167],
[33,42,183],
[43,95,166],
[17,48,178],
[15,73,141],
[4,65,180],
[47,61,151],
[41,68,103],
[38,76,154],
[19,23,118],
[25,45,132],
[55,58,105],
[11,26,164],
[60,82,168],
[36,49,188],
[13,78,191],
[29,92,109],
[2,75,184],
[14,37,171],
[0,18,106],
[20,27,169],
[30,31,176],
[80,85,131],
[39,64,100],
[28,56,139],
[16,70,140],
[10,86,145],
[69,77,170],
[24,81,101],
[44,50,144],
[53,83,165],
[1,54,173],
[6,32,116],
[57,90,122],
[21,89,152],
[35,84,108],
[8,59,179],
[146,150,193],
[98,119,175],
[126,129,137],
[130,172,187],
[111,186,192],
[97,114,181],
[112,124,156],
[102,128,162],
[149,158,182],
[138,161,190],
[104,135,153],
[113,120,159],
[107,142,143],
[155,160,174],
[121,123,148],
[147,157,185]],

[[39,136,194],
[40,75,106],
[25,44,180],
[64,66,162],
[67,77,169],
[35,82,107],
[19,60,185],
[36,47,187],
[24,79,100],
[45,61,150],
[52,69,109],
[7,92,98],
[13,73,140],
[6,15,156],
[16,68,139],
[21,87,151],
[46,85,114],
[38,74,153],
[20,34,124],
[14,41,173],
[11,49,127],
[89,93,188],
[18,95,105],
[28,31,175],
[81,96,137],
[33,55,141],
[9,22,161],
[51,83,164],
[2,65,179],
[48,72,157],
[10,84,144],
[70,88,176],
[0,90,142],
[3,4,149],
[53,58,104],
[12,37,170],
[1,29,112],
[43,86,113],
[59,80,118],
[42,50,143],
[54,94,171],
[17,23,117],
[26,56,138],
[27,71,146],
[5,76,186],
[30,63,192],
[62,91,125],
[8,57,178],
[32,78,152],
[119,123,166],
[148,168,189],
[99,102,110],
[103,145,160],
[159,165,181],
[154,167,184],
[97,129,182],
[101,135,172],
[122,131,155],
[111,134,163],
[108,126,174],
[132,183,190],
[115,116,177],
[128,133,147],
[121,191,193],
[120,130,158]]

]
