[[[0,63,126],
[1,64,128],
[2,65,129],
[3,66,130],
[4,67,131],
[5,68,132],
[6,69,133],
[7,70,134],
[8,71,127],
[9,72,144],
[10,73,146],
[11,74,147],
[12,75,148],
[13,76,149],
[14,77,150],
[15,78,151],
[16,79,152],
[17,80,145],
[18,81,162],
[19,82,164],
[20,83,165],
[21,84,166],
[22,85,167],
[23,86,168],
[24,87,169],
[25,88,170],
[26,89,163],
[27,90,180],
[28,91,182],
[29,92,183],
[30,93,184],
[31,94,185],
[32,95,186],
[33,96,187],
[34,97,188],
[35,98,181],
[36,99,135],
[37,100,137],
[38,101,138],
[39,102,139],
[40,103,140],
[41,104,141],
[42,105,142],
[43,106,143],
[44,107,136],
[45,108,153],
[46,109,155],
[47,110,156],
[48,111,157],
[49,112,158],
[50,113,159],
[51,114,160],
[52,115,161],
[53,116,154],
[54,117,171],
[55,118,173],
[56,119,174],
[57,120,175],
[58,121,176],
[59,122,177],
[60,123,178],
[61,124,179],
[62,125,172]],

[[0,64,127],
[1,68,134],
[2,71,130],
[3,67,132],
[4,69,126],
[5,63,129],
[6,66,128],
[7,65,133],
[8,70,131],
[9,73,145],
[10,77,152],
[11,80,148],
[12,76,150],
[13,78,144],
[14,72,147],
[15,75,146],
[16,74,151],
[17,79,149],
[18,82,163],
[19,86,170],
[20,89,166],
[21,85,168],
[22,87,162],
[23,81,165],
[24,84,164],
[25,83,169],
[26,88,167],
[27,91,181],
[28,95,188],
[29,98,184],
[30,94,186],
[31,96,180],
[32,90,183],
[33,93,182],
[34,92,187],
[35,97,185],
[36,100,136],
[37,104,143],
[38,107,139],
[39,103,141],
[40,105,135],
[41,99,138],
[42,102,137],
[43,101,142],
[44,106,140],
[45,109,154],
[46,113,161],
[47,116,157],
[48,112,159],
[49,114,153],
[50,108,156],
[51,111,155],
[52,110,160],
[53,115,158],
[54,118,172],
[55,122,179],
[56,125,175],
[57,121,177],
[58,123,171],
[59,117,174],
[60,120,173],
[61,119,178],
[62,124,176]],

[[0,65,128],
[1,71,132],
[2,69,127],
[3,64,131],
[4,68,133],
[5,70,126],
[6,63,130],
[7,67,129],
[8,66,134],
[9,74,146],
[10,80,150],
[11,78,145],
[12,73,149],
[13,77,151],
[14,79,144],
[15,72,148],
[16,76,147],
[17,75,152],
[18,83,164],
[19,89,168],
[20,87,163],
[21,82,167],
[22,86,169],
[23,88,162],
[24,81,166],
[25,85,165],
[26,84,170],
[27,92,182],
[28,98,186],
[29,96,181],
[30,91,185],
[31,95,187],
[32,97,180],
[33,90,184],
[34,94,183],
[35,93,188],
[36,101,137],
[37,107,141],
[38,105,136],
[39,100,140],
[40,104,142],
[41,106,135],
[42,99,139],
[43,103,138],
[44,102,143],
[45,110,155],
[46,116,159],
[47,114,154],
[48,109,158],
[49,113,160],
[50,115,153],
[51,108,157],
[52,112,156],
[53,111,161],
[54,119,173],
[55,125,177],
[56,123,172],
[57,118,176],
[58,122,178],
[59,124,171],
[60,117,175],
[61,121,174],
[62,120,179]],

[[0,66,129],
[1,67,127],
[2,64,133],
[3,70,128],
[4,65,132],
[5,69,134],
[6,71,126],
[7,63,131],
[8,68,130],
[9,75,147],
[10,76,145],
[11,73,151],
[12,79,146],
[13,74,150],
[14,78,152],
[15,80,144],
[16,72,149],
[17,77,148],
[18,84,165],
[19,85,163],
[20,82,169],
[21,88,164],
[22,83,168],
[23,87,170],
[24,89,162],
[25,81,167],
[26,86,166],
[27,93,183],
[28,94,181],
[29,91,187],
[30,97,182],
[31,92,186],
[32,96,188],
[33,98,180],
[34,90,185],
[35,95,184],
[36,102,138],
[37,103,136],
[38,100,142],
[39,106,137],
[40,101,141],
[41,105,143],
[42,107,135],
[43,99,140],
[44,104,139],
[45,111,156],
[46,112,154],
[47,109,160],
[48,115,155],
[49,110,159],
[50,114,161],
[51,116,153],
[52,108,158],
[53,113,157],
[54,120,174],
[55,121,172],
[56,118,178],
[57,124,173],
[58,119,177],
[59,123,179],
[60,125,171],
[61,117,176],
[62,122,175]],

[[0,67,130],
[1,69,131],
[2,68,128],
[3,65,134],
[4,71,129],
[5,66,133],
[6,70,127],
[7,64,126],
[8,63,132],
[9,76,148],
[10,78,149],
[11,77,146],
[12,74,152],
[13,80,147],
[14,75,151],
[15,79,145],
[16,73,144],
[17,72,150],
[18,85,166],
[19,87,167],
[20,86,164],
[21,83,170],
[22,89,165],
[23,84,169],
[24,88,163],
[25,82,162],
[26,81,168],
[27,94,184],
[28,96,185],
[29,95,182],
[30,92,188],
[31,98,183],
[32,93,187],
[33,97,181],
[34,91,180],
[35,90,186],
[36,103,139],
[37,105,140],
[38,104,137],
[39,101,143],
[40,107,138],
[41,102,142],
[42,106,136],
[43,100,135],
[44,99,141],
[45,112,157],
[46,114,158],
[47,113,155],
[48,110,161],
[49,116,156],
[50,111,160],
[51,115,154],
[52,109,153],
[53,108,159],
[54,121,175],
[55,123,176],
[56,122,173],
[57,119,179],
[58,125,174],
[59,120,178],
[60,124,172],
[61,118,171],
[62,117,177]],

[[0,68,131],
[1,63,133],
[2,70,132],
[3,69,129],
[4,66,127],
[5,64,130],
[6,67,134],
[7,71,128],
[8,65,126],
[9,77,149],
[10,72,151],
[11,79,150],
[12,78,147],
[13,75,145],
[14,73,148],
[15,76,152],
[16,80,146],
[17,74,144],
[18,86,167],
[19,81,169],
[20,88,168],
[21,87,165],
[22,84,163],
[23,82,166],
[24,85,170],
[25,89,164],
[26,83,162],
[27,95,185],
[28,90,187],
[29,97,186],
[30,96,183],
[31,93,181],
[32,91,184],
[33,94,188],
[34,98,182],
[35,92,180],
[36,104,140],
[37,99,142],
[38,106,141],
[39,105,138],
[40,102,136],
[41,100,139],
[42,103,143],
[43,107,137],
[44,101,135],
[45,113,158],
[46,108,160],
[47,115,159],
[48,114,156],
[49,111,154],
[50,109,157],
[51,112,161],
[52,116,155],
[53,110,153],
[54,122,176],
[55,117,178],
[56,124,177],
[57,123,174],
[58,120,172],
[59,118,175],
[60,121,179],
[61,125,173],
[62,119,171]],

[[0,69,132],
[1,66,126],
[2,63,134],
[3,71,133],
[4,70,130],
[5,67,128],
[6,65,131],
[7,68,127],
[8,64,129],
[9,78,150],
[10,75,144],
[11,72,152],
[12,80,151],
[13,79,148],
[14,76,146],
[15,74,149],
[16,77,145],
[17,73,147],
[18,87,168],
[19,84,162],
[20,81,170],
[21,89,169],
[22,88,166],
[23,85,164],
[24,83,167],
[25,86,163],
[26,82,165],
[27,96,186],
[28,93,180],
[29,90,188],
[30,98,187],
[31,97,184],
[32,94,182],
[33,92,185],
[34,95,181],
[35,91,183],
[36,105,141],
[37,102,135],
[38,99,143],
[39,107,142],
[40,106,139],
[41,103,137],
[42,101,140],
[43,104,136],
[44,100,138],
[45,114,159],
[46,111,153],
[47,108,161],
[48,116,160],
[49,115,157],
[50,112,155],
[51,110,158],
[52,113,154],
[53,109,156],
[54,123,177],
[55,120,171],
[56,117,179],
[57,125,178],
[58,124,175],
[59,121,173],
[60,119,176],
[61,122,172],
[62,118,174]],

[[0,70,133],
[1,65,130],
[2,67,126],
[3,63,127],
[4,64,134],
[5,71,131],
[6,68,129],
[7,66,132],
[8,69,128],
[9,79,151],
[10,74,148],
[11,76,144],
[12,72,145],
[13,73,152],
[14,80,149],
[15,77,147],
[16,75,150],
[17,78,146],
[18,88,169],
[19,83,166],
[20,85,162],
[21,81,163],
[22,82,170],
[23,89,167],
[24,86,165],
[25,84,168],
[26,87,164],
[27,97,187],
[28,92,184],
[29,94,180],
[30,90,181],
[31,91,188],
[32,98,185],
[33,95,183],
[34,93,186],
[35,96,182],
[36,106,142],
[37,101,139],
[38,103,135],
[39,99,136],
[40,100,143],
[41,107,140],
[42,104,138],
[43,102,141],
[44,105,137],
[45,115,160],
[46,110,157],
[47,112,153],
[48,108,154],
[49,109,161],
[50,116,158],
[51,113,156],
[52,111,159],
[53,114,155],
[54,124,178],
[55,119,175],
[56,121,171],
[57,117,172],
[58,118,179],
[59,125,176],
[60,122,174],
[61,120,177],
[62,123,173]],

[[0,71,134],
[1,70,129],
[2,66,131],
[3,68,126],
[4,63,128],
[5,65,127],
[6,64,132],
[7,69,130],
[8,67,133],
[9,80,152],
[10,79,147],
[11,75,149],
[12,77,144],
[13,72,146],
[14,74,145],
[15,73,150],
[16,78,148],
[17,76,151],
[18,89,170],
[19,88,165],
[20,84,167],
[21,86,162],
[22,81,164],
[23,83,163],
[24,82,168],
[25,87,166],
[26,85,169],
[27,98,188],
[28,97,183],
[29,93,185],
[30,95,180],
[31,90,182],
[32,92,181],
[33,91,186],
[34,96,184],
[35,94,187],
[36,107,143],
[37,106,138],
[38,102,140],
[39,104,135],
[40,99,137],
[41,101,136],
[42,100,141],
[43,105,139],
[44,103,142],
[45,116,161],
[46,115,156],
[47,111,158],
[48,113,153],
[49,108,155],
[50,110,154],
[51,109,159],
[52,114,157],
[53,112,160],
[54,125,179],
[55,124,174],
[56,120,176],
[57,122,171],
[58,117,173],
[59,119,172],
[60,118,177],
[61,123,175],
[62,121,178]],

[[0,72,135],
[1,73,137],
[2,74,138],
[3,75,139],
[4,76,140],
[5,77,141],
[6,78,142],
[7,79,143],
[8,80,136],
[9,81,153],
[10,82,155],
[11,83,156],
[12,84,157],
[13,85,158],
[14,86,159],
[15,87,160],
[16,88,161],
[17,89,154],
[18,90,171],
[19,91,173],
[20,92,174],
[21,93,175],
[22,94,176],
[23,95,177],
[24,96,178],
[25,97,179],
[26,98,172],
[27,99,126],
[28,100,128],
[29,101,129],
[30,102,130],
[31,103,131],
[32,104,132],
[33,105,133],
[34,106,134],
[35,107,127],
[36,108,144],
[37,109,146],
[38,110,147],
[39,111,148],
[40,112,149],
[41,113,150],
[42,114,151],
[43,115,152],
[44,116,145],
[45,117,162],
[46,118,164],
[47,119,165],
[48,120,166],
[49,121,167],
[50,122,168],
[51,123,169],
[52,124,170],
[53,125,163],
[54,63,180],
[55,64,182],
[56,65,183],
[57,66,184],
[58,67,185],
[59,68,186],
[60,69,187],
[61,70,188],
[62,71,181]],

[[0,73,136],
[1,77,143],
[2,80,139],
[3,76,141],
[4,78,135],
[5,72,138],
[6,75,137],
[7,74,142],
[8,79,140],
[9,82,154],
[10,86,161],
[11,89,157],
[12,85,159],
[13,87,153],
[14,81,156],
[15,84,155],
[16,83,160],
[17,88,158],
[18,91,172],
[19,95,179],
[20,98,175],
[21,94,177],
[22,96,171],
[23,90,174],
[24,93,173],
[25,92,178],
[26,97,176],
[27,100,127],
[28,104,134],
[29,107,130],
[30,103,132],
[31,105,126],
[32,99,129],
[33,102,128],
[34,101,133],
[35,106,131],
[36,109,145],
[37,113,152],
[38,116,148],
[39,112,150],
[40,114,144],
[41,108,147],
[42,111,146],
[43,110,151],
[44,115,149],
[45,118,163],
[46,122,170],
[47,125,166],
[48,121,168],
[49,123,162],
[50,117,165],
[51,120,164],
[52,119,169],
[53,124,167],
[54,64,181],
[55,68,188],
[56,71,184],
[57,67,186],
[58,69,180],
[59,63,183],
[60,66,182],
[61,65,187],
[62,70,185]],

[[0,74,137],
[1,80,141],
[2,78,136],
[3,73,140],
[4,77,142],
[5,79,135],
[6,72,139],
[7,76,138],
[8,75,143],
[9,83,155],
[10,89,159],
[11,87,154],
[12,82,158],
[13,86,160],
[14,88,153],
[15,81,157],
[16,85,156],
[17,84,161],
[18,92,173],
[19,98,177],
[20,96,172],
[21,91,176],
[22,95,178],
[23,97,171],
[24,90,175],
[25,94,174],
[26,93,179],
[27,101,128],
[28,107,132],
[29,105,127],
[30,100,131],
[31,104,133],
[32,106,126],
[33,99,130],
[34,103,129],
[35,102,134],
[36,110,146],
[37,116,150],
[38,114,145],
[39,109,149],
[40,113,151],
[41,115,144],
[42,108,148],
[43,112,147],
[44,111,152],
[45,119,164],
[46,125,168],
[47,123,163],
[48,118,167],
[49,122,169],
[50,124,162],
[51,117,166],
[52,121,165],
[53,120,170],
[54,65,182],
[55,71,186],
[56,69,181],
[57,64,185],
[58,68,187],
[59,70,180],
[60,63,184],
[61,67,183],
[62,66,188]],

[[0,75,138],
[1,76,136],
[2,73,142],
[3,79,137],
[4,74,141],
[5,78,143],
[6,80,135],
[7,72,140],
[8,77,139],
[9,84,156],
[10,85,154],
[11,82,160],
[12,88,155],
[13,83,159],
[14,87,161],
[15,89,153],
[16,81,158],
[17,86,157],
[18,93,174],
[19,94,172],
[20,91,178],
[21,97,173],
[22,92,177],
[23,96,179],
[24,98,171],
[25,90,176],
[26,95,175],
[27,102,129],
[28,103,127],
[29,100,133],
[30,106,128],
[31,101,132],
[32,105,134],
[33,107,126],
[34,99,131],
[35,104,130],
[36,111,147],
[37,112,145],
[38,109,151],
[39,115,146],
[40,110,150],
[41,114,152],
[42,116,144],
[43,108,149],
[44,113,148],
[45,120,165],
[46,121,163],
[47,118,169],
[48,124,164],
[49,119,168],
[50,123,170],
[51,125,162],
[52,117,167],
[53,122,166],
[54,66,183],
[55,67,181],
[56,64,187],
[57,70,182],
[58,65,186],
[59,69,188],
[60,71,180],
[61,63,185],
[62,68,184]],

[[0,76,139],
[1,78,140],
[2,77,137],
[3,74,143],
[4,80,138],
[5,75,142],
[6,79,136],
[7,73,135],
[8,72,141],
[9,85,157],
[10,87,158],
[11,86,155],
[12,83,161],
[13,89,156],
[14,84,160],
[15,88,154],
[16,82,153],
[17,81,159],
[18,94,175],
[19,96,176],
[20,95,173],
[21,92,179],
[22,98,174],
[23,93,178],
[24,97,172],
[25,91,171],
[26,90,177],
[27,103,130],
[28,105,131],
[29,104,128],
[30,101,134],
[31,107,129],
[32,102,133],
[33,106,127],
[34,100,126],
[35,99,132],
[36,112,148],
[37,114,149],
[38,113,146],
[39,110,152],
[40,116,147],
[41,111,151],
[42,115,145],
[43,109,144],
[44,108,150],
[45,121,166],
[46,123,167],
[47,122,164],
[48,119,170],
[49,125,165],
[50,120,169],
[51,124,163],
[52,118,162],
[53,117,168],
[54,67,184],
[55,69,185],
[56,68,182],
[57,65,188],
[58,71,183],
[59,66,187],
[60,70,181],
[61,64,180],
[62,63,186]],

[[0,77,140],
[1,72,142],
[2,79,141],
[3,78,138],
[4,75,136],
[5,73,139],
[6,76,143],
[7,80,137],
[8,74,135],
[9,86,158],
[10,81,160],
[11,88,159],
[12,87,156],
[13,84,154],
[14,82,157],
[15,85,161],
[16,89,155],
[17,83,153],
[18,95,176],
[19,90,178],
[20,97,177],
[21,96,174],
[22,93,172],
[23,91,175],
[24,94,179],
[25,98,173],
[26,92,171],
[27,104,131],
[28,99,133],
[29,106,132],
[30,105,129],
[31,102,127],
[32,100,130],
[33,103,134],
[34,107,128],
[35,101,126],
[36,113,149],
[37,108,151],
[38,115,150],
[39,114,147],
[40,111,145],
[41,109,148],
[42,112,152],
[43,116,146],
[44,110,144],
[45,122,167],
[46,117,169],
[47,124,168],
[48,123,165],
[49,120,163],
[50,118,166],
[51,121,170],
[52,125,164],
[53,119,162],
[54,68,185],
[55,63,187],
[56,70,186],
[57,69,183],
[58,66,181],
[59,64,184],
[60,67,188],
[61,71,182],
[62,65,180]],

[[0,78,141],
[1,75,135],
[2,72,143],
[3,80,142],
[4,79,139],
[5,76,137],
[6,74,140],
[7,77,136],
[8,73,138],
[9,87,159],
[10,84,153],
[11,81,161],
[12,89,160],
[13,88,157],
[14,85,155],
[15,83,158],
[16,86,154],
[17,82,156],
[18,96,177],
[19,93,171],
[20,90,179],
[21,98,178],
[22,97,175],
[23,94,173],
[24,92,176],
[25,95,172],
[26,91,174],
[27,105,132],
[28,102,126],
[29,99,134],
[30,107,133],
[31,106,130],
[32,103,128],
[33,101,131],
[34,104,127],
[35,100,129],
[36,114,150],
[37,111,144],
[38,108,152],
[39,116,151],
[40,115,148],
[41,112,146],
[42,110,149],
[43,113,145],
[44,109,147],
[45,123,168],
[46,120,162],
[47,117,170],
[48,125,169],
[49,124,166],
[50,121,164],
[51,119,167],
[52,122,163],
[53,118,165],
[54,69,186],
[55,66,180],
[56,63,188],
[57,71,187],
[58,70,184],
[59,67,182],
[60,65,185],
[61,68,181],
[62,64,183]],

[[0,79,142],
[1,74,139],
[2,76,135],
[3,72,136],
[4,73,143],
[5,80,140],
[6,77,138],
[7,75,141],
[8,78,137],
[9,88,160],
[10,83,157],
[11,85,153],
[12,81,154],
[13,82,161],
[14,89,158],
[15,86,156],
[16,84,159],
[17,87,155],
[18,97,178],
[19,92,175],
[20,94,171],
[21,90,172],
[22,91,179],
[23,98,176],
[24,95,174],
[25,93,177],
[26,96,173],
[27,106,133],
[28,101,130],
[29,103,126],
[30,99,127],
[31,100,134],
[32,107,131],
[33,104,129],
[34,102,132],
[35,105,128],
[36,115,151],
[37,110,148],
[38,112,144],
[39,108,145],
[40,109,152],
[41,116,149],
[42,113,147],
[43,111,150],
[44,114,146],
[45,124,169],
[46,119,166],
[47,121,162],
[48,117,163],
[49,118,170],
[50,125,167],
[51,122,165],
[52,120,168],
[53,123,164],
[54,70,187],
[55,65,184],
[56,67,180],
[57,63,181],
[58,64,188],
[59,71,185],
[60,68,183],
[61,66,186],
[62,69,182]],

[[0,80,143],
[1,79,138],
[2,75,140],
[3,77,135],
[4,72,137],
[5,74,136],
[6,73,141],
[7,78,139],
[8,76,142],
[9,89,161],
[10,88,156],
[11,84,158],
[12,86,153],
[13,81,155],
[14,83,154],
[15,82,159],
[16,87,157],
[17,85,160],
[18,98,179],
[19,97,174],
[20,93,176],
[21,95,171],
[22,90,173],
[23,92,172],
[24,91,177],
[25,96,175],
[26,94,178],
[27,107,134],
[28,106,129],
[29,102,131],
[30,104,126],
[31,99,128],
[32,101,127],
[33,100,132],
[34,105,130],
[35,103,133],
[36,116,152],
[37,115,147],
[38,111,149],
[39,113,144],
[40,108,146],
[41,110,145],
[42,109,150],
[43,114,148],
[44,112,151],
[45,125,170],
[46,124,165],
[47,120,167],
[48,122,162],
[49,117,164],
[50,119,163],
[51,118,168],
[52,123,166],
[53,121,169],
[54,71,188],
[55,70,183],
[56,66,185],
[57,68,180],
[58,63,182],
[59,65,181],
[60,64,186],
[61,69,184],
[62,67,187]],

[[0,81,144],
[1,82,146],
[2,83,147],
[3,84,148],
[4,85,149],
[5,86,150],
[6,87,151],
[7,88,152],
[8,89,145],
[9,90,162],
[10,91,164],
[11,92,165],
[12,93,166],
[13,94,167],
[14,95,168],
[15,96,169],
[16,97,170],
[17,98,163],
[18,99,180],
[19,100,182],
[20,101,183],
[21,102,184],
[22,103,185],
[23,104,186],
[24,105,187],
[25,106,188],
[26,107,181],
[27,108,135],
[28,109,137],
[29,110,138],
[30,111,139],
[31,112,140],
[32,113,141],
[33,114,142],
[34,115,143],
[35,116,136],
[36,117,153],
[37,118,155],
[38,119,156],
[39,120,157],
[40,121,158],
[41,122,159],
[42,123,160],
[43,124,161],
[44,125,154],
[45,63,171],
[46,64,173],
[47,65,174],
[48,66,175],
[49,67,176],
[50,68,177],
[51,69,178],
[52,70,179],
[53,71,172],
[54,72,126],
[55,73,128],
[56,74,129],
[57,75,130],
[58,76,131],
[59,77,132],
[60,78,133],
[61,79,134],
[62,80,127]],

[[0,82,145],
[1,86,152],
[2,89,148],
[3,85,150],
[4,87,144],
[5,81,147],
[6,84,146],
[7,83,151],
[8,88,149],
[9,91,163],
[10,95,170],
[11,98,166],
[12,94,168],
[13,96,162],
[14,90,165],
[15,93,164],
[16,92,169],
[17,97,167],
[18,100,181],
[19,104,188],
[20,107,184],
[21,103,186],
[22,105,180],
[23,99,183],
[24,102,182],
[25,101,187],
[26,106,185],
[27,109,136],
[28,113,143],
[29,116,139],
[30,112,141],
[31,114,135],
[32,108,138],
[33,111,137],
[34,110,142],
[35,115,140],
[36,118,154],
[37,122,161],
[38,125,157],
[39,121,159],
[40,123,153],
[41,117,156],
[42,120,155],
[43,119,160],
[44,124,158],
[45,64,172],
[46,68,179],
[47,71,175],
[48,67,177],
[49,69,171],
[50,63,174],
[51,66,173],
[52,65,178],
[53,70,176],
[54,73,127],
[55,77,134],
[56,80,130],
[57,76,132],
[58,78,126],
[59,72,129],
[60,75,128],
[61,74,133],
[62,79,131]],

[[0,83,146],
[1,89,150],
[2,87,145],
[3,82,149],
[4,86,151],
[5,88,144],
[6,81,148],
[7,85,147],
[8,84,152],
[9,92,164],
[10,98,168],
[11,96,163],
[12,91,167],
[13,95,169],
[14,97,162],
[15,90,166],
[16,94,165],
[17,93,170],
[18,101,182],
[19,107,186],
[20,105,181],
[21,100,185],
[22,104,187],
[23,106,180],
[24,99,184],
[25,103,183],
[26,102,188],
[27,110,137],
[28,116,141],
[29,114,136],
[30,109,140],
[31,113,142],
[32,115,135],
[33,108,139],
[34,112,138],
[35,111,143],
[36,119,155],
[37,125,159],
[38,123,154],
[39,118,158],
[40,122,160],
[41,124,153],
[42,117,157],
[43,121,156],
[44,120,161],
[45,65,173],
[46,71,177],
[47,69,172],
[48,64,176],
[49,68,178],
[50,70,171],
[51,63,175],
[52,67,174],
[53,66,179],
[54,74,128],
[55,80,132],
[56,78,127],
[57,73,131],
[58,77,133],
[59,79,126],
[60,72,130],
[61,76,129],
[62,75,134]],

[[0,84,147],
[1,85,145],
[2,82,151],
[3,88,146],
[4,83,150],
[5,87,152],
[6,89,144],
[7,81,149],
[8,86,148],
[9,93,165],
[10,94,163],
[11,91,169],
[12,97,164],
[13,92,168],
[14,96,170],
[15,98,162],
[16,90,167],
[17,95,166],
[18,102,183],
[19,103,181],
[20,100,187],
[21,106,182],
[22,101,186],
[23,105,188],
[24,107,180],
[25,99,185],
[26,104,184],
[27,111,138],
[28,112,136],
[29,109,142],
[30,115,137],
[31,110,141],
[32,114,143],
[33,116,135],
[34,108,140],
[35,113,139],
[36,120,156],
[37,121,154],
[38,118,160],
[39,124,155],
[40,119,159],
[41,123,161],
[42,125,153],
[43,117,158],
[44,122,157],
[45,66,174],
[46,67,172],
[47,64,178],
[48,70,173],
[49,65,177],
[50,69,179],
[51,71,171],
[52,63,176],
[53,68,175],
[54,75,129],
[55,76,127],
[56,73,133],
[57,79,128],
[58,74,132],
[59,78,134],
[60,80,126],
[61,72,131],
[62,77,130]],

[[0,85,148],
[1,87,149],
[2,86,146],
[3,83,152],
[4,89,147],
[5,84,151],
[6,88,145],
[7,82,144],
[8,81,150],
[9,94,166],
[10,96,167],
[11,95,164],
[12,92,170],
[13,98,165],
[14,93,169],
[15,97,163],
[16,91,162],
[17,90,168],
[18,103,184],
[19,105,185],
[20,104,182],
[21,101,188],
[22,107,183],
[23,102,187],
[24,106,181],
[25,100,180],
[26,99,186],
[27,112,139],
[28,114,140],
[29,113,137],
[30,110,143],
[31,116,138],
[32,111,142],
[33,115,136],
[34,109,135],
[35,108,141],
[36,121,157],
[37,123,158],
[38,122,155],
[39,119,161],
[40,125,156],
[41,120,160],
[42,124,154],
[43,118,153],
[44,117,159],
[45,67,175],
[46,69,176],
[47,68,173],
[48,65,179],
[49,71,174],
[50,66,178],
[51,70,172],
[52,64,171],
[53,63,177],
[54,76,130],
[55,78,131],
[56,77,128],
[57,74,134],
[58,80,129],
[59,75,133],
[60,79,127],
[61,73,126],
[62,72,132]],

[[0,86,149],
[1,81,151],
[2,88,150],
[3,87,147],
[4,84,145],
[5,82,148],
[6,85,152],
[7,89,146],
[8,83,144],
[9,95,167],
[10,90,169],
[11,97,168],
[12,96,165],
[13,93,163],
[14,91,166],
[15,94,170],
[16,98,164],
[17,92,162],
[18,104,185],
[19,99,187],
[20,106,186],
[21,105,183],
[22,102,181],
[23,100,184],
[24,103,188],
[25,107,182],
[26,101,180],
[27,113,140],
[28,108,142],
[29,115,141],
[30,114,138],
[31,111,136],
[32,109,139],
[33,112,143],
[34,116,137],
[35,110,135],
[36,122,158],
[37,117,160],
[38,124,159],
[39,123,156],
[40,120,154],
[41,118,157],
[42,121,161],
[43,125,155],
[44,119,153],
[45,68,176],
[46,63,178],
[47,70,177],
[48,69,174],
[49,66,172],
[50,64,175],
[51,67,179],
[52,71,173],
[53,65,171],
[54,77,131],
[55,72,133],
[56,79,132],
[57,78,129],
[58,75,127],
[59,73,130],
[60,76,134],
[61,80,128],
[62,74,126]],

[[0,87,150],
[1,84,144],
[2,81,152],
[3,89,151],
[4,88,148],
[5,85,146],
[6,83,149],
[7,86,145],
[8,82,147],
[9,96,168],
[10,93,162],
[11,90,170],
[12,98,169],
[13,97,166],
[14,94,164],
[15,92,167],
[16,95,163],
[17,91,165],
[18,105,186],
[19,102,180],
[20,99,188],
[21,107,187],
[22,106,184],
[23,103,182],
[24,101,185],
[25,104,181],
[26,100,183],
[27,114,141],
[28,111,135],
[29,108,143],
[30,116,142],
[31,115,139],
[32,112,137],
[33,110,140],
[34,113,136],
[35,109,138],
[36,123,159],
[37,120,153],
[38,117,161],
[39,125,160],
[40,124,157],
[41,121,155],
[42,119,158],
[43,122,154],
[44,118,156],
[45,69,177],
[46,66,171],
[47,63,179],
[48,71,178],
[49,70,175],
[50,67,173],
[51,65,176],
[52,68,172],
[53,64,174],
[54,78,132],
[55,75,126],
[56,72,134],
[57,80,133],
[58,79,130],
[59,76,128],
[60,74,131],
[61,77,127],
[62,73,129]],

[[0,88,151],
[1,83,148],
[2,85,144],
[3,81,145],
[4,82,152],
[5,89,149],
[6,86,147],
[7,84,150],
[8,87,146],
[9,97,169],
[10,92,166],
[11,94,162],
[12,90,163],
[13,91,170],
[14,98,167],
[15,95,165],
[16,93,168],
[17,96,164],
[18,106,187],
[19,101,184],
[20,103,180],
[21,99,181],
[22,100,188],
[23,107,185],
[24,104,183],
[25,102,186],
[26,105,182],
[27,115,142],
[28,110,139],
[29,112,135],
[30,108,136],
[31,109,143],
[32,116,140],
[33,113,138],
[34,111,141],
[35,114,137],
[36,124,160],
[37,119,157],
[38,121,153],
[39,117,154],
[40,118,161],
[41,125,158],
[42,122,156],
[43,120,159],
[44,123,155],
[45,70,178],
[46,65,175],
[47,67,171],
[48,63,172],
[49,64,179],
[50,71,176],
[51,68,174],
[52,66,177],
[53,69,173],
[54,79,133],
[55,74,130],
[56,76,126],
[57,72,127],
[58,73,134],
[59,80,131],
[60,77,129],
[61,75,132],
[62,78,128]],

[[0,89,152],
[1,88,147],
[2,84,149],
[3,86,144],
[4,81,146],
[5,83,145],
[6,82,150],
[7,87,148],
[8,85,151],
[9,98,170],
[10,97,165],
[11,93,167],
[12,95,162],
[13,90,164],
[14,92,163],
[15,91,168],
[16,96,166],
[17,94,169],
[18,107,188],
[19,106,183],
[20,102,185],
[21,104,180],
[22,99,182],
[23,101,181],
[24,100,186],
[25,105,184],
[26,103,187],
[27,116,143],
[28,115,138],
[29,111,140],
[30,113,135],
[31,108,137],
[32,110,136],
[33,109,141],
[34,114,139],
[35,112,142],
[36,125,161],
[37,124,156],
[38,120,158],
[39,122,153],
[40,117,155],
[41,119,154],
[42,118,159],
[43,123,157],
[44,121,160],
[45,71,179],
[46,70,174],
[47,66,176],
[48,68,171],
[49,63,173],
[50,65,172],
[51,64,177],
[52,69,175],
[53,67,178],
[54,80,134],
[55,79,129],
[56,75,131],
[57,77,126],
[58,72,128],
[59,74,127],
[60,73,132],
[61,78,130],
[62,76,133]],

[[0,90,153],
[1,91,155],
[2,92,156],
[3,93,157],
[4,94,158],
[5,95,159],
[6,96,160],
[7,97,161],
[8,98,154],
[9,99,171],
[10,100,173],
[11,101,174],
[12,102,175],
[13,103,176],
[14,104,177],
[15,105,178],
[16,106,179],
[17,107,172],
[18,108,126],
[19,109,128],
[20,110,129],
[21,111,130],
[22,112,131],
[23,113,132],
[24,114,133],
[25,115,134],
[26,116,127],
[27,117,144],
[28,118,146],
[29,119,147],
[30,120,148],
[31,121,149],
[32,122,150],
[33,123,151],
[34,124,152],
[35,125,145],
[36,63,162],
[37,64,164],
[38,65,165],
[39,66,166],
[40,67,167],
[41,68,168],
[42,69,169],
[43,70,170],
[44,71,163],
[45,72,180],
[46,73,182],
[47,74,183],
[48,75,184],
[49,76,185],
[50,77,186],
[51,78,187],
[52,79,188],
[53,80,181],
[54,81,135],
[55,82,137],
[56,83,138],
[57,84,139],
[58,85,140],
[59,86,141],
[60,87,142],
[61,88,143],
[62,89,136]],

[[0,91,154],
[1,95,161],
[2,98,157],
[3,94,159],
[4,96,153],
[5,90,156],
[6,93,155],
[7,92,160],
[8,97,158],
[9,100,172],
[10,104,179],
[11,107,175],
[12,103,177],
[13,105,171],
[14,99,174],
[15,102,173],
[16,101,178],
[17,106,176],
[18,109,127],
[19,113,134],
[20,116,130],
[21,112,132],
[22,114,126],
[23,108,129],
[24,111,128],
[25,110,133],
[26,115,131],
[27,118,145],
[28,122,152],
[29,125,148],
[30,121,150],
[31,123,144],
[32,117,147],
[33,120,146],
[34,119,151],
[35,124,149],
[36,64,163],
[37,68,170],
[38,71,166],
[39,67,168],
[40,69,162],
[41,63,165],
[42,66,164],
[43,65,169],
[44,70,167],
[45,73,181],
[46,77,188],
[47,80,184],
[48,76,186],
[49,78,180],
[50,72,183],
[51,75,182],
[52,74,187],
[53,79,185],
[54,82,136],
[55,86,143],
[56,89,139],
[57,85,141],
[58,87,135],
[59,81,138],
[60,84,137],
[61,83,142],
[62,88,140]],

[[0,92,155],
[1,98,159],
[2,96,154],
[3,91,158],
[4,95,160],
[5,97,153],
[6,90,157],
[7,94,156],
[8,93,161],
[9,101,173],
[10,107,177],
[11,105,172],
[12,100,176],
[13,104,178],
[14,106,171],
[15,99,175],
[16,103,174],
[17,102,179],
[18,110,128],
[19,116,132],
[20,114,127],
[21,109,131],
[22,113,133],
[23,115,126],
[24,108,130],
[25,112,129],
[26,111,134],
[27,119,146],
[28,125,150],
[29,123,145],
[30,118,149],
[31,122,151],
[32,124,144],
[33,117,148],
[34,121,147],
[35,120,152],
[36,65,164],
[37,71,168],
[38,69,163],
[39,64,167],
[40,68,169],
[41,70,162],
[42,63,166],
[43,67,165],
[44,66,170],
[45,74,182],
[46,80,186],
[47,78,181],
[48,73,185],
[49,77,187],
[50,79,180],
[51,72,184],
[52,76,183],
[53,75,188],
[54,83,137],
[55,89,141],
[56,87,136],
[57,82,140],
[58,86,142],
[59,88,135],
[60,81,139],
[61,85,138],
[62,84,143]],

[[0,93,156],
[1,94,154],
[2,91,160],
[3,97,155],
[4,92,159],
[5,96,161],
[6,98,153],
[7,90,158],
[8,95,157],
[9,102,174],
[10,103,172],
[11,100,178],
[12,106,173],
[13,101,177],
[14,105,179],
[15,107,171],
[16,99,176],
[17,104,175],
[18,111,129],
[19,112,127],
[20,109,133],
[21,115,128],
[22,110,132],
[23,114,134],
[24,116,126],
[25,108,131],
[26,113,130],
[27,120,147],
[28,121,145],
[29,118,151],
[30,124,146],
[31,119,150],
[32,123,152],
[33,125,144],
[34,117,149],
[35,122,148],
[36,66,165],
[37,67,163],
[38,64,169],
[39,70,164],
[40,65,168],
[41,69,170],
[42,71,162],
[43,63,167],
[44,68,166],
[45,75,183],
[46,76,181],
[47,73,187],
[48,79,182],
[49,74,186],
[50,78,188],
[51,80,180],
[52,72,185],
[53,77,184],
[54,84,138],
[55,85,136],
[56,82,142],
[57,88,137],
[58,83,141],
[59,87,143],
[60,89,135],
[61,81,140],
[62,86,139]],

[[0,94,157],
[1,96,158],
[2,95,155],
[3,92,161],
[4,98,156],
[5,93,160],
[6,97,154],
[7,91,153],
[8,90,159],
[9,103,175],
[10,105,176],
[11,104,173],
[12,101,179],
[13,107,174],
[14,102,178],
[15,106,172],
[16,100,171],
[17,99,177],
[18,112,130],
[19,114,131],
[20,113,128],
[21,110,134],
[22,116,129],
[23,111,133],
[24,115,127],
[25,109,126],
[26,108,132],
[27,121,148],
[28,123,149],
[29,122,146],
[30,119,152],
[31,125,147],
[32,120,151],
[33,124,145],
[34,118,144],
[35,117,150],
[36,67,166],
[37,69,167],
[38,68,164],
[39,65,170],
[40,71,165],
[41,66,169],
[42,70,163],
[43,64,162],
[44,63,168],
[45,76,184],
[46,78,185],
[47,77,182],
[48,74,188],
[49,80,183],
[50,75,187],
[51,79,181],
[52,73,180],
[53,72,186],
[54,85,139],
[55,87,140],
[56,86,137],
[57,83,143],
[58,89,138],
[59,84,142],
[60,88,136],
[61,82,135],
[62,81,141]],

[[0,95,158],
[1,90,160],
[2,97,159],
[3,96,156],
[4,93,154],
[5,91,157],
[6,94,161],
[7,98,155],
[8,92,153],
[9,104,176],
[10,99,178],
[11,106,177],
[12,105,174],
[13,102,172],
[14,100,175],
[15,103,179],
[16,107,173],
[17,101,171],
[18,113,131],
[19,108,133],
[20,115,132],
[21,114,129],
[22,111,127],
[23,109,130],
[24,112,134],
[25,116,128],
[26,110,126],
[27,122,149],
[28,117,151],
[29,124,150],
[30,123,147],
[31,120,145],
[32,118,148],
[33,121,152],
[34,125,146],
[35,119,144],
[36,68,167],
[37,63,169],
[38,70,168],
[39,69,165],
[40,66,163],
[41,64,166],
[42,67,170],
[43,71,164],
[44,65,162],
[45,77,185],
[46,72,187],
[47,79,186],
[48,78,183],
[49,75,181],
[50,73,184],
[51,76,188],
[52,80,182],
[53,74,180],
[54,86,140],
[55,81,142],
[56,88,141],
[57,87,138],
[58,84,136],
[59,82,139],
[60,85,143],
[61,89,137],
[62,83,135]],

[[0,96,159],
[1,93,153],
[2,90,161],
[3,98,160],
[4,97,157],
[5,94,155],
[6,92,158],
[7,95,154],
[8,91,156],
[9,105,177],
[10,102,171],
[11,99,179],
[12,107,178],
[13,106,175],
[14,103,173],
[15,101,176],
[16,104,172],
[17,100,174],
[18,114,132],
[19,111,126],
[20,108,134],
[21,116,133],
[22,115,130],
[23,112,128],
[24,110,131],
[25,113,127],
[26,109,129],
[27,123,150],
[28,120,144],
[29,117,152],
[30,125,151],
[31,124,148],
[32,121,146],
[33,119,149],
[34,122,145],
[35,118,147],
[36,69,168],
[37,66,162],
[38,63,170],
[39,71,169],
[40,70,166],
[41,67,164],
[42,65,167],
[43,68,163],
[44,64,165],
[45,78,186],
[46,75,180],
[47,72,188],
[48,80,187],
[49,79,184],
[50,76,182],
[51,74,185],
[52,77,181],
[53,73,183],
[54,87,141],
[55,84,135],
[56,81,143],
[57,89,142],
[58,88,139],
[59,85,137],
[60,83,140],
[61,86,136],
[62,82,138]],

[[0,97,160],
[1,92,157],
[2,94,153],
[3,90,154],
[4,91,161],
[5,98,158],
[6,95,156],
[7,93,159],
[8,96,155],
[9,106,178],
[10,101,175],
[11,103,171],
[12,99,172],
[13,100,179],
[14,107,176],
[15,104,174],
[16,102,177],
[17,105,173],
[18,115,133],
[19,110,130],
[20,112,126],
[21,108,127],
[22,109,134],
[23,116,131],
[24,113,129],
[25,111,132],
[26,114,128],
[27,124,151],
[28,119,148],
[29,121,144],
[30,117,145],
[31,118,152],
[32,125,149],
[33,122,147],
[34,120,150],
[35,123,146],
[36,70,169],
[37,65,166],
[38,67,162],
[39,63,163],
[40,64,170],
[41,71,167],
[42,68,165],
[43,66,168],
[44,69,164],
[45,79,187],
[46,74,184],
[47,76,180],
[48,72,181],
[49,73,188],
[50,80,185],
[51,77,183],
[52,75,186],
[53,78,182],
[54,88,142],
[55,83,139],
[56,85,135],
[57,81,136],
[58,82,143],
[59,89,140],
[60,86,138],
[61,84,141],
[62,87,137]],

[[0,98,161],
[1,97,156],
[2,93,158],
[3,95,153],
[4,90,155],
[5,92,154],
[6,91,159],
[7,96,157],
[8,94,160],
[9,107,179],
[10,106,174],
[11,102,176],
[12,104,171],
[13,99,173],
[14,101,172],
[15,100,177],
[16,105,175],
[17,103,178],
[18,116,134],
[19,115,129],
[20,111,131],
[21,113,126],
[22,108,128],
[23,110,127],
[24,109,132],
[25,114,130],
[26,112,133],
[27,125,152],
[28,124,147],
[29,120,149],
[30,122,144],
[31,117,146],
[32,119,145],
[33,118,150],
[34,123,148],
[35,121,151],
[36,71,170],
[37,70,165],
[38,66,167],
[39,68,162],
[40,63,164],
[41,65,163],
[42,64,168],
[43,69,166],
[44,67,169],
[45,80,188],
[46,79,183],
[47,75,185],
[48,77,180],
[49,72,182],
[50,74,181],
[51,73,186],
[52,78,184],
[53,76,187],
[54,89,143],
[55,88,138],
[56,84,140],
[57,86,135],
[58,81,137],
[59,83,136],
[60,82,141],
[61,87,139],
[62,85,142]],

[[0,99,162],
[1,100,164],
[2,101,165],
[3,102,166],
[4,103,167],
[5,104,168],
[6,105,169],
[7,106,170],
[8,107,163],
[9,108,180],
[10,109,182],
[11,110,183],
[12,111,184],
[13,112,185],
[14,113,186],
[15,114,187],
[16,115,188],
[17,116,181],
[18,117,135],
[19,118,137],
[20,119,138],
[21,120,139],
[22,121,140],
[23,122,141],
[24,123,142],
[25,124,143],
[26,125,136],
[27,63,153],
[28,64,155],
[29,65,156],
[30,66,157],
[31,67,158],
[32,68,159],
[33,69,160],
[34,70,161],
[35,71,154],
[36,72,171],
[37,73,173],
[38,74,174],
[39,75,175],
[40,76,176],
[41,77,177],
[42,78,178],
[43,79,179],
[44,80,172],
[45,81,126],
[46,82,128],
[47,83,129],
[48,84,130],
[49,85,131],
[50,86,132],
[51,87,133],
[52,88,134],
[53,89,127],
[54,90,144],
[55,91,146],
[56,92,147],
[57,93,148],
[58,94,149],
[59,95,150],
[60,96,151],
[61,97,152],
[62,98,145]],

[[0,100,163],
[1,104,170],
[2,107,166],
[3,103,168],
[4,105,162],
[5,99,165],
[6,102,164],
[7,101,169],
[8,106,167],
[9,109,181],
[10,113,188],
[11,116,184],
[12,112,186],
[13,114,180],
[14,108,183],
[15,111,182],
[16,110,187],
[17,115,185],
[18,118,136],
[19,122,143],
[20,125,139],
[21,121,141],
[22,123,135],
[23,117,138],
[24,120,137],
[25,119,142],
[26,124,140],
[27,64,154],
[28,68,161],
[29,71,157],
[30,67,159],
[31,69,153],
[32,63,156],
[33,66,155],
[34,65,160],
[35,70,158],
[36,73,172],
[37,77,179],
[38,80,175],
[39,76,177],
[40,78,171],
[41,72,174],
[42,75,173],
[43,74,178],
[44,79,176],
[45,82,127],
[46,86,134],
[47,89,130],
[48,85,132],
[49,87,126],
[50,81,129],
[51,84,128],
[52,83,133],
[53,88,131],
[54,91,145],
[55,95,152],
[56,98,148],
[57,94,150],
[58,96,144],
[59,90,147],
[60,93,146],
[61,92,151],
[62,97,149]],

[[0,101,164],
[1,107,168],
[2,105,163],
[3,100,167],
[4,104,169],
[5,106,162],
[6,99,166],
[7,103,165],
[8,102,170],
[9,110,182],
[10,116,186],
[11,114,181],
[12,109,185],
[13,113,187],
[14,115,180],
[15,108,184],
[16,112,183],
[17,111,188],
[18,119,137],
[19,125,141],
[20,123,136],
[21,118,140],
[22,122,142],
[23,124,135],
[24,117,139],
[25,121,138],
[26,120,143],
[27,65,155],
[28,71,159],
[29,69,154],
[30,64,158],
[31,68,160],
[32,70,153],
[33,63,157],
[34,67,156],
[35,66,161],
[36,74,173],
[37,80,177],
[38,78,172],
[39,73,176],
[40,77,178],
[41,79,171],
[42,72,175],
[43,76,174],
[44,75,179],
[45,83,128],
[46,89,132],
[47,87,127],
[48,82,131],
[49,86,133],
[50,88,126],
[51,81,130],
[52,85,129],
[53,84,134],
[54,92,146],
[55,98,150],
[56,96,145],
[57,91,149],
[58,95,151],
[59,97,144],
[60,90,148],
[61,94,147],
[62,93,152]],

[[0,102,165],
[1,103,163],
[2,100,169],
[3,106,164],
[4,101,168],
[5,105,170],
[6,107,162],
[7,99,167],
[8,104,166],
[9,111,183],
[10,112,181],
[11,109,187],
[12,115,182],
[13,110,186],
[14,114,188],
[15,116,180],
[16,108,185],
[17,113,184],
[18,120,138],
[19,121,136],
[20,118,142],
[21,124,137],
[22,119,141],
[23,123,143],
[24,125,135],
[25,117,140],
[26,122,139],
[27,66,156],
[28,67,154],
[29,64,160],
[30,70,155],
[31,65,159],
[32,69,161],
[33,71,153],
[34,63,158],
[35,68,157],
[36,75,174],
[37,76,172],
[38,73,178],
[39,79,173],
[40,74,177],
[41,78,179],
[42,80,171],
[43,72,176],
[44,77,175],
[45,84,129],
[46,85,127],
[47,82,133],
[48,88,128],
[49,83,132],
[50,87,134],
[51,89,126],
[52,81,131],
[53,86,130],
[54,93,147],
[55,94,145],
[56,91,151],
[57,97,146],
[58,92,150],
[59,96,152],
[60,98,144],
[61,90,149],
[62,95,148]],

[[0,103,166],
[1,105,167],
[2,104,164],
[3,101,170],
[4,107,165],
[5,102,169],
[6,106,163],
[7,100,162],
[8,99,168],
[9,112,184],
[10,114,185],
[11,113,182],
[12,110,188],
[13,116,183],
[14,111,187],
[15,115,181],
[16,109,180],
[17,108,186],
[18,121,139],
[19,123,140],
[20,122,137],
[21,119,143],
[22,125,138],
[23,120,142],
[24,124,136],
[25,118,135],
[26,117,141],
[27,67,157],
[28,69,158],
[29,68,155],
[30,65,161],
[31,71,156],
[32,66,160],
[33,70,154],
[34,64,153],
[35,63,159],
[36,76,175],
[37,78,176],
[38,77,173],
[39,74,179],
[40,80,174],
[41,75,178],
[42,79,172],
[43,73,171],
[44,72,177],
[45,85,130],
[46,87,131],
[47,86,128],
[48,83,134],
[49,89,129],
[50,84,133],
[51,88,127],
[52,82,126],
[53,81,132],
[54,94,148],
[55,96,149],
[56,95,146],
[57,92,152],
[58,98,147],
[59,93,151],
[60,97,145],
[61,91,144],
[62,90,150]],

[[0,104,167],
[1,99,169],
[2,106,168],
[3,105,165],
[4,102,163],
[5,100,166],
[6,103,170],
[7,107,164],
[8,101,162],
[9,113,185],
[10,108,187],
[11,115,186],
[12,114,183],
[13,111,181],
[14,109,184],
[15,112,188],
[16,116,182],
[17,110,180],
[18,122,140],
[19,117,142],
[20,124,141],
[21,123,138],
[22,120,136],
[23,118,139],
[24,121,143],
[25,125,137],
[26,119,135],
[27,68,158],
[28,63,160],
[29,70,159],
[30,69,156],
[31,66,154],
[32,64,157],
[33,67,161],
[34,71,155],
[35,65,153],
[36,77,176],
[37,72,178],
[38,79,177],
[39,78,174],
[40,75,172],
[41,73,175],
[42,76,179],
[43,80,173],
[44,74,171],
[45,86,131],
[46,81,133],
[47,88,132],
[48,87,129],
[49,84,127],
[50,82,130],
[51,85,134],
[52,89,128],
[53,83,126],
[54,95,149],
[55,90,151],
[56,97,150],
[57,96,147],
[58,93,145],
[59,91,148],
[60,94,152],
[61,98,146],
[62,92,144]],

[[0,105,168],
[1,102,162],
[2,99,170],
[3,107,169],
[4,106,166],
[5,103,164],
[6,101,167],
[7,104,163],
[8,100,165],
[9,114,186],
[10,111,180],
[11,108,188],
[12,116,187],
[13,115,184],
[14,112,182],
[15,110,185],
[16,113,181],
[17,109,183],
[18,123,141],
[19,120,135],
[20,117,143],
[21,125,142],
[22,124,139],
[23,121,137],
[24,119,140],
[25,122,136],
[26,118,138],
[27,69,159],
[28,66,153],
[29,63,161],
[30,71,160],
[31,70,157],
[32,67,155],
[33,65,158],
[34,68,154],
[35,64,156],
[36,78,177],
[37,75,171],
[38,72,179],
[39,80,178],
[40,79,175],
[41,76,173],
[42,74,176],
[43,77,172],
[44,73,174],
[45,87,132],
[46,84,126],
[47,81,134],
[48,89,133],
[49,88,130],
[50,85,128],
[51,83,131],
[52,86,127],
[53,82,129],
[54,96,150],
[55,93,144],
[56,90,152],
[57,98,151],
[58,97,148],
[59,94,146],
[60,92,149],
[61,95,145],
[62,91,147]],

[[0,106,169],
[1,101,166],
[2,103,162],
[3,99,163],
[4,100,170],
[5,107,167],
[6,104,165],
[7,102,168],
[8,105,164],
[9,115,187],
[10,110,184],
[11,112,180],
[12,108,181],
[13,109,188],
[14,116,185],
[15,113,183],
[16,111,186],
[17,114,182],
[18,124,142],
[19,119,139],
[20,121,135],
[21,117,136],
[22,118,143],
[23,125,140],
[24,122,138],
[25,120,141],
[26,123,137],
[27,70,160],
[28,65,157],
[29,67,153],
[30,63,154],
[31,64,161],
[32,71,158],
[33,68,156],
[34,66,159],
[35,69,155],
[36,79,178],
[37,74,175],
[38,76,171],
[39,72,172],
[40,73,179],
[41,80,176],
[42,77,174],
[43,75,177],
[44,78,173],
[45,88,133],
[46,83,130],
[47,85,126],
[48,81,127],
[49,82,134],
[50,89,131],
[51,86,129],
[52,84,132],
[53,87,128],
[54,97,151],
[55,92,148],
[56,94,144],
[57,90,145],
[58,91,152],
[59,98,149],
[60,95,147],
[61,93,150],
[62,96,146]],

[[0,107,170],
[1,106,165],
[2,102,167],
[3,104,162],
[4,99,164],
[5,101,163],
[6,100,168],
[7,105,166],
[8,103,169],
[9,116,188],
[10,115,183],
[11,111,185],
[12,113,180],
[13,108,182],
[14,110,181],
[15,109,186],
[16,114,184],
[17,112,187],
[18,125,143],
[19,124,138],
[20,120,140],
[21,122,135],
[22,117,137],
[23,119,136],
[24,118,141],
[25,123,139],
[26,121,142],
[27,71,161],
[28,70,156],
[29,66,158],
[30,68,153],
[31,63,155],
[32,65,154],
[33,64,159],
[34,69,157],
[35,67,160],
[36,80,179],
[37,79,174],
[38,75,176],
[39,77,171],
[40,72,173],
[41,74,172],
[42,73,177],
[43,78,175],
[44,76,178],
[45,89,134],
[46,88,129],
[47,84,131],
[48,86,126],
[49,81,128],
[50,83,127],
[51,82,132],
[52,87,130],
[53,85,133],
[54,98,152],
[55,97,147],
[56,93,149],
[57,95,144],
[58,90,146],
[59,92,145],
[60,91,150],
[61,96,148],
[62,94,151]],

[[0,108,171],
[1,109,173],
[2,110,174],
[3,111,175],
[4,112,176],
[5,113,177],
[6,114,178],
[7,115,179],
[8,116,172],
[9,117,126],
[10,118,128],
[11,119,129],
[12,120,130],
[13,121,131],
[14,122,132],
[15,123,133],
[16,124,134],
[17,125,127],
[18,63,144],
[19,64,146],
[20,65,147],
[21,66,148],
[22,67,149],
[23,68,150],
[24,69,151],
[25,70,152],
[26,71,145],
[27,72,162],
[28,73,164],
[29,74,165],
[30,75,166],
[31,76,167],
[32,77,168],
[33,78,169],
[34,79,170],
[35,80,163],
[36,81,180],
[37,82,182],
[38,83,183],
[39,84,184],
[40,85,185],
[41,86,186],
[42,87,187],
[43,88,188],
[44,89,181],
[45,90,135],
[46,91,137],
[47,92,138],
[48,93,139],
[49,94,140],
[50,95,141],
[51,96,142],
[52,97,143],
[53,98,136],
[54,99,153],
[55,100,155],
[56,101,156],
[57,102,157],
[58,103,158],
[59,104,159],
[60,105,160],
[61,106,161],
[62,107,154]],

[[0,109,172],
[1,113,179],
[2,116,175],
[3,112,177],
[4,114,171],
[5,108,174],
[6,111,173],
[7,110,178],
[8,115,176],
[9,118,127],
[10,122,134],
[11,125,130],
[12,121,132],
[13,123,126],
[14,117,129],
[15,120,128],
[16,119,133],
[17,124,131],
[18,64,145],
[19,68,152],
[20,71,148],
[21,67,150],
[22,69,144],
[23,63,147],
[24,66,146],
[25,65,151],
[26,70,149],
[27,73,163],
[28,77,170],
[29,80,166],
[30,76,168],
[31,78,162],
[32,72,165],
[33,75,164],
[34,74,169],
[35,79,167],
[36,82,181],
[37,86,188],
[38,89,184],
[39,85,186],
[40,87,180],
[41,81,183],
[42,84,182],
[43,83,187],
[44,88,185],
[45,91,136],
[46,95,143],
[47,98,139],
[48,94,141],
[49,96,135],
[50,90,138],
[51,93,137],
[52,92,142],
[53,97,140],
[54,100,154],
[55,104,161],
[56,107,157],
[57,103,159],
[58,105,153],
[59,99,156],
[60,102,155],
[61,101,160],
[62,106,158]],

[[0,110,173],
[1,116,177],
[2,114,172],
[3,109,176],
[4,113,178],
[5,115,171],
[6,108,175],
[7,112,174],
[8,111,179],
[9,119,128],
[10,125,132],
[11,123,127],
[12,118,131],
[13,122,133],
[14,124,126],
[15,117,130],
[16,121,129],
[17,120,134],
[18,65,146],
[19,71,150],
[20,69,145],
[21,64,149],
[22,68,151],
[23,70,144],
[24,63,148],
[25,67,147],
[26,66,152],
[27,74,164],
[28,80,168],
[29,78,163],
[30,73,167],
[31,77,169],
[32,79,162],
[33,72,166],
[34,76,165],
[35,75,170],
[36,83,182],
[37,89,186],
[38,87,181],
[39,82,185],
[40,86,187],
[41,88,180],
[42,81,184],
[43,85,183],
[44,84,188],
[45,92,137],
[46,98,141],
[47,96,136],
[48,91,140],
[49,95,142],
[50,97,135],
[51,90,139],
[52,94,138],
[53,93,143],
[54,101,155],
[55,107,159],
[56,105,154],
[57,100,158],
[58,104,160],
[59,106,153],
[60,99,157],
[61,103,156],
[62,102,161]],

[[0,111,174],
[1,112,172],
[2,109,178],
[3,115,173],
[4,110,177],
[5,114,179],
[6,116,171],
[7,108,176],
[8,113,175],
[9,120,129],
[10,121,127],
[11,118,133],
[12,124,128],
[13,119,132],
[14,123,134],
[15,125,126],
[16,117,131],
[17,122,130],
[18,66,147],
[19,67,145],
[20,64,151],
[21,70,146],
[22,65,150],
[23,69,152],
[24,71,144],
[25,63,149],
[26,68,148],
[27,75,165],
[28,76,163],
[29,73,169],
[30,79,164],
[31,74,168],
[32,78,170],
[33,80,162],
[34,72,167],
[35,77,166],
[36,84,183],
[37,85,181],
[38,82,187],
[39,88,182],
[40,83,186],
[41,87,188],
[42,89,180],
[43,81,185],
[44,86,184],
[45,93,138],
[46,94,136],
[47,91,142],
[48,97,137],
[49,92,141],
[50,96,143],
[51,98,135],
[52,90,140],
[53,95,139],
[54,102,156],
[55,103,154],
[56,100,160],
[57,106,155],
[58,101,159],
[59,105,161],
[60,107,153],
[61,99,158],
[62,104,157]],

[[0,112,175],
[1,114,176],
[2,113,173],
[3,110,179],
[4,116,174],
[5,111,178],
[6,115,172],
[7,109,171],
[8,108,177],
[9,121,130],
[10,123,131],
[11,122,128],
[12,119,134],
[13,125,129],
[14,120,133],
[15,124,127],
[16,118,126],
[17,117,132],
[18,67,148],
[19,69,149],
[20,68,146],
[21,65,152],
[22,71,147],
[23,66,151],
[24,70,145],
[25,64,144],
[26,63,150],
[27,76,166],
[28,78,167],
[29,77,164],
[30,74,170],
[31,80,165],
[32,75,169],
[33,79,163],
[34,73,162],
[35,72,168],
[36,85,184],
[37,87,185],
[38,86,182],
[39,83,188],
[40,89,183],
[41,84,187],
[42,88,181],
[43,82,180],
[44,81,186],
[45,94,139],
[46,96,140],
[47,95,137],
[48,92,143],
[49,98,138],
[50,93,142],
[51,97,136],
[52,91,135],
[53,90,141],
[54,103,157],
[55,105,158],
[56,104,155],
[57,101,161],
[58,107,156],
[59,102,160],
[60,106,154],
[61,100,153],
[62,99,159]],

[[0,113,176],
[1,108,178],
[2,115,177],
[3,114,174],
[4,111,172],
[5,109,175],
[6,112,179],
[7,116,173],
[8,110,171],
[9,122,131],
[10,117,133],
[11,124,132],
[12,123,129],
[13,120,127],
[14,118,130],
[15,121,134],
[16,125,128],
[17,119,126],
[18,68,149],
[19,63,151],
[20,70,150],
[21,69,147],
[22,66,145],
[23,64,148],
[24,67,152],
[25,71,146],
[26,65,144],
[27,77,167],
[28,72,169],
[29,79,168],
[30,78,165],
[31,75,163],
[32,73,166],
[33,76,170],
[34,80,164],
[35,74,162],
[36,86,185],
[37,81,187],
[38,88,186],
[39,87,183],
[40,84,181],
[41,82,184],
[42,85,188],
[43,89,182],
[44,83,180],
[45,95,140],
[46,90,142],
[47,97,141],
[48,96,138],
[49,93,136],
[50,91,139],
[51,94,143],
[52,98,137],
[53,92,135],
[54,104,158],
[55,99,160],
[56,106,159],
[57,105,156],
[58,102,154],
[59,100,157],
[60,103,161],
[61,107,155],
[62,101,153]],

[[0,114,177],
[1,111,171],
[2,108,179],
[3,116,178],
[4,115,175],
[5,112,173],
[6,110,176],
[7,113,172],
[8,109,174],
[9,123,132],
[10,120,126],
[11,117,134],
[12,125,133],
[13,124,130],
[14,121,128],
[15,119,131],
[16,122,127],
[17,118,129],
[18,69,150],
[19,66,144],
[20,63,152],
[21,71,151],
[22,70,148],
[23,67,146],
[24,65,149],
[25,68,145],
[26,64,147],
[27,78,168],
[28,75,162],
[29,72,170],
[30,80,169],
[31,79,166],
[32,76,164],
[33,74,167],
[34,77,163],
[35,73,165],
[36,87,186],
[37,84,180],
[38,81,188],
[39,89,187],
[40,88,184],
[41,85,182],
[42,83,185],
[43,86,181],
[44,82,183],
[45,96,141],
[46,93,135],
[47,90,143],
[48,98,142],
[49,97,139],
[50,94,137],
[51,92,140],
[52,95,136],
[53,91,138],
[54,105,159],
[55,102,153],
[56,99,161],
[57,107,160],
[58,106,157],
[59,103,155],
[60,101,158],
[61,104,154],
[62,100,156]],

[[0,115,178],
[1,110,175],
[2,112,171],
[3,108,172],
[4,109,179],
[5,116,176],
[6,113,174],
[7,111,177],
[8,114,173],
[9,124,133],
[10,119,130],
[11,121,126],
[12,117,127],
[13,118,134],
[14,125,131],
[15,122,129],
[16,120,132],
[17,123,128],
[18,70,151],
[19,65,148],
[20,67,144],
[21,63,145],
[22,64,152],
[23,71,149],
[24,68,147],
[25,66,150],
[26,69,146],
[27,79,169],
[28,74,166],
[29,76,162],
[30,72,163],
[31,73,170],
[32,80,167],
[33,77,165],
[34,75,168],
[35,78,164],
[36,88,187],
[37,83,184],
[38,85,180],
[39,81,181],
[40,82,188],
[41,89,185],
[42,86,183],
[43,84,186],
[44,87,182],
[45,97,142],
[46,92,139],
[47,94,135],
[48,90,136],
[49,91,143],
[50,98,140],
[51,95,138],
[52,93,141],
[53,96,137],
[54,106,160],
[55,101,157],
[56,103,153],
[57,99,154],
[58,100,161],
[59,107,158],
[60,104,156],
[61,102,159],
[62,105,155]],

[[0,116,179],
[1,115,174],
[2,111,176],
[3,113,171],
[4,108,173],
[5,110,172],
[6,109,177],
[7,114,175],
[8,112,178],
[9,125,134],
[10,124,129],
[11,120,131],
[12,122,126],
[13,117,128],
[14,119,127],
[15,118,132],
[16,123,130],
[17,121,133],
[18,71,152],
[19,70,147],
[20,66,149],
[21,68,144],
[22,63,146],
[23,65,145],
[24,64,150],
[25,69,148],
[26,67,151],
[27,80,170],
[28,79,165],
[29,75,167],
[30,77,162],
[31,72,164],
[32,74,163],
[33,73,168],
[34,78,166],
[35,76,169],
[36,89,188],
[37,88,183],
[38,84,185],
[39,86,180],
[40,81,182],
[41,83,181],
[42,82,186],
[43,87,184],
[44,85,187],
[45,98,143],
[46,97,138],
[47,93,140],
[48,95,135],
[49,90,137],
[50,92,136],
[51,91,141],
[52,96,139],
[53,94,142],
[54,107,161],
[55,106,156],
[56,102,158],
[57,104,153],
[58,99,155],
[59,101,154],
[60,100,159],
[61,105,157],
[62,103,160]],

[[0,117,180],
[1,118,182],
[2,119,183],
[3,120,184],
[4,121,185],
[5,122,186],
[6,123,187],
[7,124,188],
[8,125,181],
[9,63,135],
[10,64,137],
[11,65,138],
[12,66,139],
[13,67,140],
[14,68,141],
[15,69,142],
[16,70,143],
[17,71,136],
[18,72,153],
[19,73,155],
[20,74,156],
[21,75,157],
[22,76,158],
[23,77,159],
[24,78,160],
[25,79,161],
[26,80,154],
[27,81,171],
[28,82,173],
[29,83,174],
[30,84,175],
[31,85,176],
[32,86,177],
[33,87,178],
[34,88,179],
[35,89,172],
[36,90,126],
[37,91,128],
[38,92,129],
[39,93,130],
[40,94,131],
[41,95,132],
[42,96,133],
[43,97,134],
[44,98,127],
[45,99,144],
[46,100,146],
[47,101,147],
[48,102,148],
[49,103,149],
[50,104,150],
[51,105,151],
[52,106,152],
[53,107,145],
[54,108,162],
[55,109,164],
[56,110,165],
[57,111,166],
[58,112,167],
[59,113,168],
[60,114,169],
[61,115,170],
[62,116,163]],

[[0,118,181],
[1,122,188],
[2,125,184],
[3,121,186],
[4,123,180],
[5,117,183],
[6,120,182],
[7,119,187],
[8,124,185],
[9,64,136],
[10,68,143],
[11,71,139],
[12,67,141],
[13,69,135],
[14,63,138],
[15,66,137],
[16,65,142],
[17,70,140],
[18,73,154],
[19,77,161],
[20,80,157],
[21,76,159],
[22,78,153],
[23,72,156],
[24,75,155],
[25,74,160],
[26,79,158],
[27,82,172],
[28,86,179],
[29,89,175],
[30,85,177],
[31,87,171],
[32,81,174],
[33,84,173],
[34,83,178],
[35,88,176],
[36,91,127],
[37,95,134],
[38,98,130],
[39,94,132],
[40,96,126],
[41,90,129],
[42,93,128],
[43,92,133],
[44,97,131],
[45,100,145],
[46,104,152],
[47,107,148],
[48,103,150],
[49,105,144],
[50,99,147],
[51,102,146],
[52,101,151],
[53,106,149],
[54,109,163],
[55,113,170],
[56,116,166],
[57,112,168],
[58,114,162],
[59,108,165],
[60,111,164],
[61,110,169],
[62,115,167]],

[[0,119,182],
[1,125,186],
[2,123,181],
[3,118,185],
[4,122,187],
[5,124,180],
[6,117,184],
[7,121,183],
[8,120,188],
[9,65,137],
[10,71,141],
[11,69,136],
[12,64,140],
[13,68,142],
[14,70,135],
[15,63,139],
[16,67,138],
[17,66,143],
[18,74,155],
[19,80,159],
[20,78,154],
[21,73,158],
[22,77,160],
[23,79,153],
[24,72,157],
[25,76,156],
[26,75,161],
[27,83,173],
[28,89,177],
[29,87,172],
[30,82,176],
[31,86,178],
[32,88,171],
[33,81,175],
[34,85,174],
[35,84,179],
[36,92,128],
[37,98,132],
[38,96,127],
[39,91,131],
[40,95,133],
[41,97,126],
[42,90,130],
[43,94,129],
[44,93,134],
[45,101,146],
[46,107,150],
[47,105,145],
[48,100,149],
[49,104,151],
[50,106,144],
[51,99,148],
[52,103,147],
[53,102,152],
[54,110,164],
[55,116,168],
[56,114,163],
[57,109,167],
[58,113,169],
[59,115,162],
[60,108,166],
[61,112,165],
[62,111,170]],

[[0,120,183],
[1,121,181],
[2,118,187],
[3,124,182],
[4,119,186],
[5,123,188],
[6,125,180],
[7,117,185],
[8,122,184],
[9,66,138],
[10,67,136],
[11,64,142],
[12,70,137],
[13,65,141],
[14,69,143],
[15,71,135],
[16,63,140],
[17,68,139],
[18,75,156],
[19,76,154],
[20,73,160],
[21,79,155],
[22,74,159],
[23,78,161],
[24,80,153],
[25,72,158],
[26,77,157],
[27,84,174],
[28,85,172],
[29,82,178],
[30,88,173],
[31,83,177],
[32,87,179],
[33,89,171],
[34,81,176],
[35,86,175],
[36,93,129],
[37,94,127],
[38,91,133],
[39,97,128],
[40,92,132],
[41,96,134],
[42,98,126],
[43,90,131],
[44,95,130],
[45,102,147],
[46,103,145],
[47,100,151],
[48,106,146],
[49,101,150],
[50,105,152],
[51,107,144],
[52,99,149],
[53,104,148],
[54,111,165],
[55,112,163],
[56,109,169],
[57,115,164],
[58,110,168],
[59,114,170],
[60,116,162],
[61,108,167],
[62,113,166]],

[[0,121,184],
[1,123,185],
[2,122,182],
[3,119,188],
[4,125,183],
[5,120,187],
[6,124,181],
[7,118,180],
[8,117,186],
[9,67,139],
[10,69,140],
[11,68,137],
[12,65,143],
[13,71,138],
[14,66,142],
[15,70,136],
[16,64,135],
[17,63,141],
[18,76,157],
[19,78,158],
[20,77,155],
[21,74,161],
[22,80,156],
[23,75,160],
[24,79,154],
[25,73,153],
[26,72,159],
[27,85,175],
[28,87,176],
[29,86,173],
[30,83,179],
[31,89,174],
[32,84,178],
[33,88,172],
[34,82,171],
[35,81,177],
[36,94,130],
[37,96,131],
[38,95,128],
[39,92,134],
[40,98,129],
[41,93,133],
[42,97,127],
[43,91,126],
[44,90,132],
[45,103,148],
[46,105,149],
[47,104,146],
[48,101,152],
[49,107,147],
[50,102,151],
[51,106,145],
[52,100,144],
[53,99,150],
[54,112,166],
[55,114,167],
[56,113,164],
[57,110,170],
[58,116,165],
[59,111,169],
[60,115,163],
[61,109,162],
[62,108,168]],

[[0,122,185],
[1,117,187],
[2,124,186],
[3,123,183],
[4,120,181],
[5,118,184],
[6,121,188],
[7,125,182],
[8,119,180],
[9,68,140],
[10,63,142],
[11,70,141],
[12,69,138],
[13,66,136],
[14,64,139],
[15,67,143],
[16,71,137],
[17,65,135],
[18,77,158],
[19,72,160],
[20,79,159],
[21,78,156],
[22,75,154],
[23,73,157],
[24,76,161],
[25,80,155],
[26,74,153],
[27,86,176],
[28,81,178],
[29,88,177],
[30,87,174],
[31,84,172],
[32,82,175],
[33,85,179],
[34,89,173],
[35,83,171],
[36,95,131],
[37,90,133],
[38,97,132],
[39,96,129],
[40,93,127],
[41,91,130],
[42,94,134],
[43,98,128],
[44,92,126],
[45,104,149],
[46,99,151],
[47,106,150],
[48,105,147],
[49,102,145],
[50,100,148],
[51,103,152],
[52,107,146],
[53,101,144],
[54,113,167],
[55,108,169],
[56,115,168],
[57,114,165],
[58,111,163],
[59,109,166],
[60,112,170],
[61,116,164],
[62,110,162]],

[[0,123,186],
[1,120,180],
[2,117,188],
[3,125,187],
[4,124,184],
[5,121,182],
[6,119,185],
[7,122,181],
[8,118,183],
[9,69,141],
[10,66,135],
[11,63,143],
[12,71,142],
[13,70,139],
[14,67,137],
[15,65,140],
[16,68,136],
[17,64,138],
[18,78,159],
[19,75,153],
[20,72,161],
[21,80,160],
[22,79,157],
[23,76,155],
[24,74,158],
[25,77,154],
[26,73,156],
[27,87,177],
[28,84,171],
[29,81,179],
[30,89,178],
[31,88,175],
[32,85,173],
[33,83,176],
[34,86,172],
[35,82,174],
[36,96,132],
[37,93,126],
[38,90,134],
[39,98,133],
[40,97,130],
[41,94,128],
[42,92,131],
[43,95,127],
[44,91,129],
[45,105,150],
[46,102,144],
[47,99,152],
[48,107,151],
[49,106,148],
[50,103,146],
[51,101,149],
[52,104,145],
[53,100,147],
[54,114,168],
[55,111,162],
[56,108,170],
[57,116,169],
[58,115,166],
[59,112,164],
[60,110,167],
[61,113,163],
[62,109,165]],

[[0,124,187],
[1,119,184],
[2,121,180],
[3,117,181],
[4,118,188],
[5,125,185],
[6,122,183],
[7,120,186],
[8,123,182],
[9,70,142],
[10,65,139],
[11,67,135],
[12,63,136],
[13,64,143],
[14,71,140],
[15,68,138],
[16,66,141],
[17,69,137],
[18,79,160],
[19,74,157],
[20,76,153],
[21,72,154],
[22,73,161],
[23,80,158],
[24,77,156],
[25,75,159],
[26,78,155],
[27,88,178],
[28,83,175],
[29,85,171],
[30,81,172],
[31,82,179],
[32,89,176],
[33,86,174],
[34,84,177],
[35,87,173],
[36,97,133],
[37,92,130],
[38,94,126],
[39,90,127],
[40,91,134],
[41,98,131],
[42,95,129],
[43,93,132],
[44,96,128],
[45,106,151],
[46,101,148],
[47,103,144],
[48,99,145],
[49,100,152],
[50,107,149],
[51,104,147],
[52,102,150],
[53,105,146],
[54,115,169],
[55,110,166],
[56,112,162],
[57,108,163],
[58,109,170],
[59,116,167],
[60,113,165],
[61,111,168],
[62,114,164]],

[[0,125,188],
[1,124,183],
[2,120,185],
[3,122,180],
[4,117,182],
[5,119,181],
[6,118,186],
[7,123,184],
[8,121,187],
[9,71,143],
[10,70,138],
[11,66,140],
[12,68,135],
[13,63,137],
[14,65,136],
[15,64,141],
[16,69,139],
[17,67,142],
[18,80,161],
[19,79,156],
[20,75,158],
[21,77,153],
[22,72,155],
[23,74,154],
[24,73,159],
[25,78,157],
[26,76,160],
[27,89,179],
[28,88,174],
[29,84,176],
[30,86,171],
[31,81,173],
[32,83,172],
[33,82,177],
[34,87,175],
[35,85,178],
[36,98,134],
[37,97,129],
[38,93,131],
[39,95,126],
[40,90,128],
[41,92,127],
[42,91,132],
[43,96,130],
[44,94,133],
[45,107,152],
[46,106,147],
[47,102,149],
[48,104,144],
[49,99,146],
[50,101,145],
[51,100,150],
[52,105,148],
[53,103,151],
[54,116,170],
[55,115,165],
[56,111,167],
[57,113,162],
[58,108,164],
[59,110,163],
[60,109,168],
[61,114,166],
[62,112,169]],

[[0,31,62],
[1,26,60],
[3,16,56],
[9,17,44],
[20,27,39],
[19,29,55],
[25,30,43],
[13,28,36],
[8,22,46],
[4,24,45],
[10,12,42],
[5,6,52],
[15,18,32],
[14,23,34],
[7,11,40],
[2,21,58],
[33,41,50],
[37,57,61],
[47,49,59],
[48,53,54],
[35,38,51],
[63,94,125],
[64,89,123],
[66,79,119],
[72,80,107],
[83,90,102],
[82,92,118],
[88,93,106],
[76,91,99],
[71,85,109],
[67,87,108],
[73,75,105],
[68,69,115],
[78,81,95],
[77,86,97],
[70,74,103],
[65,84,121],
[96,104,113],
[100,120,124],
[110,112,122],
[111,116,117],
[98,101,114],
[126,157,188],
[127,152,186],
[129,142,182],
[135,143,170],
[146,153,165],
[145,155,181],
[151,156,169],
[139,154,162],
[134,148,172],
[130,150,171],
[136,138,168],
[131,132,178],
[141,144,158],
[140,149,160],
[133,137,166],
[128,147,184],
[159,167,176],
[163,183,187],
[173,175,185],
[174,179,180],
[161,164,177]],

[[1,32,62],
[2,27,61],
[4,17,57],
[10,18,45],
[21,28,40],
[20,30,56],
[0,26,44],
[14,29,37],
[9,23,47],
[5,25,46],
[11,13,43],
[6,7,53],
[16,19,33],
[15,24,35],
[8,12,41],
[3,22,59],
[34,42,51],
[31,38,58],
[48,50,60],
[49,54,55],
[36,39,52],
[64,95,125],
[65,90,124],
[67,80,120],
[73,81,108],
[84,91,103],
[83,93,119],
[63,89,107],
[77,92,100],
[72,86,110],
[68,88,109],
[74,76,106],
[69,70,116],
[79,82,96],
[78,87,98],
[71,75,104],
[66,85,122],
[97,105,114],
[94,101,121],
[111,113,123],
[112,117,118],
[99,102,115],
[127,158,188],
[128,153,187],
[130,143,183],
[136,144,171],
[147,154,166],
[146,156,182],
[126,152,170],
[140,155,163],
[135,149,173],
[131,151,172],
[137,139,169],
[132,133,179],
[142,145,159],
[141,150,161],
[134,138,167],
[129,148,185],
[160,168,177],
[157,164,184],
[174,176,186],
[175,180,181],
[162,165,178]],

[[3,34,62],
[4,29,32],
[6,19,59],
[12,20,47],
[23,30,42],
[1,22,58],
[2,28,46],
[0,16,39],
[11,25,49],
[7,27,48],
[13,15,45],
[8,9,55],
[18,21,35],
[17,26,37],
[10,14,43],
[5,24,61],
[36,44,53],
[33,40,60],
[31,50,52],
[51,56,57],
[38,41,54],
[66,97,125],
[67,92,95],
[69,82,122],
[75,83,110],
[86,93,105],
[64,85,121],
[65,91,109],
[63,79,102],
[74,88,112],
[70,90,111],
[76,78,108],
[71,72,118],
[81,84,98],
[80,89,100],
[73,77,106],
[68,87,124],
[99,107,116],
[96,103,123],
[94,113,115],
[114,119,120],
[101,104,117],
[129,160,188],
[130,155,158],
[132,145,185],
[138,146,173],
[149,156,168],
[127,148,184],
[128,154,172],
[126,142,165],
[137,151,175],
[133,153,174],
[139,141,171],
[134,135,181],
[144,147,161],
[143,152,163],
[136,140,169],
[131,150,187],
[162,170,179],
[159,166,186],
[157,176,178],
[177,182,183],
[164,167,180]],

[[9,40,62],
[4,10,38],
[12,25,34],
[18,26,53],
[5,29,48],
[7,28,33],
[3,8,52],
[6,22,45],
[0,17,55],
[2,13,54],
[19,21,51],
[14,15,61],
[24,27,41],
[1,23,43],
[16,20,49],
[11,30,36],
[42,50,59],
[35,39,46],
[37,56,58],
[31,32,57],
[44,47,60],
[72,103,125],
[67,73,101],
[75,88,97],
[81,89,116],
[68,92,111],
[70,91,96],
[66,71,115],
[69,85,108],
[63,80,118],
[65,76,117],
[82,84,114],
[77,78,124],
[87,90,104],
[64,86,106],
[79,83,112],
[74,93,99],
[105,113,122],
[98,102,109],
[100,119,121],
[94,95,120],
[107,110,123],
[135,166,188],
[130,136,164],
[138,151,160],
[144,152,179],
[131,155,174],
[133,154,159],
[129,134,178],
[132,148,171],
[126,143,181],
[128,139,180],
[145,147,177],
[140,141,187],
[150,153,167],
[127,149,169],
[142,146,175],
[137,156,162],
[168,176,185],
[161,165,172],
[163,182,184],
[157,158,183],
[170,173,186]],

[[27,58,62],
[22,28,56],
[12,30,52],
[5,13,40],
[16,23,35],
[15,25,51],
[21,26,39],
[9,24,32],
[4,18,42],
[0,20,41],
[6,8,38],
[1,2,48],
[11,14,59],
[10,19,61],
[3,7,36],
[17,29,54],
[37,46,60],
[33,53,57],
[43,45,55],
[44,49,50],
[31,34,47],
[90,121,125],
[85,91,119],
[75,93,115],
[68,76,103],
[79,86,98],
[78,88,114],
[84,89,102],
[72,87,95],
[67,81,105],
[63,83,104],
[69,71,101],
[64,65,111],
[74,77,122],
[73,82,124],
[66,70,99],
[80,92,117],
[100,109,123],
[96,116,120],
[106,108,118],
[107,112,113],
[94,97,110],
[153,184,188],
[148,154,182],
[138,156,178],
[131,139,166],
[142,149,161],
[141,151,177],
[147,152,165],
[135,150,158],
[130,144,168],
[126,146,167],
[132,134,164],
[127,128,174],
[137,140,185],
[136,145,187],
[129,133,162],
[143,155,180],
[163,172,186],
[159,179,183],
[169,171,181],
[170,175,176],
[157,160,173]],

[[19,50,62],
[14,20,48],
[4,22,44],
[5,28,32],
[8,15,58],
[7,17,43],
[13,18,31],
[1,16,55],
[10,27,34],
[12,23,33],
[0,29,61],
[24,25,40],
[3,6,51],
[2,11,53],
[26,30,59],
[9,21,46],
[38,52,60],
[45,49,56],
[35,37,47],
[36,41,42],
[39,54,57],
[82,113,125],
[77,83,111],
[67,85,107],
[68,91,95],
[71,78,121],
[70,80,106],
[76,81,94],
[64,79,118],
[73,90,97],
[75,86,96],
[63,92,124],
[87,88,103],
[66,69,114],
[65,74,116],
[89,93,122],
[72,84,109],
[101,115,123],
[108,112,119],
[98,100,110],
[99,104,105],
[102,117,120],
[145,176,188],
[140,146,174],
[130,148,170],
[131,154,158],
[134,141,184],
[133,143,169],
[139,144,157],
[127,142,181],
[136,153,160],
[138,149,159],
[126,155,187],
[150,151,166],
[129,132,177],
[128,137,179],
[152,156,185],
[135,147,172],
[164,178,186],
[171,175,182],
[161,163,173],
[162,167,168],
[165,180,183]],

[[26,57,62],
[21,27,55],
[11,29,51],
[4,12,39],
[15,22,34],
[14,24,50],
[20,25,38],
[8,23,31],
[3,17,41],
[19,30,40],
[5,7,37],
[0,1,47],
[10,13,58],
[9,18,60],
[2,6,35],
[16,28,53],
[36,45,59],
[32,52,56],
[42,44,54],
[43,48,49],
[33,46,61],
[89,120,125],
[84,90,118],
[74,92,114],
[67,75,102],
[78,85,97],
[77,87,113],
[83,88,101],
[71,86,94],
[66,80,104],
[82,93,103],
[68,70,100],
[63,64,110],
[73,76,121],
[72,81,123],
[65,69,98],
[79,91,116],
[99,108,122],
[95,115,119],
[105,107,117],
[106,111,112],
[96,109,124],
[152,183,188],
[147,153,181],
[137,155,177],
[130,138,165],
[141,148,160],
[140,150,176],
[146,151,164],
[134,149,157],
[129,143,167],
[145,156,166],
[131,133,163],
[126,127,173],
[136,139,184],
[135,144,186],
[128,132,161],
[142,154,179],
[162,171,185],
[158,178,182],
[168,170,180],
[169,174,175],
[159,172,187]],

[[16,47,62],
[11,17,45],
[1,19,41],
[2,25,60],
[5,12,55],
[4,14,40],
[10,15,59],
[13,29,52],
[7,24,31],
[9,20,61],
[26,28,58],
[21,22,37],
[0,3,48],
[8,30,50],
[23,27,56],
[6,18,43],
[35,49,57],
[42,46,53],
[32,34,44],
[33,38,39],
[36,51,54],
[79,110,125],
[74,80,108],
[64,82,104],
[65,88,123],
[68,75,118],
[67,77,103],
[73,78,122],
[76,92,115],
[70,87,94],
[72,83,124],
[89,91,121],
[84,85,100],
[63,66,111],
[71,93,113],
[86,90,119],
[69,81,106],
[98,112,120],
[105,109,116],
[95,97,107],
[96,101,102],
[99,114,117],
[142,173,188],
[137,143,171],
[127,145,167],
[128,151,186],
[131,138,181],
[130,140,166],
[136,141,185],
[139,155,178],
[133,150,157],
[135,146,187],
[152,154,184],
[147,148,163],
[126,129,174],
[134,156,176],
[149,153,182],
[132,144,169],
[161,175,183],
[168,172,179],
[158,160,170],
[159,164,165],
[162,177,180]],

[[17,48,62],
[12,18,46],
[2,20,42],
[3,26,61],
[6,13,56],
[5,15,41],
[11,16,60],
[14,30,53],
[8,25,32],
[10,21,31],
[27,29,59],
[22,23,38],
[1,4,49],
[0,9,51],
[24,28,57],
[7,19,44],
[36,50,58],
[43,47,54],
[33,35,45],
[34,39,40],
[37,52,55],
[80,111,125],
[75,81,109],
[65,83,105],
[66,89,124],
[69,76,119],
[68,78,104],
[74,79,123],
[77,93,116],
[71,88,95],
[73,84,94],
[90,92,122],
[85,86,101],
[64,67,112],
[63,72,114],
[87,91,120],
[70,82,107],
[99,113,121],
[106,110,117],
[96,98,108],
[97,102,103],
[100,115,118],
[143,174,188],
[138,144,172],
[128,146,168],
[129,152,187],
[132,139,182],
[131,141,167],
[137,142,186],
[140,156,179],
[134,151,158],
[136,147,157],
[153,155,185],
[148,149,164],
[127,130,175],
[126,135,177],
[150,154,183],
[133,145,170],
[162,176,184],
[169,173,180],
[159,161,171],
[160,165,166],
[163,178,181]],

[[20,51,62],
[15,21,49],
[5,23,45],
[6,29,33],
[9,16,59],
[8,18,44],
[14,19,32],
[2,17,56],
[11,28,35],
[13,24,34],
[1,30,31],
[25,26,41],
[4,7,52],
[3,12,54],
[0,27,60],
[10,22,47],
[39,53,61],
[46,50,57],
[36,38,48],
[37,42,43],
[40,55,58],
[83,114,125],
[78,84,112],
[68,86,108],
[69,92,96],
[72,79,122],
[71,81,107],
[77,82,95],
[65,80,119],
[74,91,98],
[76,87,97],
[64,93,94],
[88,89,104],
[67,70,115],
[66,75,117],
[63,90,123],
[73,85,110],
[102,116,124],
[109,113,120],
[99,101,111],
[100,105,106],
[103,118,121],
[146,177,188],
[141,147,175],
[131,149,171],
[132,155,159],
[135,142,185],
[134,144,170],
[140,145,158],
[128,143,182],
[137,154,161],
[139,150,160],
[127,156,157],
[151,152,167],
[130,133,178],
[129,138,180],
[126,153,186],
[136,148,173],
[165,179,187],
[172,176,183],
[162,164,174],
[163,168,169],
[166,181,184]],

[[29,60,62],
[24,30,58],
[1,14,54],
[7,15,42],
[18,25,37],
[17,27,53],
[23,28,41],
[11,26,34],
[6,20,44],
[2,22,43],
[8,10,40],
[3,4,50],
[13,16,61],
[12,21,32],
[5,9,38],
[0,19,56],
[31,39,48],
[35,55,59],
[45,47,57],
[46,51,52],
[33,36,49],
[92,123,125],
[87,93,121],
[64,77,117],
[70,78,105],
[81,88,100],
[80,90,116],
[86,91,104],
[74,89,97],
[69,83,107],
[65,85,106],
[71,73,103],
[66,67,113],
[76,79,124],
[75,84,95],
[68,72,101],
[63,82,119],
[94,102,111],
[98,118,122],
[108,110,120],
[109,114,115],
[96,99,112],
[155,186,188],
[150,156,184],
[127,140,180],
[133,141,168],
[144,151,163],
[143,153,179],
[149,154,167],
[137,152,160],
[132,146,170],
[128,148,169],
[134,136,166],
[129,130,176],
[139,142,187],
[138,147,158],
[131,135,164],
[126,145,182],
[157,165,174],
[161,181,185],
[171,173,183],
[172,177,178],
[159,162,175]],

[[25,56,62],
[20,26,54],
[10,28,50],
[3,11,38],
[14,21,33],
[13,23,49],
[19,24,37],
[7,22,61],
[2,16,40],
[18,29,39],
[4,6,36],
[0,30,46],
[9,12,57],
[8,17,59],
[1,5,34],
[15,27,52],
[35,44,58],
[31,51,55],
[41,43,53],
[42,47,48],
[32,45,60],
[88,119,125],
[83,89,117],
[73,91,113],
[66,74,101],
[77,84,96],
[76,86,112],
[82,87,100],
[70,85,124],
[65,79,103],
[81,92,102],
[67,69,99],
[63,93,109],
[72,75,120],
[71,80,122],
[64,68,97],
[78,90,115],
[98,107,121],
[94,114,118],
[104,106,116],
[105,110,111],
[95,108,123],
[151,182,188],
[146,152,180],
[136,154,176],
[129,137,164],
[140,147,159],
[139,149,175],
[145,150,163],
[133,148,187],
[128,142,166],
[144,155,165],
[130,132,162],
[126,156,172],
[135,138,183],
[134,143,185],
[127,131,160],
[141,153,178],
[161,170,184],
[157,177,181],
[167,169,179],
[168,173,174],
[158,171,186]],

[[13,44,62],
[8,14,42],
[16,29,38],
[22,30,57],
[2,9,52],
[1,11,37],
[7,12,56],
[10,26,49],
[4,21,59],
[6,17,58],
[23,25,55],
[18,19,34],
[0,28,45],
[5,27,47],
[20,24,53],
[3,15,40],
[32,46,54],
[39,43,50],
[31,41,60],
[35,36,61],
[33,48,51],
[76,107,125],
[71,77,105],
[79,92,101],
[85,93,120],
[65,72,115],
[64,74,100],
[70,75,119],
[73,89,112],
[67,84,122],
[69,80,121],
[86,88,118],
[81,82,97],
[63,91,108],
[68,90,110],
[83,87,116],
[66,78,103],
[95,109,117],
[102,106,113],
[94,104,123],
[98,99,124],
[96,111,114],
[139,170,188],
[134,140,168],
[142,155,164],
[148,156,183],
[128,135,178],
[127,137,163],
[133,138,182],
[136,152,175],
[130,147,185],
[132,143,184],
[149,151,181],
[144,145,160],
[126,154,171],
[131,153,173],
[146,150,179],
[129,141,166],
[158,172,180],
[165,169,176],
[157,167,186],
[161,162,187],
[159,174,177]],

[[8,39,62],
[3,9,37],
[11,24,33],
[17,25,52],
[4,28,47],
[6,27,32],
[2,7,51],
[5,21,44],
[16,30,54],
[1,12,53],
[18,20,50],
[13,14,60],
[23,26,40],
[0,22,42],
[15,19,48],
[10,29,35],
[41,49,58],
[34,38,45],
[36,55,57],
[31,56,61],
[43,46,59],
[71,102,125],
[66,72,100],
[74,87,96],
[80,88,115],
[67,91,110],
[69,90,95],
[65,70,114],
[68,84,107],
[79,93,117],
[64,75,116],
[81,83,113],
[76,77,123],
[86,89,103],
[63,85,105],
[78,82,111],
[73,92,98],
[104,112,121],
[97,101,108],
[99,118,120],
[94,119,124],
[106,109,122],
[134,165,188],
[129,135,163],
[137,150,159],
[143,151,178],
[130,154,173],
[132,153,158],
[128,133,177],
[131,147,170],
[142,156,180],
[127,138,179],
[144,146,176],
[139,140,186],
[149,152,166],
[126,148,168],
[141,145,174],
[136,155,161],
[167,175,184],
[160,164,171],
[162,181,183],
[157,182,187],
[169,172,185]],

[[24,55,62],
[19,25,53],
[9,27,49],
[2,10,37],
[13,20,32],
[12,22,48],
[18,23,36],
[6,21,60],
[1,15,39],
[17,28,38],
[3,5,35],
[29,30,45],
[8,11,56],
[7,16,58],
[0,4,33],
[14,26,51],
[34,43,57],
[50,54,61],
[40,42,52],
[41,46,47],
[31,44,59],
[87,118,125],
[82,88,116],
[72,90,112],
[65,73,100],
[76,83,95],
[75,85,111],
[81,86,99],
[69,84,123],
[64,78,102],
[80,91,101],
[66,68,98],
[92,93,108],
[71,74,119],
[70,79,121],
[63,67,96],
[77,89,114],
[97,106,120],
[113,117,124],
[103,105,115],
[104,109,110],
[94,107,122],
[150,181,188],
[145,151,179],
[135,153,175],
[128,136,163],
[139,146,158],
[138,148,174],
[144,149,162],
[132,147,186],
[127,141,165],
[143,154,164],
[129,131,161],
[155,156,171],
[134,137,182],
[133,142,184],
[126,130,159],
[140,152,177],
[160,169,183],
[176,180,187],
[166,168,178],
[167,172,173],
[157,170,185]],

[[10,41,62],
[5,11,39],
[13,26,35],
[19,27,54],
[6,30,49],
[8,29,34],
[4,9,53],
[7,23,46],
[1,18,56],
[3,14,55],
[20,22,52],
[15,16,31],
[25,28,42],
[2,24,44],
[17,21,50],
[0,12,37],
[43,51,60],
[36,40,47],
[38,57,59],
[32,33,58],
[45,48,61],
[73,104,125],
[68,74,102],
[76,89,98],
[82,90,117],
[69,93,112],
[71,92,97],
[67,72,116],
[70,86,109],
[64,81,119],
[66,77,118],
[83,85,115],
[78,79,94],
[88,91,105],
[65,87,107],
[80,84,113],
[63,75,100],
[106,114,123],
[99,103,110],
[101,120,122],
[95,96,121],
[108,111,124],
[136,167,188],
[131,137,165],
[139,152,161],
[145,153,180],
[132,156,175],
[134,155,160],
[130,135,179],
[133,149,172],
[127,144,182],
[129,140,181],
[146,148,178],
[141,142,157],
[151,154,168],
[128,150,170],
[143,147,176],
[126,138,163],
[169,177,186],
[162,166,173],
[164,183,185],
[158,159,184],
[171,174,187]],

[[30,61,62],
[0,25,59],
[2,15,55],
[8,16,43],
[19,26,38],
[18,28,54],
[24,29,42],
[12,27,35],
[7,21,45],
[3,23,44],
[9,11,41],
[4,5,51],
[14,17,31],
[13,22,33],
[6,10,39],
[1,20,57],
[32,40,49],
[36,56,60],
[46,48,58],
[47,52,53],
[34,37,50],
[93,124,125],
[63,88,122],
[65,78,118],
[71,79,106],
[82,89,101],
[81,91,117],
[87,92,105],
[75,90,98],
[70,84,108],
[66,86,107],
[72,74,104],
[67,68,114],
[77,80,94],
[76,85,96],
[69,73,102],
[64,83,120],
[95,103,112],
[99,119,123],
[109,111,121],
[110,115,116],
[97,100,113],
[156,187,188],
[126,151,185],
[128,141,181],
[134,142,169],
[145,152,164],
[144,154,180],
[150,155,168],
[138,153,161],
[133,147,171],
[129,149,170],
[135,137,167],
[130,131,177],
[140,143,157],
[139,148,159],
[132,136,165],
[127,146,183],
[158,166,175],
[162,182,186],
[172,174,184],
[173,178,179],
[160,163,176]],

[[28,59,62],
[23,29,57],
[0,13,53],
[6,14,41],
[17,24,36],
[16,26,52],
[22,27,40],
[10,25,33],
[5,19,43],
[1,21,42],
[7,9,39],
[2,3,49],
[12,15,60],
[11,20,31],
[4,8,37],
[18,30,55],
[38,47,61],
[34,54,58],
[44,46,56],
[45,50,51],
[32,35,48],
[91,122,125],
[86,92,120],
[63,76,116],
[69,77,104],
[80,87,99],
[79,89,115],
[85,90,103],
[73,88,96],
[68,82,106],
[64,84,105],
[70,72,102],
[65,66,112],
[75,78,123],
[74,83,94],
[67,71,100],
[81,93,118],
[101,110,124],
[97,117,121],
[107,109,119],
[108,113,114],
[95,98,111],
[154,185,188],
[149,155,183],
[126,139,179],
[132,140,167],
[143,150,162],
[142,152,178],
[148,153,166],
[136,151,159],
[131,145,169],
[127,147,168],
[133,135,165],
[128,129,175],
[138,141,186],
[137,146,157],
[130,134,163],
[144,156,181],
[164,173,187],
[160,180,184],
[170,172,182],
[171,176,177],
[158,161,174]],

[[22,53,62],
[17,23,51],
[7,25,47],
[0,8,35],
[11,18,61],
[10,20,46],
[16,21,34],
[4,19,58],
[13,30,37],
[15,26,36],
[1,3,33],
[27,28,43],
[6,9,54],
[5,14,56],
[2,29,31],
[12,24,49],
[32,41,55],
[48,52,59],
[38,40,50],
[39,44,45],
[42,57,60],
[85,116,125],
[80,86,114],
[70,88,110],
[63,71,98],
[74,81,124],
[73,83,109],
[79,84,97],
[67,82,121],
[76,93,100],
[78,89,99],
[64,66,96],
[90,91,106],
[69,72,117],
[68,77,119],
[65,92,94],
[75,87,112],
[95,104,118],
[111,115,122],
[101,103,113],
[102,107,108],
[105,120,123],
[148,179,188],
[143,149,177],
[133,151,173],
[126,134,161],
[137,144,187],
[136,146,172],
[142,147,160],
[130,145,184],
[139,156,163],
[141,152,162],
[127,129,159],
[153,154,169],
[132,135,180],
[131,140,182],
[128,155,157],
[138,150,175],
[158,167,181],
[174,178,185],
[164,166,176],
[165,170,171],
[168,183,186]],

[[4,35,62],
[5,30,33],
[7,20,60],
[13,21,48],
[0,24,43],
[2,23,59],
[3,29,47],
[1,17,40],
[12,26,50],
[8,28,49],
[14,16,46],
[9,10,56],
[19,22,36],
[18,27,38],
[11,15,44],
[6,25,31],
[37,45,54],
[34,41,61],
[32,51,53],
[52,57,58],
[39,42,55],
[67,98,125],
[68,93,96],
[70,83,123],
[76,84,111],
[63,87,106],
[65,86,122],
[66,92,110],
[64,80,103],
[75,89,113],
[71,91,112],
[77,79,109],
[72,73,119],
[82,85,99],
[81,90,101],
[74,78,107],
[69,88,94],
[100,108,117],
[97,104,124],
[95,114,116],
[115,120,121],
[102,105,118],
[130,161,188],
[131,156,159],
[133,146,186],
[139,147,174],
[126,150,169],
[128,149,185],
[129,155,173],
[127,143,166],
[138,152,176],
[134,154,175],
[140,142,172],
[135,136,182],
[145,148,162],
[144,153,164],
[137,141,170],
[132,151,157],
[163,171,180],
[160,167,187],
[158,177,179],
[178,183,184],
[165,168,181]],

[[12,43,62],
[7,13,41],
[15,28,37],
[21,29,56],
[1,8,51],
[0,10,36],
[6,11,55],
[9,25,48],
[3,20,58],
[5,16,57],
[22,24,54],
[17,18,33],
[27,30,44],
[4,26,46],
[19,23,52],
[2,14,39],
[31,45,53],
[38,42,49],
[40,59,61],
[34,35,60],
[32,47,50],
[75,106,125],
[70,76,104],
[78,91,100],
[84,92,119],
[64,71,114],
[63,73,99],
[69,74,118],
[72,88,111],
[66,83,121],
[68,79,120],
[85,87,117],
[80,81,96],
[90,93,107],
[67,89,109],
[82,86,115],
[65,77,102],
[94,108,116],
[101,105,112],
[103,122,124],
[97,98,123],
[95,110,113],
[138,169,188],
[133,139,167],
[141,154,163],
[147,155,182],
[127,134,177],
[126,136,162],
[132,137,181],
[135,151,174],
[129,146,184],
[131,142,183],
[148,150,180],
[143,144,159],
[153,156,170],
[130,152,172],
[145,149,178],
[128,140,165],
[157,171,179],
[164,168,175],
[166,185,187],
[160,161,186],
[158,173,176]],

[[5,36,62],
[0,6,34],
[8,21,61],
[14,22,49],
[1,25,44],
[3,24,60],
[4,30,48],
[2,18,41],
[13,27,51],
[9,29,50],
[15,17,47],
[10,11,57],
[20,23,37],
[19,28,39],
[12,16,45],
[7,26,32],
[38,46,55],
[31,35,42],
[33,52,54],
[53,58,59],
[40,43,56],
[68,99,125],
[63,69,97],
[71,84,124],
[77,85,112],
[64,88,107],
[66,87,123],
[67,93,111],
[65,81,104],
[76,90,114],
[72,92,113],
[78,80,110],
[73,74,120],
[83,86,100],
[82,91,102],
[75,79,108],
[70,89,95],
[101,109,118],
[94,98,105],
[96,115,117],
[116,121,122],
[103,106,119],
[131,162,188],
[126,132,160],
[134,147,187],
[140,148,175],
[127,151,170],
[129,150,186],
[130,156,174],
[128,144,167],
[139,153,177],
[135,155,176],
[141,143,173],
[136,137,183],
[146,149,163],
[145,154,165],
[138,142,171],
[133,152,158],
[164,172,181],
[157,161,168],
[159,178,180],
[179,184,185],
[166,169,182]],

[[15,46,62],
[10,16,44],
[0,18,40],
[1,24,59],
[4,11,54],
[3,13,39],
[9,14,58],
[12,28,51],
[6,23,61],
[8,19,60],
[25,27,57],
[20,21,36],
[2,30,47],
[7,29,49],
[22,26,55],
[5,17,42],
[34,48,56],
[41,45,52],
[31,33,43],
[32,37,38],
[35,50,53],
[78,109,125],
[73,79,107],
[63,81,103],
[64,87,122],
[67,74,117],
[66,76,102],
[72,77,121],
[75,91,114],
[69,86,124],
[71,82,123],
[88,90,120],
[83,84,99],
[65,93,110],
[70,92,112],
[85,89,118],
[68,80,105],
[97,111,119],
[104,108,115],
[94,96,106],
[95,100,101],
[98,113,116],
[141,172,188],
[136,142,170],
[126,144,166],
[127,150,185],
[130,137,180],
[129,139,165],
[135,140,184],
[138,154,177],
[132,149,187],
[134,145,186],
[151,153,183],
[146,147,162],
[128,156,173],
[133,155,175],
[148,152,181],
[131,143,168],
[160,174,182],
[167,171,178],
[157,159,169],
[158,163,164],
[161,176,179]],

[[14,45,62],
[9,15,43],
[17,30,39],
[0,23,58],
[3,10,53],
[2,12,38],
[8,13,57],
[11,27,50],
[5,22,60],
[7,18,59],
[24,26,56],
[19,20,35],
[1,29,46],
[6,28,48],
[21,25,54],
[4,16,41],
[33,47,55],
[40,44,51],
[32,42,61],
[31,36,37],
[34,49,52],
[77,108,125],
[72,78,106],
[80,93,102],
[63,86,121],
[66,73,116],
[65,75,101],
[71,76,120],
[74,90,113],
[68,85,123],
[70,81,122],
[87,89,119],
[82,83,98],
[64,92,109],
[69,91,111],
[84,88,117],
[67,79,104],
[96,110,118],
[103,107,114],
[95,105,124],
[94,99,100],
[97,112,115],
[140,171,188],
[135,141,169],
[143,156,165],
[126,149,184],
[129,136,179],
[128,138,164],
[134,139,183],
[137,153,176],
[131,148,186],
[133,144,185],
[150,152,182],
[145,146,161],
[127,155,172],
[132,154,174],
[147,151,180],
[130,142,167],
[159,173,181],
[166,170,177],
[158,168,187],
[157,162,163],
[160,175,178]],

[[11,42,62],
[6,12,40],
[14,27,36],
[20,28,55],
[0,7,50],
[9,30,35],
[5,10,54],
[8,24,47],
[2,19,57],
[4,15,56],
[21,23,53],
[16,17,32],
[26,29,43],
[3,25,45],
[18,22,51],
[1,13,38],
[44,52,61],
[37,41,48],
[39,58,60],
[33,34,59],
[31,46,49],
[74,105,125],
[69,75,103],
[77,90,99],
[83,91,118],
[63,70,113],
[72,93,98],
[68,73,117],
[71,87,110],
[65,82,120],
[67,78,119],
[84,86,116],
[79,80,95],
[89,92,106],
[66,88,108],
[81,85,114],
[64,76,101],
[107,115,124],
[100,104,111],
[102,121,123],
[96,97,122],
[94,109,112],
[137,168,188],
[132,138,166],
[140,153,162],
[146,154,181],
[126,133,176],
[135,156,161],
[131,136,180],
[134,150,173],
[128,145,183],
[130,141,182],
[147,149,179],
[142,143,158],
[152,155,169],
[129,151,171],
[144,148,177],
[127,139,164],
[170,178,187],
[163,167,174],
[165,184,186],
[159,160,185],
[157,172,175]],

[[2,33,62],
[3,28,31],
[5,18,58],
[11,19,46],
[22,29,41],
[0,21,57],
[1,27,45],
[15,30,38],
[10,24,48],
[6,26,47],
[12,14,44],
[7,8,54],
[17,20,34],
[16,25,36],
[9,13,42],
[4,23,60],
[35,43,52],
[32,39,59],
[49,51,61],
[50,55,56],
[37,40,53],
[65,96,125],
[66,91,94],
[68,81,121],
[74,82,109],
[85,92,104],
[63,84,120],
[64,90,108],
[78,93,101],
[73,87,111],
[69,89,110],
[75,77,107],
[70,71,117],
[80,83,97],
[79,88,99],
[72,76,105],
[67,86,123],
[98,106,115],
[95,102,122],
[112,114,124],
[113,118,119],
[100,103,116],
[128,159,188],
[129,154,157],
[131,144,184],
[137,145,172],
[148,155,167],
[126,147,183],
[127,153,171],
[141,156,164],
[136,150,174],
[132,152,173],
[138,140,170],
[133,134,180],
[143,146,160],
[142,151,162],
[135,139,168],
[130,149,186],
[161,169,178],
[158,165,185],
[175,177,187],
[176,181,182],
[163,166,179]],

[[6,37,62],
[1,7,35],
[9,22,31],
[15,23,50],
[2,26,45],
[4,25,61],
[0,5,49],
[3,19,42],
[14,28,52],
[10,30,51],
[16,18,48],
[11,12,58],
[21,24,38],
[20,29,40],
[13,17,46],
[8,27,33],
[39,47,56],
[32,36,43],
[34,53,55],
[54,59,60],
[41,44,57],
[69,100,125],
[64,70,98],
[72,85,94],
[78,86,113],
[65,89,108],
[67,88,124],
[63,68,112],
[66,82,105],
[77,91,115],
[73,93,114],
[79,81,111],
[74,75,121],
[84,87,101],
[83,92,103],
[76,80,109],
[71,90,96],
[102,110,119],
[95,99,106],
[97,116,118],
[117,122,123],
[104,107,120],
[132,163,188],
[127,133,161],
[135,148,157],
[141,149,176],
[128,152,171],
[130,151,187],
[126,131,175],
[129,145,168],
[140,154,178],
[136,156,177],
[142,144,174],
[137,138,184],
[147,150,164],
[146,155,166],
[139,143,172],
[134,153,159],
[165,173,182],
[158,162,169],
[160,179,181],
[180,185,186],
[167,170,183]],

[[18,49,62],
[13,19,47],
[3,21,43],
[4,27,31],
[7,14,57],
[6,16,42],
[12,17,61],
[0,15,54],
[9,26,33],
[11,22,32],
[28,30,60],
[23,24,39],
[2,5,50],
[1,10,52],
[25,29,58],
[8,20,45],
[37,51,59],
[44,48,55],
[34,36,46],
[35,40,41],
[38,53,56],
[81,112,125],
[76,82,110],
[66,84,106],
[67,90,94],
[70,77,120],
[69,79,105],
[75,80,124],
[63,78,117],
[72,89,96],
[74,85,95],
[91,93,123],
[86,87,102],
[65,68,113],
[64,73,115],
[88,92,121],
[71,83,108],
[100,114,122],
[107,111,118],
[97,99,109],
[98,103,104],
[101,116,119],
[144,175,188],
[139,145,173],
[129,147,169],
[130,153,157],
[133,140,183],
[132,142,168],
[138,143,187],
[126,141,180],
[135,152,159],
[137,148,158],
[154,156,186],
[149,150,165],
[128,131,176],
[127,136,178],
[151,155,184],
[134,146,171],
[163,177,185],
[170,174,181],
[160,162,172],
[161,166,167],
[164,179,182]],

[[23,54,62],
[18,24,52],
[8,26,48],
[1,9,36],
[12,19,31],
[11,21,47],
[17,22,35],
[5,20,59],
[0,14,38],
[16,27,37],
[2,4,34],
[28,29,44],
[7,10,55],
[6,15,57],
[3,30,32],
[13,25,50],
[33,42,56],
[49,53,60],
[39,41,51],
[40,45,46],
[43,58,61],
[86,117,125],
[81,87,115],
[71,89,111],
[64,72,99],
[75,82,94],
[74,84,110],
[80,85,98],
[68,83,122],
[63,77,101],
[79,90,100],
[65,67,97],
[91,92,107],
[70,73,118],
[69,78,120],
[66,93,95],
[76,88,113],
[96,105,119],
[112,116,123],
[102,104,114],
[103,108,109],
[106,121,124],
[149,180,188],
[144,150,178],
[134,152,174],
[127,135,162],
[138,145,157],
[137,147,173],
[143,148,161],
[131,146,185],
[126,140,164],
[142,153,163],
[128,130,160],
[154,155,170],
[133,136,181],
[132,141,183],
[129,156,158],
[139,151,176],
[159,168,182],
[175,179,186],
[165,167,177],
[166,171,172],
[169,184,187]],

[[7,38,62],
[2,8,36],
[10,23,32],
[16,24,51],
[3,27,46],
[5,26,31],
[1,6,50],
[4,20,43],
[15,29,53],
[0,11,52],
[17,19,49],
[12,13,59],
[22,25,39],
[21,30,41],
[14,18,47],
[9,28,34],
[40,48,57],
[33,37,44],
[35,54,56],
[55,60,61],
[42,45,58],
[70,101,125],
[65,71,99],
[73,86,95],
[79,87,114],
[66,90,109],
[68,89,94],
[64,69,113],
[67,83,106],
[78,92,116],
[63,74,115],
[80,82,112],
[75,76,122],
[85,88,102],
[84,93,104],
[77,81,110],
[72,91,97],
[103,111,120],
[96,100,107],
[98,117,119],
[118,123,124],
[105,108,121],
[133,164,188],
[128,134,162],
[136,149,158],
[142,150,177],
[129,153,172],
[131,152,157],
[127,132,176],
[130,146,169],
[141,155,179],
[126,137,178],
[143,145,175],
[138,139,185],
[148,151,165],
[147,156,167],
[140,144,173],
[135,154,160],
[166,174,183],
[159,163,170],
[161,180,182],
[181,186,187],
[168,171,184]],

[[21,52,62],
[16,22,50],
[6,24,46],
[7,30,34],
[10,17,60],
[9,19,45],
[15,20,33],
[3,18,57],
[12,29,36],
[14,25,35],
[0,2,32],
[26,27,42],
[5,8,53],
[4,13,55],
[1,28,61],
[11,23,48],
[31,40,54],
[47,51,58],
[37,39,49],
[38,43,44],
[41,56,59],
[84,115,125],
[79,85,113],
[69,87,109],
[70,93,97],
[73,80,123],
[72,82,108],
[78,83,96],
[66,81,120],
[75,92,99],
[77,88,98],
[63,65,95],
[89,90,105],
[68,71,116],
[67,76,118],
[64,91,124],
[74,86,111],
[94,103,117],
[110,114,121],
[100,102,112],
[101,106,107],
[104,119,122],
[147,178,188],
[142,148,176],
[132,150,172],
[133,156,160],
[136,143,186],
[135,145,171],
[141,146,159],
[129,144,183],
[138,155,162],
[140,151,161],
[126,128,158],
[152,153,168],
[131,134,179],
[130,139,181],
[127,154,187],
[137,149,174],
[157,166,180],
[173,177,184],
[163,165,175],
[164,169,170],
[167,182,185]]

]
