[[[4, 7, 34, 131],
[36, 39, 66, 163],
[3, 68, 71, 98],
[35, 100, 103, 130],
[67, 132, 135, 162],
[2, 99, 164, 167],
[21, 26, 44, 147],
[53, 58, 76, 179],
[19, 85, 90, 108],
[51, 117, 122, 140],
[83, 149, 154, 172],
[12, 115, 181, 186],
[6, 27, 41, 141],
[38, 59, 73, 173],
[13, 70, 91, 105],
[45, 102, 123, 137],
[77, 134, 155, 169],
[9, 109, 166, 187],
[17, 29, 46, 159],
[49, 61, 78, 191],
[31, 81, 93, 110],
[63, 113, 125, 142],
[95, 145, 157, 174],
[14, 127, 177, 189],
[10, 25, 47, 133],
[42, 57, 79, 165],
[5, 74, 89, 111],
[37, 106, 121, 143],
[69, 138, 153, 175],
[15, 101, 170, 185],
[23, 30, 43, 148],
[55, 62, 75, 180],
[20, 87, 94, 107],
[52, 119, 126, 139],
[84, 151, 158, 171],
[11, 116, 183, 190],
[18, 22, 33, 156],
[50, 54, 65, 188],
[28, 82, 86, 97],
[60, 114, 118, 129],
[92, 146, 150, 161],
[1, 124, 178, 182],
[0, 72, 144, 192],
[24, 32, 104, 195],
[56, 64, 136, 196],
[88, 96, 168, 197],
[16, 120, 128, 198],
[48, 152, 160, 199],
[8, 80, 184, 193],
[40, 112, 176, 194]],

[[12, 15, 42, 139],
[44, 47, 74, 171],
[11, 76, 79, 106],
[43, 108, 111, 138],
[75, 140, 143, 170],
[10, 107, 172, 175],
[2, 29, 52, 155],
[34, 61, 84, 187],
[27, 66, 93, 116],
[59, 98, 125, 148],
[91, 130, 157, 180],
[20, 123, 162, 189],
[3, 14, 49, 149],
[35, 46, 81, 181],
[21, 67, 78, 113],
[53, 99, 110, 145],
[85, 131, 142, 177],
[17, 117, 163, 174],
[5, 25, 54, 135],
[37, 57, 86, 167],
[7, 69, 89, 118],
[39, 101, 121, 150],
[71, 133, 153, 182],
[22, 103, 165, 185],
[1, 18, 55, 141],
[33, 50, 87, 173],
[13, 65, 82, 119],
[45, 97, 114, 151],
[77, 129, 146, 183],
[23, 109, 161, 178],
[6, 31, 51, 156],
[38, 63, 83, 188],
[28, 70, 95, 115],
[60, 102, 127, 147],
[92, 134, 159, 179],
[19, 124, 166, 191],
[26, 30, 41, 132],
[58, 62, 73, 164],
[4, 90, 94, 105],
[36, 122, 126, 137],
[68, 154, 158, 169],
[9, 100, 186, 190],
[0, 104, 176, 193],
[32, 72, 88, 199],
[16, 64, 184, 194],
[24, 96, 112, 198],
[128, 136, 152, 197],
[80, 120, 160, 195],
[8, 48, 56, 192],
[40, 144, 168, 196]],

[[20, 23, 50, 147],
[52, 55, 82, 179],
[19, 84, 87, 114],
[51, 116, 119, 146],
[83, 148, 151, 178],
[18, 115, 180, 183],
[5, 10, 60, 131],
[37, 42, 92, 163],
[3, 69, 74, 124],
[35, 101, 106, 156],
[67, 133, 138, 188],
[28, 99, 165, 170],
[11, 22, 57, 157],
[43, 54, 89, 189],
[29, 75, 86, 121],
[61, 107, 118, 153],
[93, 139, 150, 185],
[25, 125, 171, 182],
[1, 13, 62, 143],
[33, 45, 94, 175],
[15, 65, 77, 126],
[47, 97, 109, 158],
[79, 129, 141, 190],
[30, 111, 161, 173],
[9, 26, 63, 149],
[41, 58, 95, 181],
[21, 73, 90, 127],
[53, 105, 122, 159],
[85, 137, 154, 191],
[31, 117, 169, 186],
[7, 14, 59, 132],
[39, 46, 91, 164],
[4, 71, 78, 123],
[36, 103, 110, 155],
[68, 135, 142, 187],
[27, 100, 167, 174],
[2, 6, 49, 140],
[34, 38, 81, 172],
[12, 66, 70, 113],
[44, 98, 102, 145],
[76, 130, 134, 177],
[17, 108, 162, 166],
[0, 24, 136, 194],
[16, 32, 144, 197],
[64, 72, 120, 193],
[48, 96, 176, 195],
[56, 104, 128, 199],
[160, 168, 184, 198],
[8, 112, 152, 196],
[40, 80, 88, 192]],

[[28, 31, 58, 155],
[60, 63, 90, 187],
[27, 92, 95, 122],
[59, 124, 127, 154],
[91, 156, 159, 186],
[26, 123, 188, 191],
[13, 18, 36, 139],
[45, 50, 68, 171],
[11, 77, 82, 100],
[43, 109, 114, 132],
[75, 141, 146, 164],
[4, 107, 173, 178],
[19, 30, 33, 133],
[51, 62, 65, 165],
[5, 83, 94, 97],
[37, 115, 126, 129],
[69, 147, 158, 161],
[1, 101, 179, 190],
[9, 21, 38, 151],
[41, 53, 70, 183],
[23, 73, 85, 102],
[55, 105, 117, 134],
[87, 137, 149, 166],
[6, 119, 169, 181],
[2, 17, 39, 157],
[34, 49, 71, 189],
[29, 66, 81, 103],
[61, 98, 113, 135],
[93, 130, 145, 167],
[7, 125, 162, 177],
[15, 22, 35, 140],
[47, 54, 67, 172],
[12, 79, 86, 99],
[44, 111, 118, 131],
[76, 143, 150, 163],
[3, 108, 175, 182],
[10, 14, 57, 148],
[42, 46, 89, 180],
[20, 74, 78, 121],
[52, 106, 110, 153],
[84, 138, 142, 185],
[25, 116, 170, 174],
[0, 56, 168, 195],
[32, 112, 120, 192],
[48, 64, 144, 198],
[72, 96, 152, 194],
[24, 80, 128, 196],
[88, 136, 160, 193],
[8, 16, 176, 199],
[40, 104, 184, 197]],

[[12, 26, 54, 131],
[44, 58, 86, 163],
[3, 76, 90, 118],
[35, 108, 122, 150],
[67, 140, 154, 182],
[22, 99, 172, 186],
[10, 23, 49, 139],
[42, 55, 81, 171],
[11, 74, 87, 113],
[43, 106, 119, 145],
[75, 138, 151, 177],
[17, 107, 170, 183],
[19, 21, 57, 132],
[51, 53, 89, 164],
[4, 83, 85, 121],
[36, 115, 117, 153],
[68, 147, 149, 185],
[25, 100, 179, 181],
[14, 20, 45, 129],
[46, 52, 77, 161],
[1, 78, 84, 109],
[33, 110, 116, 141],
[65, 142, 148, 173],
[13, 97, 174, 180],
[29, 30, 63, 130],
[61, 62, 95, 162],
[2, 93, 94, 127],
[34, 125, 126, 159],
[66, 157, 158, 191],
[31, 98, 189, 190],
[6, 15, 59, 137],
[38, 47, 91, 169],
[9, 70, 79, 123],
[41, 102, 111, 155],
[73, 134, 143, 187],
[27, 105, 166, 175],
[18, 28, 37, 135],
[50, 60, 69, 167],
[7, 82, 92, 101],
[39, 114, 124, 133],
[71, 146, 156, 165],
[5, 103, 178, 188],
[0, 16, 88, 196],
[32, 136, 176, 198],
[64, 104, 152, 192],
[80, 96, 144, 199],
[72, 128, 184, 195],
[56, 112, 160, 197],
[8, 120, 168, 194],
[24, 40, 48, 193]],

[[2, 20, 62, 139],
[34, 52, 94, 171],
[11, 66, 84, 126],
[43, 98, 116, 158],
[75, 130, 148, 190],
[30, 107, 162, 180],
[18, 31, 57, 147],
[50, 63, 89, 179],
[19, 82, 95, 121],
[51, 114, 127, 153],
[83, 146, 159, 185],
[25, 115, 178, 191],
[27, 29, 33, 140],
[59, 61, 65, 172],
[12, 91, 93, 97],
[44, 123, 125, 129],
[76, 155, 157, 161],
[1, 108, 187, 189],
[22, 28, 53, 137],
[54, 60, 85, 169],
[9, 86, 92, 117],
[41, 118, 124, 149],
[73, 150, 156, 181],
[21, 105, 182, 188],
[5, 6, 39, 138],
[37, 38, 71, 170],
[10, 69, 70, 103],
[42, 101, 102, 135],
[74, 133, 134, 167],
[7, 106, 165, 166],
[14, 23, 35, 145],
[46, 55, 67, 177],
[17, 78, 87, 99],
[49, 110, 119, 131],
[81, 142, 151, 163],
[3, 113, 174, 183],
[4, 26, 45, 143],
[36, 58, 77, 175],
[15, 68, 90, 109],
[47, 100, 122, 141],
[79, 132, 154, 173],
[13, 111, 164, 186],
[0, 48, 120, 197],
[32, 56, 80, 194],
[24, 64, 168, 199],
[96, 136, 184, 192],
[112, 128, 144, 193],
[72, 160, 176, 196],
[8, 88, 104, 198],
[16, 40, 152, 195]],

[[10, 28, 38, 147],
[42, 60, 70, 179],
[19, 74, 92, 102],
[51, 106, 124, 134],
[83, 138, 156, 166],
[6, 115, 170, 188],
[7, 26, 33, 155],
[39, 58, 65, 187],
[27, 71, 90, 97],
[59, 103, 122, 129],
[91, 135, 154, 161],
[1, 123, 167, 186],
[3, 5, 41, 148],
[35, 37, 73, 180],
[20, 67, 69, 105],
[52, 99, 101, 137],
[84, 131, 133, 169],
[9, 116, 163, 165],
[4, 30, 61, 145],
[36, 62, 93, 177],
[17, 68, 94, 125],
[49, 100, 126, 157],
[81, 132, 158, 189],
[29, 113, 164, 190],
[13, 14, 47, 146],
[45, 46, 79, 178],
[18, 77, 78, 111],
[50, 109, 110, 143],
[82, 141, 142, 175],
[15, 114, 173, 174],
[22, 31, 43, 153],
[54, 63, 75, 185],
[25, 86, 95, 107],
[57, 118, 127, 139],
[89, 150, 159, 171],
[11, 121, 182, 191],
[2, 12, 53, 151],
[34, 44, 85, 183],
[23, 66, 76, 117],
[55, 98, 108, 149],
[87, 130, 140, 181],
[21, 119, 162, 172],
[0, 80, 152, 198],
[32, 48, 184, 196],
[64, 88, 112, 195],
[16, 56, 96, 193],
[128, 168, 176, 192],
[104, 144, 160, 194],
[8, 24, 72, 197],
[40, 120, 136, 199]],

[[4, 18, 46, 155],
[36, 50, 78, 187],
[27, 68, 82, 110],
[59, 100, 114, 142],
[91, 132, 146, 174],
[14, 123, 164, 178],
[2, 15, 41, 131],
[34, 47, 73, 163],
[3, 66, 79, 105],
[35, 98, 111, 137],
[67, 130, 143, 169],
[9, 99, 162, 175],
[11, 13, 49, 156],
[43, 45, 81, 188],
[28, 75, 77, 113],
[60, 107, 109, 145],
[92, 139, 141, 177],
[17, 124, 171, 173],
[6, 12, 37, 153],
[38, 44, 69, 185],
[25, 70, 76, 101],
[57, 102, 108, 133],
[89, 134, 140, 165],
[5, 121, 166, 172],
[21, 22, 55, 154],
[53, 54, 87, 186],
[26, 85, 86, 119],
[58, 117, 118, 151],
[90, 149, 150, 183],
[23, 122, 181, 182],
[7, 30, 51, 129],
[39, 62, 83, 161],
[1, 71, 94, 115],
[33, 103, 126, 147],
[65, 135, 158, 179],
[19, 97, 167, 190],
[10, 20, 61, 159],
[42, 52, 93, 191],
[31, 74, 84, 125],
[63, 106, 116, 157],
[95, 138, 148, 189],
[29, 127, 170, 180],
[0, 112, 184, 199],
[32, 152, 168, 193],
[64, 80, 176, 197],
[96, 104, 120, 196],
[48, 88, 128, 194],
[16, 24, 160, 192],
[8, 136, 144, 195],
[40, 56, 72, 198]],

[[5, 8, 35, 132],
[37, 40, 67, 164],
[4, 69, 72, 99],
[36, 101, 104, 131],
[68, 133, 136, 163],
[3, 100, 165, 168],
[22, 27, 45, 148],
[54, 59, 77, 180],
[20, 86, 91, 109],
[52, 118, 123, 141],
[84, 150, 155, 173],
[13, 116, 182, 187],
[7, 28, 42, 142],
[39, 60, 74, 174],
[14, 71, 92, 106],
[46, 103, 124, 138],
[78, 135, 156, 170],
[10, 110, 167, 188],
[18, 30, 47, 128],
[50, 62, 79, 160],
[0, 82, 94, 111],
[32, 114, 126, 143],
[64, 146, 158, 175],
[15, 96, 178, 190],
[11, 26, 48, 134],
[43, 58, 80, 166],
[6, 75, 90, 112],
[38, 107, 122, 144],
[70, 139, 154, 176],
[16, 102, 171, 186],
[24, 31, 44, 149],
[56, 63, 76, 181],
[21, 88, 95, 108],
[53, 120, 127, 140],
[85, 152, 159, 172],
[12, 117, 184, 191],
[19, 23, 34, 157],
[51, 55, 66, 189],
[29, 83, 87, 98],
[61, 115, 119, 130],
[93, 147, 151, 162],
[2, 125, 179, 183],
[1, 73, 145, 192],
[25, 33, 105, 195],
[57, 65, 137, 196],
[89, 97, 169, 197],
[17, 121, 129, 198],
[49, 153, 161, 199],
[9, 81, 185, 193],
[41, 113, 177, 194]],

[[13, 16, 43, 140],
[45, 48, 75, 172],
[12, 77, 80, 107],
[44, 109, 112, 139],
[76, 141, 144, 171],
[11, 108, 173, 176],
[3, 30, 53, 156],
[35, 62, 85, 188],
[28, 67, 94, 117],
[60, 99, 126, 149],
[92, 131, 158, 181],
[21, 124, 163, 190],
[4, 15, 50, 150],
[36, 47, 82, 182],
[22, 68, 79, 114],
[54, 100, 111, 146],
[86, 132, 143, 178],
[18, 118, 164, 175],
[6, 26, 55, 136],
[38, 58, 87, 168],
[8, 70, 90, 119],
[40, 102, 122, 151],
[72, 134, 154, 183],
[23, 104, 166, 186],
[2, 19, 56, 142],
[34, 51, 88, 174],
[14, 66, 83, 120],
[46, 98, 115, 152],
[78, 130, 147, 184],
[24, 110, 162, 179],
[0, 7, 52, 157],
[32, 39, 84, 189],
[29, 64, 71, 116],
[61, 96, 103, 148],
[93, 128, 135, 180],
[20, 125, 160, 167],
[27, 31, 42, 133],
[59, 63, 74, 165],
[5, 91, 95, 106],
[37, 123, 127, 138],
[69, 155, 159, 170],
[10, 101, 187, 191],
[1, 105, 177, 193],
[33, 73, 89, 199],
[17, 65, 185, 194],
[25, 97, 113, 198],
[129, 137, 153, 197],
[81, 121, 161, 195],
[9, 49, 57, 192],
[41, 145, 169, 196]],

[[21, 24, 51, 148],
[53, 56, 83, 180],
[20, 85, 88, 115],
[52, 117, 120, 147],
[84, 149, 152, 179],
[19, 116, 181, 184],
[6, 11, 61, 132],
[38, 43, 93, 164],
[4, 70, 75, 125],
[36, 102, 107, 157],
[68, 134, 139, 189],
[29, 100, 166, 171],
[12, 23, 58, 158],
[44, 55, 90, 190],
[30, 76, 87, 122],
[62, 108, 119, 154],
[94, 140, 151, 186],
[26, 126, 172, 183],
[2, 14, 63, 144],
[34, 46, 95, 176],
[16, 66, 78, 127],
[48, 98, 110, 159],
[80, 130, 142, 191],
[31, 112, 162, 174],
[10, 27, 32, 150],
[42, 59, 64, 182],
[22, 74, 91, 96],
[54, 106, 123, 128],
[86, 138, 155, 160],
[0, 118, 170, 187],
[8, 15, 60, 133],
[40, 47, 92, 165],
[5, 72, 79, 124],
[37, 104, 111, 156],
[69, 136, 143, 188],
[28, 101, 168, 175],
[3, 7, 50, 141],
[35, 39, 82, 173],
[13, 67, 71, 114],
[45, 99, 103, 146],
[77, 131, 135, 178],
[18, 109, 163, 167],
[1, 25, 137, 194],
[17, 33, 145, 197],
[65, 73, 121, 193],
[49, 97, 177, 195],
[57, 105, 129, 199],
[161, 169, 185, 198],
[9, 113, 153, 196],
[41, 81, 89, 192]],

[[0, 29, 59, 156],
[32, 61, 91, 188],
[28, 64, 93, 123],
[60, 96, 125, 155],
[92, 128, 157, 187],
[27, 124, 160, 189],
[14, 19, 37, 140],
[46, 51, 69, 172],
[12, 78, 83, 101],
[44, 110, 115, 133],
[76, 142, 147, 165],
[5, 108, 174, 179],
[20, 31, 34, 134],
[52, 63, 66, 166],
[6, 84, 95, 98],
[38, 116, 127, 130],
[70, 148, 159, 162],
[2, 102, 180, 191],
[10, 22, 39, 152],
[42, 54, 71, 184],
[24, 74, 86, 103],
[56, 106, 118, 135],
[88, 138, 150, 167],
[7, 120, 170, 182],
[3, 18, 40, 158],
[35, 50, 72, 190],
[30, 67, 82, 104],
[62, 99, 114, 136],
[94, 131, 146, 168],
[8, 126, 163, 178],
[16, 23, 36, 141],
[48, 55, 68, 173],
[13, 80, 87, 100],
[45, 112, 119, 132],
[77, 144, 151, 164],
[4, 109, 176, 183],
[11, 15, 58, 149],
[43, 47, 90, 181],
[21, 75, 79, 122],
[53, 107, 111, 154],
[85, 139, 143, 186],
[26, 117, 171, 175],
[1, 57, 169, 195],
[33, 113, 121, 192],
[49, 65, 145, 198],
[73, 97, 153, 194],
[25, 81, 129, 196],
[89, 137, 161, 193],
[9, 17, 177, 199],
[41, 105, 185, 197]],

[[13, 27, 55, 132],
[45, 59, 87, 164],
[4, 77, 91, 119],
[36, 109, 123, 151],
[68, 141, 155, 183],
[23, 100, 173, 187],
[11, 24, 50, 140],
[43, 56, 82, 172],
[12, 75, 88, 114],
[44, 107, 120, 146],
[76, 139, 152, 178],
[18, 108, 171, 184],
[20, 22, 58, 133],
[52, 54, 90, 165],
[5, 84, 86, 122],
[37, 116, 118, 154],
[69, 148, 150, 186],
[26, 101, 180, 182],
[15, 21, 46, 130],
[47, 53, 78, 162],
[2, 79, 85, 110],
[34, 111, 117, 142],
[66, 143, 149, 174],
[14, 98, 175, 181],
[30, 31, 32, 131],
[62, 63, 64, 163],
[3, 94, 95, 96],
[35, 126, 127, 128],
[67, 158, 159, 160],
[0, 99, 190, 191],
[7, 16, 60, 138],
[39, 48, 92, 170],
[10, 71, 80, 124],
[42, 103, 112, 156],
[74, 135, 144, 188],
[28, 106, 167, 176],
[19, 29, 38, 136],
[51, 61, 70, 168],
[8, 83, 93, 102],
[40, 115, 125, 134],
[72, 147, 157, 166],
[6, 104, 179, 189],
[1, 17, 89, 196],
[33, 137, 177, 198],
[65, 105, 153, 192],
[81, 97, 145, 199],
[73, 129, 185, 195],
[57, 113, 161, 197],
[9, 121, 169, 194],
[25, 41, 49, 193]],

[[3, 21, 63, 140],
[35, 53, 95, 172],
[12, 67, 85, 127],
[44, 99, 117, 159],
[76, 131, 149, 191],
[31, 108, 163, 181],
[0, 19, 58, 148],
[32, 51, 90, 180],
[20, 64, 83, 122],
[52, 96, 115, 154],
[84, 128, 147, 186],
[26, 116, 160, 179],
[28, 30, 34, 141],
[60, 62, 66, 173],
[13, 92, 94, 98],
[45, 124, 126, 130],
[77, 156, 158, 162],
[2, 109, 188, 190],
[23, 29, 54, 138],
[55, 61, 86, 170],
[10, 87, 93, 118],
[42, 119, 125, 150],
[74, 151, 157, 182],
[22, 106, 183, 189],
[6, 7, 40, 139],
[38, 39, 72, 171],
[11, 70, 71, 104],
[43, 102, 103, 136],
[75, 134, 135, 168],
[8, 107, 166, 167],
[15, 24, 36, 146],
[47, 56, 68, 178],
[18, 79, 88, 100],
[50, 111, 120, 132],
[82, 143, 152, 164],
[4, 114, 175, 184],
[5, 27, 46, 144],
[37, 59, 78, 176],
[16, 69, 91, 110],
[48, 101, 123, 142],
[80, 133, 155, 174],
[14, 112, 165, 187],
[1, 49, 121, 197],
[33, 57, 81, 194],
[25, 65, 169, 199],
[97, 137, 185, 192],
[113, 129, 145, 193],
[73, 161, 177, 196],
[9, 89, 105, 198],
[17, 41, 153, 195]],

[[11, 29, 39, 148],
[43, 61, 71, 180],
[20, 75, 93, 103],
[52, 107, 125, 135],
[84, 139, 157, 167],
[7, 116, 171, 189],
[8, 27, 34, 156],
[40, 59, 66, 188],
[28, 72, 91, 98],
[60, 104, 123, 130],
[92, 136, 155, 162],
[2, 124, 168, 187],
[4, 6, 42, 149],
[36, 38, 74, 181],
[21, 68, 70, 106],
[53, 100, 102, 138],
[85, 132, 134, 170],
[10, 117, 164, 166],
[5, 31, 62, 146],
[37, 63, 94, 178],
[18, 69, 95, 126],
[50, 101, 127, 158],
[82, 133, 159, 190],
[30, 114, 165, 191],
[14, 15, 48, 147],
[46, 47, 80, 179],
[19, 78, 79, 112],
[51, 110, 111, 144],
[83, 142, 143, 176],
[16, 115, 174, 175],
[0, 23, 44, 154],
[32, 55, 76, 186],
[26, 64, 87, 108],
[58, 96, 119, 140],
[90, 128, 151, 172],
[12, 122, 160, 183],
[3, 13, 54, 152],
[35, 45, 86, 184],
[24, 67, 77, 118],
[56, 99, 109, 150],
[88, 131, 141, 182],
[22, 120, 163, 173],
[1, 81, 153, 198],
[33, 49, 185, 196],
[65, 89, 113, 195],
[17, 57, 97, 193],
[129, 169, 177, 192],
[105, 145, 161, 194],
[9, 25, 73, 197],
[41, 121, 137, 199]],

[[5, 19, 47, 156],
[37, 51, 79, 188],
[28, 69, 83, 111],
[60, 101, 115, 143],
[92, 133, 147, 175],
[15, 124, 165, 179],
[3, 16, 42, 132],
[35, 48, 74, 164],
[4, 67, 80, 106],
[36, 99, 112, 138],
[68, 131, 144, 170],
[10, 100, 163, 176],
[12, 14, 50, 157],
[44, 46, 82, 189],
[29, 76, 78, 114],
[61, 108, 110, 146],
[93, 140, 142, 178],
[18, 125, 172, 174],
[7, 13, 38, 154],
[39, 45, 70, 186],
[26, 71, 77, 102],
[58, 103, 109, 134],
[90, 135, 141, 166],
[6, 122, 167, 173],
[22, 23, 56, 155],
[54, 55, 88, 187],
[27, 86, 87, 120],
[59, 118, 119, 152],
[91, 150, 151, 184],
[24, 123, 182, 183],
[8, 31, 52, 130],
[40, 63, 84, 162],
[2, 72, 95, 116],
[34, 104, 127, 148],
[66, 136, 159, 180],
[20, 98, 168, 191],
[11, 21, 62, 128],
[43, 53, 94, 160],
[0, 75, 85, 126],
[32, 107, 117, 158],
[64, 139, 149, 190],
[30, 96, 171, 181],
[1, 113, 185, 199],
[33, 153, 169, 193],
[65, 81, 177, 197],
[97, 105, 121, 196],
[49, 89, 129, 194],
[17, 25, 161, 192],
[9, 137, 145, 195],
[41, 57, 73, 198]],

[[6, 9, 36, 133],
[38, 41, 68, 165],
[5, 70, 73, 100],
[37, 102, 105, 132],
[69, 134, 137, 164],
[4, 101, 166, 169],
[23, 28, 46, 149],
[55, 60, 78, 181],
[21, 87, 92, 110],
[53, 119, 124, 142],
[85, 151, 156, 174],
[14, 117, 183, 188],
[8, 29, 43, 143],
[40, 61, 75, 175],
[15, 72, 93, 107],
[47, 104, 125, 139],
[79, 136, 157, 171],
[11, 111, 168, 189],
[19, 31, 48, 129],
[51, 63, 80, 161],
[1, 83, 95, 112],
[33, 115, 127, 144],
[65, 147, 159, 176],
[16, 97, 179, 191],
[12, 27, 49, 135],
[44, 59, 81, 167],
[7, 76, 91, 113],
[39, 108, 123, 145],
[71, 140, 155, 177],
[17, 103, 172, 187],
[0, 25, 45, 150],
[32, 57, 77, 182],
[22, 64, 89, 109],
[54, 96, 121, 141],
[86, 128, 153, 173],
[13, 118, 160, 185],
[20, 24, 35, 158],
[52, 56, 67, 190],
[30, 84, 88, 99],
[62, 116, 120, 131],
[94, 148, 152, 163],
[3, 126, 180, 184],
[2, 74, 146, 192],
[26, 34, 106, 195],
[58, 66, 138, 196],
[90, 98, 170, 197],
[18, 122, 130, 198],
[50, 154, 162, 199],
[10, 82, 186, 193],
[42, 114, 178, 194]],

[[14, 17, 44, 141],
[46, 49, 76, 173],
[13, 78, 81, 108],
[45, 110, 113, 140],
[77, 142, 145, 172],
[12, 109, 174, 177],
[4, 31, 54, 157],
[36, 63, 86, 189],
[29, 68, 95, 118],
[61, 100, 127, 150],
[93, 132, 159, 182],
[22, 125, 164, 191],
[5, 16, 51, 151],
[37, 48, 83, 183],
[23, 69, 80, 115],
[55, 101, 112, 147],
[87, 133, 144, 179],
[19, 119, 165, 176],
[7, 27, 56, 137],
[39, 59, 88, 169],
[9, 71, 91, 120],
[41, 103, 123, 152],
[73, 135, 155, 184],
[24, 105, 167, 187],
[3, 20, 57, 143],
[35, 52, 89, 175],
[15, 67, 84, 121],
[47, 99, 116, 153],
[79, 131, 148, 185],
[25, 111, 163, 180],
[1, 8, 53, 158],
[33, 40, 85, 190],
[30, 65, 72, 117],
[62, 97, 104, 149],
[94, 129, 136, 181],
[21, 126, 161, 168],
[0, 28, 43, 134],
[32, 60, 75, 166],
[6, 64, 92, 107],
[38, 96, 124, 139],
[70, 128, 156, 171],
[11, 102, 160, 188],
[2, 106, 178, 193],
[34, 74, 90, 199],
[18, 66, 186, 194],
[26, 98, 114, 198],
[130, 138, 154, 197],
[82, 122, 162, 195],
[10, 50, 58, 192],
[42, 146, 170, 196]],

[[22, 25, 52, 149],
[54, 57, 84, 181],
[21, 86, 89, 116],
[53, 118, 121, 148],
[85, 150, 153, 180],
[20, 117, 182, 185],
[7, 12, 62, 133],
[39, 44, 94, 165],
[5, 71, 76, 126],
[37, 103, 108, 158],
[69, 135, 140, 190],
[30, 101, 167, 172],
[13, 24, 59, 159],
[45, 56, 91, 191],
[31, 77, 88, 123],
[63, 109, 120, 155],
[95, 141, 152, 187],
[27, 127, 173, 184],
[3, 15, 32, 145],
[35, 47, 64, 177],
[17, 67, 79, 96],
[49, 99, 111, 128],
[81, 131, 143, 160],
[0, 113, 163, 175],
[11, 28, 33, 151],
[43, 60, 65, 183],
[23, 75, 92, 97],
[55, 107, 124, 129],
[87, 139, 156, 161],
[1, 119, 171, 188],
[9, 16, 61, 134],
[41, 48, 93, 166],
[6, 73, 80, 125],
[38, 105, 112, 157],
[70, 137, 144, 189],
[29, 102, 169, 176],
[4, 8, 51, 142],
[36, 40, 83, 174],
[14, 68, 72, 115],
[46, 100, 104, 147],
[78, 132, 136, 179],
[19, 110, 164, 168],
[2, 26, 138, 194],
[18, 34, 146, 197],
[66, 74, 122, 193],
[50, 98, 178, 195],
[58, 106, 130, 199],
[162, 170, 186, 198],
[10, 114, 154, 196],
[42, 82, 90, 192]],

[[1, 30, 60, 157],
[33, 62, 92, 189],
[29, 65, 94, 124],
[61, 97, 126, 156],
[93, 129, 158, 188],
[28, 125, 161, 190],
[15, 20, 38, 141],
[47, 52, 70, 173],
[13, 79, 84, 102],
[45, 111, 116, 134],
[77, 143, 148, 166],
[6, 109, 175, 180],
[0, 21, 35, 135],
[32, 53, 67, 167],
[7, 64, 85, 99],
[39, 96, 117, 131],
[71, 128, 149, 163],
[3, 103, 160, 181],
[11, 23, 40, 153],
[43, 55, 72, 185],
[25, 75, 87, 104],
[57, 107, 119, 136],
[89, 139, 151, 168],
[8, 121, 171, 183],
[4, 19, 41, 159],
[36, 51, 73, 191],
[31, 68, 83, 105],
[63, 100, 115, 137],
[95, 132, 147, 169],
[9, 127, 164, 179],
[17, 24, 37, 142],
[49, 56, 69, 174],
[14, 81, 88, 101],
[46, 113, 120, 133],
[78, 145, 152, 165],
[5, 110, 177, 184],
[12, 16, 59, 150],
[44, 48, 91, 182],
[22, 76, 80, 123],
[54, 108, 112, 155],
[86, 140, 144, 187],
[27, 118, 172, 176],
[2, 58, 170, 195],
[34, 114, 122, 192],
[50, 66, 146, 198],
[74, 98, 154, 194],
[26, 82, 130, 196],
[90, 138, 162, 193],
[10, 18, 178, 199],
[42, 106, 186, 197]],

[[14, 28, 56, 133],
[46, 60, 88, 165],
[5, 78, 92, 120],
[37, 110, 124, 152],
[69, 142, 156, 184],
[24, 101, 174, 188],
[12, 25, 51, 141],
[44, 57, 83, 173],
[13, 76, 89, 115],
[45, 108, 121, 147],
[77, 140, 153, 179],
[19, 109, 172, 185],
[21, 23, 59, 134],
[53, 55, 91, 166],
[6, 85, 87, 123],
[38, 117, 119, 155],
[70, 149, 151, 187],
[27, 102, 181, 183],
[16, 22, 47, 131],
[48, 54, 79, 163],
[3, 80, 86, 111],
[35, 112, 118, 143],
[67, 144, 150, 175],
[15, 99, 176, 182],
[0, 31, 33, 132],
[32, 63, 65, 164],
[4, 64, 95, 97],
[36, 96, 127, 129],
[68, 128, 159, 161],
[1, 100, 160, 191],
[8, 17, 61, 139],
[40, 49, 93, 171],
[11, 72, 81, 125],
[43, 104, 113, 157],
[75, 136, 145, 189],
[29, 107, 168, 177],
[20, 30, 39, 137],
[52, 62, 71, 169],
[9, 84, 94, 103],
[41, 116, 126, 135],
[73, 148, 158, 167],
[7, 105, 180, 190],
[2, 18, 90, 196],
[34, 138, 178, 198],
[66, 106, 154, 192],
[82, 98, 146, 199],
[74, 130, 186, 195],
[58, 114, 162, 197],
[10, 122, 170, 194],
[26, 42, 50, 193]],

[[4, 22, 32, 141],
[36, 54, 64, 173],
[13, 68, 86, 96],
[45, 100, 118, 128],
[77, 132, 150, 160],
[0, 109, 164, 182],
[1, 20, 59, 149],
[33, 52, 91, 181],
[21, 65, 84, 123],
[53, 97, 116, 155],
[85, 129, 148, 187],
[27, 117, 161, 180],
[29, 31, 35, 142],
[61, 63, 67, 174],
[14, 93, 95, 99],
[46, 125, 127, 131],
[78, 157, 159, 163],
[3, 110, 189, 191],
[24, 30, 55, 139],
[56, 62, 87, 171],
[11, 88, 94, 119],
[43, 120, 126, 151],
[75, 152, 158, 183],
[23, 107, 184, 190],
[7, 8, 41, 140],
[39, 40, 73, 172],
[12, 71, 72, 105],
[44, 103, 104, 137],
[76, 135, 136, 169],
[9, 108, 167, 168],
[16, 25, 37, 147],
[48, 57, 69, 179],
[19, 80, 89, 101],
[51, 112, 121, 133],
[83, 144, 153, 165],
[5, 115, 176, 185],
[6, 28, 47, 145],
[38, 60, 79, 177],
[17, 70, 92, 111],
[49, 102, 124, 143],
[81, 134, 156, 175],
[15, 113, 166, 188],
[2, 50, 122, 197],
[34, 58, 82, 194],
[26, 66, 170, 199],
[98, 138, 186, 192],
[114, 130, 146, 193],
[74, 162, 178, 196],
[10, 90, 106, 198],
[18, 42, 154, 195]],

[[12, 30, 40, 149],
[44, 62, 72, 181],
[21, 76, 94, 104],
[53, 108, 126, 136],
[85, 140, 158, 168],
[8, 117, 172, 190],
[9, 28, 35, 157],
[41, 60, 67, 189],
[29, 73, 92, 99],
[61, 105, 124, 131],
[93, 137, 156, 163],
[3, 125, 169, 188],
[5, 7, 43, 150],
[37, 39, 75, 182],
[22, 69, 71, 107],
[54, 101, 103, 139],
[86, 133, 135, 171],
[11, 118, 165, 167],
[0, 6, 63, 147],
[32, 38, 95, 179],
[19, 64, 70, 127],
[51, 96, 102, 159],
[83, 128, 134, 191],
[31, 115, 160, 166],
[15, 16, 49, 148],
[47, 48, 81, 180],
[20, 79, 80, 113],
[52, 111, 112, 145],
[84, 143, 144, 177],
[17, 116, 175, 176],
[1, 24, 45, 155],
[33, 56, 77, 187],
[27, 65, 88, 109],
[59, 97, 120, 141],
[91, 129, 152, 173],
[13, 123, 161, 184],
[4, 14, 55, 153],
[36, 46, 87, 185],
[25, 68, 78, 119],
[57, 100, 110, 151],
[89, 132, 142, 183],
[23, 121, 164, 174],
[2, 82, 154, 198],
[34, 50, 186, 196],
[66, 90, 114, 195],
[18, 58, 98, 193],
[130, 170, 178, 192],
[106, 146, 162, 194],
[10, 26, 74, 197],
[42, 122, 138, 199]],

[[6, 20, 48, 157],
[38, 52, 80, 189],
[29, 70, 84, 112],
[61, 102, 116, 144],
[93, 134, 148, 176],
[16, 125, 166, 180],
[4, 17, 43, 133],
[36, 49, 75, 165],
[5, 68, 81, 107],
[37, 100, 113, 139],
[69, 132, 145, 171],
[11, 101, 164, 177],
[13, 15, 51, 158],
[45, 47, 83, 190],
[30, 77, 79, 115],
[62, 109, 111, 147],
[94, 141, 143, 179],
[19, 126, 173, 175],
[8, 14, 39, 155],
[40, 46, 71, 187],
[27, 72, 78, 103],
[59, 104, 110, 135],
[91, 136, 142, 167],
[7, 123, 168, 174],
[23, 24, 57, 156],
[55, 56, 89, 188],
[28, 87, 88, 121],
[60, 119, 120, 153],
[92, 151, 152, 185],
[25, 124, 183, 184],
[0, 9, 53, 131],
[32, 41, 85, 163],
[3, 64, 73, 117],
[35, 96, 105, 149],
[67, 128, 137, 181],
[21, 99, 160, 169],
[12, 22, 63, 129],
[44, 54, 95, 161],
[1, 76, 86, 127],
[33, 108, 118, 159],
[65, 140, 150, 191],
[31, 97, 172, 182],
[2, 114, 186, 199],
[34, 154, 170, 193],
[66, 82, 178, 197],
[98, 106, 122, 196],
[50, 90, 130, 194],
[18, 26, 162, 192],
[10, 138, 146, 195],
[42, 58, 74, 198]],

[[7, 10, 37, 134],
[39, 42, 69, 166],
[6, 71, 74, 101],
[38, 103, 106, 133],
[70, 135, 138, 165],
[5, 102, 167, 170],
[24, 29, 47, 150],
[56, 61, 79, 182],
[22, 88, 93, 111],
[54, 120, 125, 143],
[86, 152, 157, 175],
[15, 118, 184, 189],
[9, 30, 44, 144],
[41, 62, 76, 176],
[16, 73, 94, 108],
[48, 105, 126, 140],
[80, 137, 158, 172],
[12, 112, 169, 190],
[0, 20, 49, 130],
[32, 52, 81, 162],
[2, 64, 84, 113],
[34, 96, 116, 145],
[66, 128, 148, 177],
[17, 98, 160, 180],
[13, 28, 50, 136],
[45, 60, 82, 168],
[8, 77, 92, 114],
[40, 109, 124, 146],
[72, 141, 156, 178],
[18, 104, 173, 188],
[1, 26, 46, 151],
[33, 58, 78, 183],
[23, 65, 90, 110],
[55, 97, 122, 142],
[87, 129, 154, 174],
[14, 119, 161, 186],
[21, 25, 36, 159],
[53, 57, 68, 191],
[31, 85, 89, 100],
[63, 117, 121, 132],
[95, 149, 153, 164],
[4, 127, 181, 185],
[3, 75, 147, 192],
[27, 35, 107, 195],
[59, 67, 139, 196],
[91, 99, 171, 197],
[19, 123, 131, 198],
[51, 155, 163, 199],
[11, 83, 187, 193],
[43, 115, 179, 194]],

[[15, 18, 45, 142],
[47, 50, 77, 174],
[14, 79, 82, 109],
[46, 111, 114, 141],
[78, 143, 146, 173],
[13, 110, 175, 178],
[0, 5, 55, 158],
[32, 37, 87, 190],
[30, 64, 69, 119],
[62, 96, 101, 151],
[94, 128, 133, 183],
[23, 126, 160, 165],
[6, 17, 52, 152],
[38, 49, 84, 184],
[24, 70, 81, 116],
[56, 102, 113, 148],
[88, 134, 145, 180],
[20, 120, 166, 177],
[8, 28, 57, 138],
[40, 60, 89, 170],
[10, 72, 92, 121],
[42, 104, 124, 153],
[74, 136, 156, 185],
[25, 106, 168, 188],
[4, 21, 58, 144],
[36, 53, 90, 176],
[16, 68, 85, 122],
[48, 100, 117, 154],
[80, 132, 149, 186],
[26, 112, 164, 181],
[2, 9, 54, 159],
[34, 41, 86, 191],
[31, 66, 73, 118],
[63, 98, 105, 150],
[95, 130, 137, 182],
[22, 127, 162, 169],
[1, 29, 44, 135],
[33, 61, 76, 167],
[7, 65, 93, 108],
[39, 97, 125, 140],
[71, 129, 157, 172],
[12, 103, 161, 189],
[3, 107, 179, 193],
[35, 75, 91, 199],
[19, 67, 187, 194],
[27, 99, 115, 198],
[131, 139, 155, 197],
[83, 123, 163, 195],
[11, 51, 59, 192],
[43, 147, 171, 196]],

[[23, 26, 53, 150],
[55, 58, 85, 182],
[22, 87, 90, 117],
[54, 119, 122, 149],
[86, 151, 154, 181],
[21, 118, 183, 186],
[8, 13, 63, 134],
[40, 45, 95, 166],
[6, 72, 77, 127],
[38, 104, 109, 159],
[70, 136, 141, 191],
[31, 102, 168, 173],
[14, 25, 60, 128],
[46, 57, 92, 160],
[0, 78, 89, 124],
[32, 110, 121, 156],
[64, 142, 153, 188],
[28, 96, 174, 185],
[4, 16, 33, 146],
[36, 48, 65, 178],
[18, 68, 80, 97],
[50, 100, 112, 129],
[82, 132, 144, 161],
[1, 114, 164, 176],
[12, 29, 34, 152],
[44, 61, 66, 184],
[24, 76, 93, 98],
[56, 108, 125, 130],
[88, 140, 157, 162],
[2, 120, 172, 189],
[10, 17, 62, 135],
[42, 49, 94, 167],
[7, 74, 81, 126],
[39, 106, 113, 158],
[71, 138, 145, 190],
[30, 103, 170, 177],
[5, 9, 52, 143],
[37, 41, 84, 175],
[15, 69, 73, 116],
[47, 101, 105, 148],
[79, 133, 137, 180],
[20, 111, 165, 169],
[3, 27, 139, 194],
[19, 35, 147, 197],
[67, 75, 123, 193],
[51, 99, 179, 195],
[59, 107, 131, 199],
[163, 171, 187, 198],
[11, 115, 155, 196],
[43, 83, 91, 192]],

[[2, 31, 61, 158],
[34, 63, 93, 190],
[30, 66, 95, 125],
[62, 98, 127, 157],
[94, 130, 159, 189],
[29, 126, 162, 191],
[16, 21, 39, 142],
[48, 53, 71, 174],
[14, 80, 85, 103],
[46, 112, 117, 135],
[78, 144, 149, 167],
[7, 110, 176, 181],
[1, 22, 36, 136],
[33, 54, 68, 168],
[8, 65, 86, 100],
[40, 97, 118, 132],
[72, 129, 150, 164],
[4, 104, 161, 182],
[12, 24, 41, 154],
[44, 56, 73, 186],
[26, 76, 88, 105],
[58, 108, 120, 137],
[90, 140, 152, 169],
[9, 122, 172, 184],
[5, 20, 42, 128],
[37, 52, 74, 160],
[0, 69, 84, 106],
[32, 101, 116, 138],
[64, 133, 148, 170],
[10, 96, 165, 180],
[18, 25, 38, 143],
[50, 57, 70, 175],
[15, 82, 89, 102],
[47, 114, 121, 134],
[79, 146, 153, 166],
[6, 111, 178, 185],
[13, 17, 60, 151],
[45, 49, 92, 183],
[23, 77, 81, 124],
[55, 109, 113, 156],
[87, 141, 145, 188],
[28, 119, 173, 177],
[3, 59, 171, 195],
[35, 115, 123, 192],
[51, 67, 147, 198],
[75, 99, 155, 194],
[27, 83, 131, 196],
[91, 139, 163, 193],
[11, 19, 179, 199],
[43, 107, 187, 197]],

[[15, 29, 57, 134],
[47, 61, 89, 166],
[6, 79, 93, 121],
[38, 111, 125, 153],
[70, 143, 157, 185],
[25, 102, 175, 189],
[13, 26, 52, 142],
[45, 58, 84, 174],
[14, 77, 90, 116],
[46, 109, 122, 148],
[78, 141, 154, 180],
[20, 110, 173, 186],
[22, 24, 60, 135],
[54, 56, 92, 167],
[7, 86, 88, 124],
[39, 118, 120, 156],
[71, 150, 152, 188],
[28, 103, 182, 184],
[17, 23, 48, 132],
[49, 55, 80, 164],
[4, 81, 87, 112],
[36, 113, 119, 144],
[68, 145, 151, 176],
[16, 100, 177, 183],
[0, 1, 34, 133],
[32, 33, 66, 165],
[5, 64, 65, 98],
[37, 96, 97, 130],
[69, 128, 129, 162],
[2, 101, 160, 161],
[9, 18, 62, 140],
[41, 50, 94, 172],
[12, 73, 82, 126],
[44, 105, 114, 158],
[76, 137, 146, 190],
[30, 108, 169, 178],
[21, 31, 40, 138],
[53, 63, 72, 170],
[10, 85, 95, 104],
[42, 117, 127, 136],
[74, 149, 159, 168],
[8, 106, 181, 191],
[3, 19, 91, 196],
[35, 139, 179, 198],
[67, 107, 155, 192],
[83, 99, 147, 199],
[75, 131, 187, 195],
[59, 115, 163, 197],
[11, 123, 171, 194],
[27, 43, 51, 193]],

[[5, 23, 33, 142],
[37, 55, 65, 174],
[14, 69, 87, 97],
[46, 101, 119, 129],
[78, 133, 151, 161],
[1, 110, 165, 183],
[2, 21, 60, 150],
[34, 53, 92, 182],
[22, 66, 85, 124],
[54, 98, 117, 156],
[86, 130, 149, 188],
[28, 118, 162, 181],
[0, 30, 36, 143],
[32, 62, 68, 175],
[15, 64, 94, 100],
[47, 96, 126, 132],
[79, 128, 158, 164],
[4, 111, 160, 190],
[25, 31, 56, 140],
[57, 63, 88, 172],
[12, 89, 95, 120],
[44, 121, 127, 152],
[76, 153, 159, 184],
[24, 108, 185, 191],
[8, 9, 42, 141],
[40, 41, 74, 173],
[13, 72, 73, 106],
[45, 104, 105, 138],
[77, 136, 137, 170],
[10, 109, 168, 169],
[17, 26, 38, 148],
[49, 58, 70, 180],
[20, 81, 90, 102],
[52, 113, 122, 134],
[84, 145, 154, 166],
[6, 116, 177, 186],
[7, 29, 48, 146],
[39, 61, 80, 178],
[18, 71, 93, 112],
[50, 103, 125, 144],
[82, 135, 157, 176],
[16, 114, 167, 189],
[3, 51, 123, 197],
[35, 59, 83, 194],
[27, 67, 171, 199],
[99, 139, 187, 192],
[115, 131, 147, 193],
[75, 163, 179, 196],
[11, 91, 107, 198],
[19, 43, 155, 195]],

[[13, 31, 41, 150],
[45, 63, 73, 182],
[22, 77, 95, 105],
[54, 109, 127, 137],
[86, 141, 159, 169],
[9, 118, 173, 191],
[10, 29, 36, 158],
[42, 61, 68, 190],
[30, 74, 93, 100],
[62, 106, 125, 132],
[94, 138, 157, 164],
[4, 126, 170, 189],
[6, 8, 44, 151],
[38, 40, 76, 183],
[23, 70, 72, 108],
[55, 102, 104, 140],
[87, 134, 136, 172],
[12, 119, 166, 168],
[1, 7, 32, 148],
[33, 39, 64, 180],
[20, 65, 71, 96],
[52, 97, 103, 128],
[84, 129, 135, 160],
[0, 116, 161, 167],
[16, 17, 50, 149],
[48, 49, 82, 181],
[21, 80, 81, 114],
[53, 112, 113, 146],
[85, 144, 145, 178],
[18, 117, 176, 177],
[2, 25, 46, 156],
[34, 57, 78, 188],
[28, 66, 89, 110],
[60, 98, 121, 142],
[92, 130, 153, 174],
[14, 124, 162, 185],
[5, 15, 56, 154],
[37, 47, 88, 186],
[26, 69, 79, 120],
[58, 101, 111, 152],
[90, 133, 143, 184],
[24, 122, 165, 175],
[3, 83, 155, 198],
[35, 51, 187, 196],
[67, 91, 115, 195],
[19, 59, 99, 193],
[131, 171, 179, 192],
[107, 147, 163, 194],
[11, 27, 75, 197],
[43, 123, 139, 199]],

[[7, 21, 49, 158],
[39, 53, 81, 190],
[30, 71, 85, 113],
[62, 103, 117, 145],
[94, 135, 149, 177],
[17, 126, 167, 181],
[5, 18, 44, 134],
[37, 50, 76, 166],
[6, 69, 82, 108],
[38, 101, 114, 140],
[70, 133, 146, 172],
[12, 102, 165, 178],
[14, 16, 52, 159],
[46, 48, 84, 191],
[31, 78, 80, 116],
[63, 110, 112, 148],
[95, 142, 144, 180],
[20, 127, 174, 176],
[9, 15, 40, 156],
[41, 47, 72, 188],
[28, 73, 79, 104],
[60, 105, 111, 136],
[92, 137, 143, 168],
[8, 124, 169, 175],
[24, 25, 58, 157],
[56, 57, 90, 189],
[29, 88, 89, 122],
[61, 120, 121, 154],
[93, 152, 153, 186],
[26, 125, 184, 185],
[1, 10, 54, 132],
[33, 42, 86, 164],
[4, 65, 74, 118],
[36, 97, 106, 150],
[68, 129, 138, 182],
[22, 100, 161, 170],
[13, 23, 32, 130],
[45, 55, 64, 162],
[2, 77, 87, 96],
[34, 109, 119, 128],
[66, 141, 151, 160],
[0, 98, 173, 183],
[3, 115, 187, 199],
[35, 155, 171, 193],
[67, 83, 179, 197],
[99, 107, 123, 196],
[51, 91, 131, 194],
[19, 27, 163, 192],
[11, 139, 147, 195],
[43, 59, 75, 198]],

[[8, 11, 38, 135],
[40, 43, 70, 167],
[7, 72, 75, 102],
[39, 104, 107, 134],
[71, 136, 139, 166],
[6, 103, 168, 171],
[25, 30, 48, 151],
[57, 62, 80, 183],
[23, 89, 94, 112],
[55, 121, 126, 144],
[87, 153, 158, 176],
[16, 119, 185, 190],
[10, 31, 45, 145],
[42, 63, 77, 177],
[17, 74, 95, 109],
[49, 106, 127, 141],
[81, 138, 159, 173],
[13, 113, 170, 191],
[1, 21, 50, 131],
[33, 53, 82, 163],
[3, 65, 85, 114],
[35, 97, 117, 146],
[67, 129, 149, 178],
[18, 99, 161, 181],
[14, 29, 51, 137],
[46, 61, 83, 169],
[9, 78, 93, 115],
[41, 110, 125, 147],
[73, 142, 157, 179],
[19, 105, 174, 189],
[2, 27, 47, 152],
[34, 59, 79, 184],
[24, 66, 91, 111],
[56, 98, 123, 143],
[88, 130, 155, 175],
[15, 120, 162, 187],
[22, 26, 37, 128],
[54, 58, 69, 160],
[0, 86, 90, 101],
[32, 118, 122, 133],
[64, 150, 154, 165],
[5, 96, 182, 186],
[4, 76, 148, 192],
[28, 36, 108, 195],
[60, 68, 140, 196],
[92, 100, 172, 197],
[20, 124, 132, 198],
[52, 156, 164, 199],
[12, 84, 188, 193],
[44, 116, 180, 194]],

[[16, 19, 46, 143],
[48, 51, 78, 175],
[15, 80, 83, 110],
[47, 112, 115, 142],
[79, 144, 147, 174],
[14, 111, 176, 179],
[1, 6, 56, 159],
[33, 38, 88, 191],
[31, 65, 70, 120],
[63, 97, 102, 152],
[95, 129, 134, 184],
[24, 127, 161, 166],
[7, 18, 53, 153],
[39, 50, 85, 185],
[25, 71, 82, 117],
[57, 103, 114, 149],
[89, 135, 146, 181],
[21, 121, 167, 178],
[9, 29, 58, 139],
[41, 61, 90, 171],
[11, 73, 93, 122],
[43, 105, 125, 154],
[75, 137, 157, 186],
[26, 107, 169, 189],
[5, 22, 59, 145],
[37, 54, 91, 177],
[17, 69, 86, 123],
[49, 101, 118, 155],
[81, 133, 150, 187],
[27, 113, 165, 182],
[3, 10, 55, 128],
[35, 42, 87, 160],
[0, 67, 74, 119],
[32, 99, 106, 151],
[64, 131, 138, 183],
[23, 96, 163, 170],
[2, 30, 45, 136],
[34, 62, 77, 168],
[8, 66, 94, 109],
[40, 98, 126, 141],
[72, 130, 158, 173],
[13, 104, 162, 190],
[4, 108, 180, 193],
[36, 76, 92, 199],
[20, 68, 188, 194],
[28, 100, 116, 198],
[132, 140, 156, 197],
[84, 124, 164, 195],
[12, 52, 60, 192],
[44, 148, 172, 196]],

[[24, 27, 54, 151],
[56, 59, 86, 183],
[23, 88, 91, 118],
[55, 120, 123, 150],
[87, 152, 155, 182],
[22, 119, 184, 187],
[9, 14, 32, 135],
[41, 46, 64, 167],
[7, 73, 78, 96],
[39, 105, 110, 128],
[71, 137, 142, 160],
[0, 103, 169, 174],
[15, 26, 61, 129],
[47, 58, 93, 161],
[1, 79, 90, 125],
[33, 111, 122, 157],
[65, 143, 154, 189],
[29, 97, 175, 186],
[5, 17, 34, 147],
[37, 49, 66, 179],
[19, 69, 81, 98],
[51, 101, 113, 130],
[83, 133, 145, 162],
[2, 115, 165, 177],
[13, 30, 35, 153],
[45, 62, 67, 185],
[25, 77, 94, 99],
[57, 109, 126, 131],
[89, 141, 158, 163],
[3, 121, 173, 190],
[11, 18, 63, 136],
[43, 50, 95, 168],
[8, 75, 82, 127],
[40, 107, 114, 159],
[72, 139, 146, 191],
[31, 104, 171, 178],
[6, 10, 53, 144],
[38, 42, 85, 176],
[16, 70, 74, 117],
[48, 102, 106, 149],
[80, 134, 138, 181],
[21, 112, 166, 170],
[4, 28, 140, 194],
[20, 36, 148, 197],
[68, 76, 124, 193],
[52, 100, 180, 195],
[60, 108, 132, 199],
[164, 172, 188, 198],
[12, 116, 156, 196],
[44, 84, 92, 192]],

[[0, 3, 62, 159],
[32, 35, 94, 191],
[31, 64, 67, 126],
[63, 96, 99, 158],
[95, 128, 131, 190],
[30, 127, 160, 163],
[17, 22, 40, 143],
[49, 54, 72, 175],
[15, 81, 86, 104],
[47, 113, 118, 136],
[79, 145, 150, 168],
[8, 111, 177, 182],
[2, 23, 37, 137],
[34, 55, 69, 169],
[9, 66, 87, 101],
[41, 98, 119, 133],
[73, 130, 151, 165],
[5, 105, 162, 183],
[13, 25, 42, 155],
[45, 57, 74, 187],
[27, 77, 89, 106],
[59, 109, 121, 138],
[91, 141, 153, 170],
[10, 123, 173, 185],
[6, 21, 43, 129],
[38, 53, 75, 161],
[1, 70, 85, 107],
[33, 102, 117, 139],
[65, 134, 149, 171],
[11, 97, 166, 181],
[19, 26, 39, 144],
[51, 58, 71, 176],
[16, 83, 90, 103],
[48, 115, 122, 135],
[80, 147, 154, 167],
[7, 112, 179, 186],
[14, 18, 61, 152],
[46, 50, 93, 184],
[24, 78, 82, 125],
[56, 110, 114, 157],
[88, 142, 146, 189],
[29, 120, 174, 178],
[4, 60, 172, 195],
[36, 116, 124, 192],
[52, 68, 148, 198],
[76, 100, 156, 194],
[28, 84, 132, 196],
[92, 140, 164, 193],
[12, 20, 180, 199],
[44, 108, 188, 197]],

[[16, 30, 58, 135],
[48, 62, 90, 167],
[7, 80, 94, 122],
[39, 112, 126, 154],
[71, 144, 158, 186],
[26, 103, 176, 190],
[14, 27, 53, 143],
[46, 59, 85, 175],
[15, 78, 91, 117],
[47, 110, 123, 149],
[79, 142, 155, 181],
[21, 111, 174, 187],
[23, 25, 61, 136],
[55, 57, 93, 168],
[8, 87, 89, 125],
[40, 119, 121, 157],
[72, 151, 153, 189],
[29, 104, 183, 185],
[18, 24, 49, 133],
[50, 56, 81, 165],
[5, 82, 88, 113],
[37, 114, 120, 145],
[69, 146, 152, 177],
[17, 101, 178, 184],
[1, 2, 35, 134],
[33, 34, 67, 166],
[6, 65, 66, 99],
[38, 97, 98, 131],
[70, 129, 130, 163],
[3, 102, 161, 162],
[10, 19, 63, 141],
[42, 51, 95, 173],
[13, 74, 83, 127],
[45, 106, 115, 159],
[77, 138, 147, 191],
[31, 109, 170, 179],
[0, 22, 41, 139],
[32, 54, 73, 171],
[11, 64, 86, 105],
[43, 96, 118, 137],
[75, 128, 150, 169],
[9, 107, 160, 182],
[4, 20, 92, 196],
[36, 140, 180, 198],
[68, 108, 156, 192],
[84, 100, 148, 199],
[76, 132, 188, 195],
[60, 116, 164, 197],
[12, 124, 172, 194],
[28, 44, 52, 193]],

[[6, 24, 34, 143],
[38, 56, 66, 175],
[15, 70, 88, 98],
[47, 102, 120, 130],
[79, 134, 152, 162],
[2, 111, 166, 184],
[3, 22, 61, 151],
[35, 54, 93, 183],
[23, 67, 86, 125],
[55, 99, 118, 157],
[87, 131, 150, 189],
[29, 119, 163, 182],
[1, 31, 37, 144],
[33, 63, 69, 176],
[16, 65, 95, 101],
[48, 97, 127, 133],
[80, 129, 159, 165],
[5, 112, 161, 191],
[0, 26, 57, 141],
[32, 58, 89, 173],
[13, 64, 90, 121],
[45, 96, 122, 153],
[77, 128, 154, 185],
[25, 109, 160, 186],
[9, 10, 43, 142],
[41, 42, 75, 174],
[14, 73, 74, 107],
[46, 105, 106, 139],
[78, 137, 138, 171],
[11, 110, 169, 170],
[18, 27, 39, 149],
[50, 59, 71, 181],
[21, 82, 91, 103],
[53, 114, 123, 135],
[85, 146, 155, 167],
[7, 117, 178, 187],
[8, 30, 49, 147],
[40, 62, 81, 179],
[19, 72, 94, 113],
[51, 104, 126, 145],
[83, 136, 158, 177],
[17, 115, 168, 190],
[4, 52, 124, 197],
[36, 60, 84, 194],
[28, 68, 172, 199],
[100, 140, 188, 192],
[116, 132, 148, 193],
[76, 164, 180, 196],
[12, 92, 108, 198],
[20, 44, 156, 195]],

[[0, 14, 42, 151],
[32, 46, 74, 183],
[23, 64, 78, 106],
[55, 96, 110, 138],
[87, 128, 142, 170],
[10, 119, 160, 174],
[11, 30, 37, 159],
[43, 62, 69, 191],
[31, 75, 94, 101],
[63, 107, 126, 133],
[95, 139, 158, 165],
[5, 127, 171, 190],
[7, 9, 45, 152],
[39, 41, 77, 184],
[24, 71, 73, 109],
[56, 103, 105, 141],
[88, 135, 137, 173],
[13, 120, 167, 169],
[2, 8, 33, 149],
[34, 40, 65, 181],
[21, 66, 72, 97],
[53, 98, 104, 129],
[85, 130, 136, 161],
[1, 117, 162, 168],
[17, 18, 51, 150],
[49, 50, 83, 182],
[22, 81, 82, 115],
[54, 113, 114, 147],
[86, 145, 146, 179],
[19, 118, 177, 178],
[3, 26, 47, 157],
[35, 58, 79, 189],
[29, 67, 90, 111],
[61, 99, 122, 143],
[93, 131, 154, 175],
[15, 125, 163, 186],
[6, 16, 57, 155],
[38, 48, 89, 187],
[27, 70, 80, 121],
[59, 102, 112, 153],
[91, 134, 144, 185],
[25, 123, 166, 176],
[4, 84, 156, 198],
[36, 52, 188, 196],
[68, 92, 116, 195],
[20, 60, 100, 193],
[132, 172, 180, 192],
[108, 148, 164, 194],
[12, 28, 76, 197],
[44, 124, 140, 199]],

[[8, 22, 50, 159],
[40, 54, 82, 191],
[31, 72, 86, 114],
[63, 104, 118, 146],
[95, 136, 150, 178],
[18, 127, 168, 182],
[6, 19, 45, 135],
[38, 51, 77, 167],
[7, 70, 83, 109],
[39, 102, 115, 141],
[71, 134, 147, 173],
[13, 103, 166, 179],
[15, 17, 53, 128],
[47, 49, 85, 160],
[0, 79, 81, 117],
[32, 111, 113, 149],
[64, 143, 145, 181],
[21, 96, 175, 177],
[10, 16, 41, 157],
[42, 48, 73, 189],
[29, 74, 80, 105],
[61, 106, 112, 137],
[93, 138, 144, 169],
[9, 125, 170, 176],
[25, 26, 59, 158],
[57, 58, 91, 190],
[30, 89, 90, 123],
[62, 121, 122, 155],
[94, 153, 154, 187],
[27, 126, 185, 186],
[2, 11, 55, 133],
[34, 43, 87, 165],
[5, 66, 75, 119],
[37, 98, 107, 151],
[69, 130, 139, 183],
[23, 101, 162, 171],
[14, 24, 33, 131],
[46, 56, 65, 163],
[3, 78, 88, 97],
[35, 110, 120, 129],
[67, 142, 152, 161],
[1, 99, 174, 184],
[4, 116, 188, 199],
[36, 156, 172, 193],
[68, 84, 180, 197],
[100, 108, 124, 196],
[52, 92, 132, 194],
[20, 28, 164, 192],
[12, 140, 148, 195],
[44, 60, 76, 198]],

[[9, 12, 39, 136],
[41, 44, 71, 168],
[8, 73, 76, 103],
[40, 105, 108, 135],
[72, 137, 140, 167],
[7, 104, 169, 172],
[26, 31, 49, 152],
[58, 63, 81, 184],
[24, 90, 95, 113],
[56, 122, 127, 145],
[88, 154, 159, 177],
[17, 120, 186, 191],
[0, 11, 46, 146],
[32, 43, 78, 178],
[18, 64, 75, 110],
[50, 96, 107, 142],
[82, 128, 139, 174],
[14, 114, 160, 171],
[2, 22, 51, 132],
[34, 54, 83, 164],
[4, 66, 86, 115],
[36, 98, 118, 147],
[68, 130, 150, 179],
[19, 100, 162, 182],
[15, 30, 52, 138],
[47, 62, 84, 170],
[10, 79, 94, 116],
[42, 111, 126, 148],
[74, 143, 158, 180],
[20, 106, 175, 190],
[3, 28, 48, 153],
[35, 60, 80, 185],
[25, 67, 92, 112],
[57, 99, 124, 144],
[89, 131, 156, 176],
[16, 121, 163, 188],
[23, 27, 38, 129],
[55, 59, 70, 161],
[1, 87, 91, 102],
[33, 119, 123, 134],
[65, 151, 155, 166],
[6, 97, 183, 187],
[5, 77, 149, 192],
[29, 37, 109, 195],
[61, 69, 141, 196],
[93, 101, 173, 197],
[21, 125, 133, 198],
[53, 157, 165, 199],
[13, 85, 189, 193],
[45, 117, 181, 194]],

[[17, 20, 47, 144],
[49, 52, 79, 176],
[16, 81, 84, 111],
[48, 113, 116, 143],
[80, 145, 148, 175],
[15, 112, 177, 180],
[2, 7, 57, 128],
[34, 39, 89, 160],
[0, 66, 71, 121],
[32, 98, 103, 153],
[64, 130, 135, 185],
[25, 96, 162, 167],
[8, 19, 54, 154],
[40, 51, 86, 186],
[26, 72, 83, 118],
[58, 104, 115, 150],
[90, 136, 147, 182],
[22, 122, 168, 179],
[10, 30, 59, 140],
[42, 62, 91, 172],
[12, 74, 94, 123],
[44, 106, 126, 155],
[76, 138, 158, 187],
[27, 108, 170, 190],
[6, 23, 60, 146],
[38, 55, 92, 178],
[18, 70, 87, 124],
[50, 102, 119, 156],
[82, 134, 151, 188],
[28, 114, 166, 183],
[4, 11, 56, 129],
[36, 43, 88, 161],
[1, 68, 75, 120],
[33, 100, 107, 152],
[65, 132, 139, 184],
[24, 97, 164, 171],
[3, 31, 46, 137],
[35, 63, 78, 169],
[9, 67, 95, 110],
[41, 99, 127, 142],
[73, 131, 159, 174],
[14, 105, 163, 191],
[5, 109, 181, 193],
[37, 77, 93, 199],
[21, 69, 189, 194],
[29, 101, 117, 198],
[133, 141, 157, 197],
[85, 125, 165, 195],
[13, 53, 61, 192],
[45, 149, 173, 196]],

[[25, 28, 55, 152],
[57, 60, 87, 184],
[24, 89, 92, 119],
[56, 121, 124, 151],
[88, 153, 156, 183],
[23, 120, 185, 188],
[10, 15, 33, 136],
[42, 47, 65, 168],
[8, 74, 79, 97],
[40, 106, 111, 129],
[72, 138, 143, 161],
[1, 104, 170, 175],
[16, 27, 62, 130],
[48, 59, 94, 162],
[2, 80, 91, 126],
[34, 112, 123, 158],
[66, 144, 155, 190],
[30, 98, 176, 187],
[6, 18, 35, 148],
[38, 50, 67, 180],
[20, 70, 82, 99],
[52, 102, 114, 131],
[84, 134, 146, 163],
[3, 116, 166, 178],
[14, 31, 36, 154],
[46, 63, 68, 186],
[26, 78, 95, 100],
[58, 110, 127, 132],
[90, 142, 159, 164],
[4, 122, 174, 191],
[12, 19, 32, 137],
[44, 51, 64, 169],
[9, 76, 83, 96],
[41, 108, 115, 128],
[73, 140, 147, 160],
[0, 105, 172, 179],
[7, 11, 54, 145],
[39, 43, 86, 177],
[17, 71, 75, 118],
[49, 103, 107, 150],
[81, 135, 139, 182],
[22, 113, 167, 171],
[5, 29, 141, 194],
[21, 37, 149, 197],
[69, 77, 125, 193],
[53, 101, 181, 195],
[61, 109, 133, 199],
[165, 173, 189, 198],
[13, 117, 157, 196],
[45, 85, 93, 192]],

[[1, 4, 63, 128],
[33, 36, 95, 160],
[0, 65, 68, 127],
[32, 97, 100, 159],
[64, 129, 132, 191],
[31, 96, 161, 164],
[18, 23, 41, 144],
[50, 55, 73, 176],
[16, 82, 87, 105],
[48, 114, 119, 137],
[80, 146, 151, 169],
[9, 112, 178, 183],
[3, 24, 38, 138],
[35, 56, 70, 170],
[10, 67, 88, 102],
[42, 99, 120, 134],
[74, 131, 152, 166],
[6, 106, 163, 184],
[14, 26, 43, 156],
[46, 58, 75, 188],
[28, 78, 90, 107],
[60, 110, 122, 139],
[92, 142, 154, 171],
[11, 124, 174, 186],
[7, 22, 44, 130],
[39, 54, 76, 162],
[2, 71, 86, 108],
[34, 103, 118, 140],
[66, 135, 150, 172],
[12, 98, 167, 182],
[20, 27, 40, 145],
[52, 59, 72, 177],
[17, 84, 91, 104],
[49, 116, 123, 136],
[81, 148, 155, 168],
[8, 113, 180, 187],
[15, 19, 62, 153],
[47, 51, 94, 185],
[25, 79, 83, 126],
[57, 111, 115, 158],
[89, 143, 147, 190],
[30, 121, 175, 179],
[5, 61, 173, 195],
[37, 117, 125, 192],
[53, 69, 149, 198],
[77, 101, 157, 194],
[29, 85, 133, 196],
[93, 141, 165, 193],
[13, 21, 181, 199],
[45, 109, 189, 197]],

[[17, 31, 59, 136],
[49, 63, 91, 168],
[8, 81, 95, 123],
[40, 113, 127, 155],
[72, 145, 159, 187],
[27, 104, 177, 191],
[15, 28, 54, 144],
[47, 60, 86, 176],
[16, 79, 92, 118],
[48, 111, 124, 150],
[80, 143, 156, 182],
[22, 112, 175, 188],
[24, 26, 62, 137],
[56, 58, 94, 169],
[9, 88, 90, 126],
[41, 120, 122, 158],
[73, 152, 154, 190],
[30, 105, 184, 186],
[19, 25, 50, 134],
[51, 57, 82, 166],
[6, 83, 89, 114],
[38, 115, 121, 146],
[70, 147, 153, 178],
[18, 102, 179, 185],
[2, 3, 36, 135],
[34, 35, 68, 167],
[7, 66, 67, 100],
[39, 98, 99, 132],
[71, 130, 131, 164],
[4, 103, 162, 163],
[11, 20, 32, 142],
[43, 52, 64, 174],
[14, 75, 84, 96],
[46, 107, 116, 128],
[78, 139, 148, 160],
[0, 110, 171, 180],
[1, 23, 42, 140],
[33, 55, 74, 172],
[12, 65, 87, 106],
[44, 97, 119, 138],
[76, 129, 151, 170],
[10, 108, 161, 183],
[5, 21, 93, 196],
[37, 141, 181, 198],
[69, 109, 157, 192],
[85, 101, 149, 199],
[77, 133, 189, 195],
[61, 117, 165, 197],
[13, 125, 173, 194],
[29, 45, 53, 193]],

[[7, 25, 35, 144],
[39, 57, 67, 176],
[16, 71, 89, 99],
[48, 103, 121, 131],
[80, 135, 153, 163],
[3, 112, 167, 185],
[4, 23, 62, 152],
[36, 55, 94, 184],
[24, 68, 87, 126],
[56, 100, 119, 158],
[88, 132, 151, 190],
[30, 120, 164, 183],
[0, 2, 38, 145],
[32, 34, 70, 177],
[17, 64, 66, 102],
[49, 96, 98, 134],
[81, 128, 130, 166],
[6, 113, 160, 162],
[1, 27, 58, 142],
[33, 59, 90, 174],
[14, 65, 91, 122],
[46, 97, 123, 154],
[78, 129, 155, 186],
[26, 110, 161, 187],
[10, 11, 44, 143],
[42, 43, 76, 175],
[15, 74, 75, 108],
[47, 106, 107, 140],
[79, 138, 139, 172],
[12, 111, 170, 171],
[19, 28, 40, 150],
[51, 60, 72, 182],
[22, 83, 92, 104],
[54, 115, 124, 136],
[86, 147, 156, 168],
[8, 118, 179, 188],
[9, 31, 50, 148],
[41, 63, 82, 180],
[20, 73, 95, 114],
[52, 105, 127, 146],
[84, 137, 159, 178],
[18, 116, 169, 191],
[5, 53, 125, 197],
[37, 61, 85, 194],
[29, 69, 173, 199],
[101, 141, 189, 192],
[117, 133, 149, 193],
[77, 165, 181, 196],
[13, 93, 109, 198],
[21, 45, 157, 195]],

[[1, 15, 43, 152],
[33, 47, 75, 184],
[24, 65, 79, 107],
[56, 97, 111, 139],
[88, 129, 143, 171],
[11, 120, 161, 175],
[12, 31, 38, 128],
[44, 63, 70, 160],
[0, 76, 95, 102],
[32, 108, 127, 134],
[64, 140, 159, 166],
[6, 96, 172, 191],
[8, 10, 46, 153],
[40, 42, 78, 185],
[25, 72, 74, 110],
[57, 104, 106, 142],
[89, 136, 138, 174],
[14, 121, 168, 170],
[3, 9, 34, 150],
[35, 41, 66, 182],
[22, 67, 73, 98],
[54, 99, 105, 130],
[86, 131, 137, 162],
[2, 118, 163, 169],
[18, 19, 52, 151],
[50, 51, 84, 183],
[23, 82, 83, 116],
[55, 114, 115, 148],
[87, 146, 147, 180],
[20, 119, 178, 179],
[4, 27, 48, 158],
[36, 59, 80, 190],
[30, 68, 91, 112],
[62, 100, 123, 144],
[94, 132, 155, 176],
[16, 126, 164, 187],
[7, 17, 58, 156],
[39, 49, 90, 188],
[28, 71, 81, 122],
[60, 103, 113, 154],
[92, 135, 145, 186],
[26, 124, 167, 177],
[5, 85, 157, 198],
[37, 53, 189, 196],
[69, 93, 117, 195],
[21, 61, 101, 193],
[133, 173, 181, 192],
[109, 149, 165, 194],
[13, 29, 77, 197],
[45, 125, 141, 199]],

[[9, 23, 51, 128],
[41, 55, 83, 160],
[0, 73, 87, 115],
[32, 105, 119, 147],
[64, 137, 151, 179],
[19, 96, 169, 183],
[7, 20, 46, 136],
[39, 52, 78, 168],
[8, 71, 84, 110],
[40, 103, 116, 142],
[72, 135, 148, 174],
[14, 104, 167, 180],
[16, 18, 54, 129],
[48, 50, 86, 161],
[1, 80, 82, 118],
[33, 112, 114, 150],
[65, 144, 146, 182],
[22, 97, 176, 178],
[11, 17, 42, 158],
[43, 49, 74, 190],
[30, 75, 81, 106],
[62, 107, 113, 138],
[94, 139, 145, 170],
[10, 126, 171, 177],
[26, 27, 60, 159],
[58, 59, 92, 191],
[31, 90, 91, 124],
[63, 122, 123, 156],
[95, 154, 155, 188],
[28, 127, 186, 187],
[3, 12, 56, 134],
[35, 44, 88, 166],
[6, 67, 76, 120],
[38, 99, 108, 152],
[70, 131, 140, 184],
[24, 102, 163, 172],
[15, 25, 34, 132],
[47, 57, 66, 164],
[4, 79, 89, 98],
[36, 111, 121, 130],
[68, 143, 153, 162],
[2, 100, 175, 185],
[5, 117, 189, 199],
[37, 157, 173, 193],
[69, 85, 181, 197],
[101, 109, 125, 196],
[53, 93, 133, 194],
[21, 29, 165, 192],
[13, 141, 149, 195],
[45, 61, 77, 198]],

[[10, 13, 40, 137],
[42, 45, 72, 169],
[9, 74, 77, 104],
[41, 106, 109, 136],
[73, 138, 141, 168],
[8, 105, 170, 173],
[0, 27, 50, 153],
[32, 59, 82, 185],
[25, 64, 91, 114],
[57, 96, 123, 146],
[89, 128, 155, 178],
[18, 121, 160, 187],
[1, 12, 47, 147],
[33, 44, 79, 179],
[19, 65, 76, 111],
[51, 97, 108, 143],
[83, 129, 140, 175],
[15, 115, 161, 172],
[3, 23, 52, 133],
[35, 55, 84, 165],
[5, 67, 87, 116],
[37, 99, 119, 148],
[69, 131, 151, 180],
[20, 101, 163, 183],
[16, 31, 53, 139],
[48, 63, 85, 171],
[11, 80, 95, 117],
[43, 112, 127, 149],
[75, 144, 159, 181],
[21, 107, 176, 191],
[4, 29, 49, 154],
[36, 61, 81, 186],
[26, 68, 93, 113],
[58, 100, 125, 145],
[90, 132, 157, 177],
[17, 122, 164, 189],
[24, 28, 39, 130],
[56, 60, 71, 162],
[2, 88, 92, 103],
[34, 120, 124, 135],
[66, 152, 156, 167],
[7, 98, 184, 188],
[6, 78, 150, 192],
[30, 38, 110, 195],
[62, 70, 142, 196],
[94, 102, 174, 197],
[22, 126, 134, 198],
[54, 158, 166, 199],
[14, 86, 190, 193],
[46, 118, 182, 194]],

[[18, 21, 48, 145],
[50, 53, 80, 177],
[17, 82, 85, 112],
[49, 114, 117, 144],
[81, 146, 149, 176],
[16, 113, 178, 181],
[3, 8, 58, 129],
[35, 40, 90, 161],
[1, 67, 72, 122],
[33, 99, 104, 154],
[65, 131, 136, 186],
[26, 97, 163, 168],
[9, 20, 55, 155],
[41, 52, 87, 187],
[27, 73, 84, 119],
[59, 105, 116, 151],
[91, 137, 148, 183],
[23, 123, 169, 180],
[11, 31, 60, 141],
[43, 63, 92, 173],
[13, 75, 95, 124],
[45, 107, 127, 156],
[77, 139, 159, 188],
[28, 109, 171, 191],
[7, 24, 61, 147],
[39, 56, 93, 179],
[19, 71, 88, 125],
[51, 103, 120, 157],
[83, 135, 152, 189],
[29, 115, 167, 184],
[5, 12, 57, 130],
[37, 44, 89, 162],
[2, 69, 76, 121],
[34, 101, 108, 153],
[66, 133, 140, 185],
[25, 98, 165, 172],
[0, 4, 47, 138],
[32, 36, 79, 170],
[10, 64, 68, 111],
[42, 96, 100, 143],
[74, 128, 132, 175],
[15, 106, 160, 164],
[6, 110, 182, 193],
[38, 78, 94, 199],
[22, 70, 190, 194],
[30, 102, 118, 198],
[134, 142, 158, 197],
[86, 126, 166, 195],
[14, 54, 62, 192],
[46, 150, 174, 196]],

[[26, 29, 56, 153],
[58, 61, 88, 185],
[25, 90, 93, 120],
[57, 122, 125, 152],
[89, 154, 157, 184],
[24, 121, 186, 189],
[11, 16, 34, 137],
[43, 48, 66, 169],
[9, 75, 80, 98],
[41, 107, 112, 130],
[73, 139, 144, 162],
[2, 105, 171, 176],
[17, 28, 63, 131],
[49, 60, 95, 163],
[3, 81, 92, 127],
[35, 113, 124, 159],
[67, 145, 156, 191],
[31, 99, 177, 188],
[7, 19, 36, 149],
[39, 51, 68, 181],
[21, 71, 83, 100],
[53, 103, 115, 132],
[85, 135, 147, 164],
[4, 117, 167, 179],
[0, 15, 37, 155],
[32, 47, 69, 187],
[27, 64, 79, 101],
[59, 96, 111, 133],
[91, 128, 143, 165],
[5, 123, 160, 175],
[13, 20, 33, 138],
[45, 52, 65, 170],
[10, 77, 84, 97],
[42, 109, 116, 129],
[74, 141, 148, 161],
[1, 106, 173, 180],
[8, 12, 55, 146],
[40, 44, 87, 178],
[18, 72, 76, 119],
[50, 104, 108, 151],
[82, 136, 140, 183],
[23, 114, 168, 172],
[6, 30, 142, 194],
[22, 38, 150, 197],
[70, 78, 126, 193],
[54, 102, 182, 195],
[62, 110, 134, 199],
[166, 174, 190, 198],
[14, 118, 158, 196],
[46, 86, 94, 192]],

[[2, 5, 32, 129],
[34, 37, 64, 161],
[1, 66, 69, 96],
[33, 98, 101, 128],
[65, 130, 133, 160],
[0, 97, 162, 165],
[19, 24, 42, 145],
[51, 56, 74, 177],
[17, 83, 88, 106],
[49, 115, 120, 138],
[81, 147, 152, 170],
[10, 113, 179, 184],
[4, 25, 39, 139],
[36, 57, 71, 171],
[11, 68, 89, 103],
[43, 100, 121, 135],
[75, 132, 153, 167],
[7, 107, 164, 185],
[15, 27, 44, 157],
[47, 59, 76, 189],
[29, 79, 91, 108],
[61, 111, 123, 140],
[93, 143, 155, 172],
[12, 125, 175, 187],
[8, 23, 45, 131],
[40, 55, 77, 163],
[3, 72, 87, 109],
[35, 104, 119, 141],
[67, 136, 151, 173],
[13, 99, 168, 183],
[21, 28, 41, 146],
[53, 60, 73, 178],
[18, 85, 92, 105],
[50, 117, 124, 137],
[82, 149, 156, 169],
[9, 114, 181, 188],
[16, 20, 63, 154],
[48, 52, 95, 186],
[26, 80, 84, 127],
[58, 112, 116, 159],
[90, 144, 148, 191],
[31, 122, 176, 180],
[6, 62, 174, 195],
[38, 118, 126, 192],
[54, 70, 150, 198],
[78, 102, 158, 194],
[30, 86, 134, 196],
[94, 142, 166, 193],
[14, 22, 182, 199],
[46, 110, 190, 197]],

[[0, 18, 60, 137],
[32, 50, 92, 169],
[9, 64, 82, 124],
[41, 96, 114, 156],
[73, 128, 146, 188],
[28, 105, 160, 178],
[16, 29, 55, 145],
[48, 61, 87, 177],
[17, 80, 93, 119],
[49, 112, 125, 151],
[81, 144, 157, 183],
[23, 113, 176, 189],
[25, 27, 63, 138],
[57, 59, 95, 170],
[10, 89, 91, 127],
[42, 121, 123, 159],
[74, 153, 155, 191],
[31, 106, 185, 187],
[20, 26, 51, 135],
[52, 58, 83, 167],
[7, 84, 90, 115],
[39, 116, 122, 147],
[71, 148, 154, 179],
[19, 103, 180, 186],
[3, 4, 37, 136],
[35, 36, 69, 168],
[8, 67, 68, 101],
[40, 99, 100, 133],
[72, 131, 132, 165],
[5, 104, 163, 164],
[12, 21, 33, 143],
[44, 53, 65, 175],
[15, 76, 85, 97],
[47, 108, 117, 129],
[79, 140, 149, 161],
[1, 111, 172, 181],
[2, 24, 43, 141],
[34, 56, 75, 173],
[13, 66, 88, 107],
[45, 98, 120, 139],
[77, 130, 152, 171],
[11, 109, 162, 184],
[6, 22, 94, 196],
[38, 142, 182, 198],
[70, 110, 158, 192],
[86, 102, 150, 199],
[78, 134, 190, 195],
[62, 118, 166, 197],
[14, 126, 174, 194],
[30, 46, 54, 193]],

[[8, 26, 36, 145],
[40, 58, 68, 177],
[17, 72, 90, 100],
[49, 104, 122, 132],
[81, 136, 154, 164],
[4, 113, 168, 186],
[5, 24, 63, 153],
[37, 56, 95, 185],
[25, 69, 88, 127],
[57, 101, 120, 159],
[89, 133, 152, 191],
[31, 121, 165, 184],
[1, 3, 39, 146],
[33, 35, 71, 178],
[18, 65, 67, 103],
[50, 97, 99, 135],
[82, 129, 131, 167],
[7, 114, 161, 163],
[2, 28, 59, 143],
[34, 60, 91, 175],
[15, 66, 92, 123],
[47, 98, 124, 155],
[79, 130, 156, 187],
[27, 111, 162, 188],
[11, 12, 45, 144],
[43, 44, 77, 176],
[16, 75, 76, 109],
[48, 107, 108, 141],
[80, 139, 140, 173],
[13, 112, 171, 172],
[20, 29, 41, 151],
[52, 61, 73, 183],
[23, 84, 93, 105],
[55, 116, 125, 137],
[87, 148, 157, 169],
[9, 119, 180, 189],
[0, 10, 51, 149],
[32, 42, 83, 181],
[21, 64, 74, 115],
[53, 96, 106, 147],
[85, 128, 138, 179],
[19, 117, 160, 170],
[6, 54, 126, 197],
[38, 62, 86, 194],
[30, 70, 174, 199],
[102, 142, 190, 192],
[118, 134, 150, 193],
[78, 166, 182, 196],
[14, 94, 110, 198],
[22, 46, 158, 195]],

[[2, 16, 44, 153],
[34, 48, 76, 185],
[25, 66, 80, 108],
[57, 98, 112, 140],
[89, 130, 144, 172],
[12, 121, 162, 176],
[0, 13, 39, 129],
[32, 45, 71, 161],
[1, 64, 77, 103],
[33, 96, 109, 135],
[65, 128, 141, 167],
[7, 97, 160, 173],
[9, 11, 47, 154],
[41, 43, 79, 186],
[26, 73, 75, 111],
[58, 105, 107, 143],
[90, 137, 139, 175],
[15, 122, 169, 171],
[4, 10, 35, 151],
[36, 42, 67, 183],
[23, 68, 74, 99],
[55, 100, 106, 131],
[87, 132, 138, 163],
[3, 119, 164, 170],
[19, 20, 53, 152],
[51, 52, 85, 184],
[24, 83, 84, 117],
[56, 115, 116, 149],
[88, 147, 148, 181],
[21, 120, 179, 180],
[5, 28, 49, 159],
[37, 60, 81, 191],
[31, 69, 92, 113],
[63, 101, 124, 145],
[95, 133, 156, 177],
[17, 127, 165, 188],
[8, 18, 59, 157],
[40, 50, 91, 189],
[29, 72, 82, 123],
[61, 104, 114, 155],
[93, 136, 146, 187],
[27, 125, 168, 178],
[6, 86, 158, 198],
[38, 54, 190, 196],
[70, 94, 118, 195],
[22, 62, 102, 193],
[134, 174, 182, 192],
[110, 150, 166, 194],
[14, 30, 78, 197],
[46, 126, 142, 199]],

[[10, 24, 52, 129],
[42, 56, 84, 161],
[1, 74, 88, 116],
[33, 106, 120, 148],
[65, 138, 152, 180],
[20, 97, 170, 184],
[8, 21, 47, 137],
[40, 53, 79, 169],
[9, 72, 85, 111],
[41, 104, 117, 143],
[73, 136, 149, 175],
[15, 105, 168, 181],
[17, 19, 55, 130],
[49, 51, 87, 162],
[2, 81, 83, 119],
[34, 113, 115, 151],
[66, 145, 147, 183],
[23, 98, 177, 179],
[12, 18, 43, 159],
[44, 50, 75, 191],
[31, 76, 82, 107],
[63, 108, 114, 139],
[95, 140, 146, 171],
[11, 127, 172, 178],
[27, 28, 61, 128],
[59, 60, 93, 160],
[0, 91, 92, 125],
[32, 123, 124, 157],
[64, 155, 156, 189],
[29, 96, 187, 188],
[4, 13, 57, 135],
[36, 45, 89, 167],
[7, 68, 77, 121],
[39, 100, 109, 153],
[71, 132, 141, 185],
[25, 103, 164, 173],
[16, 26, 35, 133],
[48, 58, 67, 165],
[5, 80, 90, 99],
[37, 112, 122, 131],
[69, 144, 154, 163],
[3, 101, 176, 186],
[6, 118, 190, 199],
[38, 158, 174, 193],
[70, 86, 182, 197],
[102, 110, 126, 196],
[54, 94, 134, 194],
[22, 30, 166, 192],
[14, 142, 150, 195],
[46, 62, 78, 198]],

[[11, 14, 41, 138],
[43, 46, 73, 170],
[10, 75, 78, 105],
[42, 107, 110, 137],
[74, 139, 142, 169],
[9, 106, 171, 174],
[1, 28, 51, 154],
[33, 60, 83, 186],
[26, 65, 92, 115],
[58, 97, 124, 147],
[90, 129, 156, 179],
[19, 122, 161, 188],
[2, 13, 48, 148],
[34, 45, 80, 180],
[20, 66, 77, 112],
[52, 98, 109, 144],
[84, 130, 141, 176],
[16, 116, 162, 173],
[4, 24, 53, 134],
[36, 56, 85, 166],
[6, 68, 88, 117],
[38, 100, 120, 149],
[70, 132, 152, 181],
[21, 102, 164, 184],
[0, 17, 54, 140],
[32, 49, 86, 172],
[12, 64, 81, 118],
[44, 96, 113, 150],
[76, 128, 145, 182],
[22, 108, 160, 177],
[5, 30, 50, 155],
[37, 62, 82, 187],
[27, 69, 94, 114],
[59, 101, 126, 146],
[91, 133, 158, 178],
[18, 123, 165, 190],
[25, 29, 40, 131],
[57, 61, 72, 163],
[3, 89, 93, 104],
[35, 121, 125, 136],
[67, 153, 157, 168],
[8, 99, 185, 189],
[7, 79, 151, 192],
[31, 39, 111, 195],
[63, 71, 143, 196],
[95, 103, 175, 197],
[23, 127, 135, 198],
[55, 159, 167, 199],
[15, 87, 191, 193],
[47, 119, 183, 194]],

[[19, 22, 49, 146],
[51, 54, 81, 178],
[18, 83, 86, 113],
[50, 115, 118, 145],
[82, 147, 150, 177],
[17, 114, 179, 182],
[4, 9, 59, 130],
[36, 41, 91, 162],
[2, 68, 73, 123],
[34, 100, 105, 155],
[66, 132, 137, 187],
[27, 98, 164, 169],
[10, 21, 56, 156],
[42, 53, 88, 188],
[28, 74, 85, 120],
[60, 106, 117, 152],
[92, 138, 149, 184],
[24, 124, 170, 181],
[0, 12, 61, 142],
[32, 44, 93, 174],
[14, 64, 76, 125],
[46, 96, 108, 157],
[78, 128, 140, 189],
[29, 110, 160, 172],
[8, 25, 62, 148],
[40, 57, 94, 180],
[20, 72, 89, 126],
[52, 104, 121, 158],
[84, 136, 153, 190],
[30, 116, 168, 185],
[6, 13, 58, 131],
[38, 45, 90, 163],
[3, 70, 77, 122],
[35, 102, 109, 154],
[67, 134, 141, 186],
[26, 99, 166, 173],
[1, 5, 48, 139],
[33, 37, 80, 171],
[11, 65, 69, 112],
[43, 97, 101, 144],
[75, 129, 133, 176],
[16, 107, 161, 165],
[7, 111, 183, 193],
[39, 79, 95, 199],
[23, 71, 191, 194],
[31, 103, 119, 198],
[135, 143, 159, 197],
[87, 127, 167, 195],
[15, 55, 63, 192],
[47, 151, 175, 196]],

[[27, 30, 57, 154],
[59, 62, 89, 186],
[26, 91, 94, 121],
[58, 123, 126, 153],
[90, 155, 158, 185],
[25, 122, 187, 190],
[12, 17, 35, 138],
[44, 49, 67, 170],
[10, 76, 81, 99],
[42, 108, 113, 131],
[74, 140, 145, 163],
[3, 106, 172, 177],
[18, 29, 32, 132],
[50, 61, 64, 164],
[4, 82, 93, 96],
[36, 114, 125, 128],
[68, 146, 157, 160],
[0, 100, 178, 189],
[8, 20, 37, 150],
[40, 52, 69, 182],
[22, 72, 84, 101],
[54, 104, 116, 133],
[86, 136, 148, 165],
[5, 118, 168, 180],
[1, 16, 38, 156],
[33, 48, 70, 188],
[28, 65, 80, 102],
[60, 97, 112, 134],
[92, 129, 144, 166],
[6, 124, 161, 176],
[14, 21, 34, 139],
[46, 53, 66, 171],
[11, 78, 85, 98],
[43, 110, 117, 130],
[75, 142, 149, 162],
[2, 107, 174, 181],
[9, 13, 56, 147],
[41, 45, 88, 179],
[19, 73, 77, 120],
[51, 105, 109, 152],
[83, 137, 141, 184],
[24, 115, 169, 173],
[7, 31, 143, 194],
[23, 39, 151, 197],
[71, 79, 127, 193],
[55, 103, 183, 195],
[63, 111, 135, 199],
[167, 175, 191, 198],
[15, 119, 159, 196],
[47, 87, 95, 192]],

[[3, 6, 33, 130],
[35, 38, 65, 162],
[2, 67, 70, 97],
[34, 99, 102, 129],
[66, 131, 134, 161],
[1, 98, 163, 166],
[20, 25, 43, 146],
[52, 57, 75, 178],
[18, 84, 89, 107],
[50, 116, 121, 139],
[82, 148, 153, 171],
[11, 114, 180, 185],
[5, 26, 40, 140],
[37, 58, 72, 172],
[12, 69, 90, 104],
[44, 101, 122, 136],
[76, 133, 154, 168],
[8, 108, 165, 186],
[16, 28, 45, 158],
[48, 60, 77, 190],
[30, 80, 92, 109],
[62, 112, 124, 141],
[94, 144, 156, 173],
[13, 126, 176, 188],
[9, 24, 46, 132],
[41, 56, 78, 164],
[4, 73, 88, 110],
[36, 105, 120, 142],
[68, 137, 152, 174],
[14, 100, 169, 184],
[22, 29, 42, 147],
[54, 61, 74, 179],
[19, 86, 93, 106],
[51, 118, 125, 138],
[83, 150, 157, 170],
[10, 115, 182, 189],
[17, 21, 32, 155],
[49, 53, 64, 187],
[27, 81, 85, 96],
[59, 113, 117, 128],
[91, 145, 149, 160],
[0, 123, 177, 181],
[7, 63, 175, 195],
[39, 119, 127, 192],
[55, 71, 151, 198],
[79, 103, 159, 194],
[31, 87, 135, 196],
[95, 143, 167, 193],
[15, 23, 183, 199],
[47, 111, 191, 197]],

[[1, 19, 61, 138],
[33, 51, 93, 170],
[10, 65, 83, 125],
[42, 97, 115, 157],
[74, 129, 147, 189],
[29, 106, 161, 179],
[17, 30, 56, 146],
[49, 62, 88, 178],
[18, 81, 94, 120],
[50, 113, 126, 152],
[82, 145, 158, 184],
[24, 114, 177, 190],
[26, 28, 32, 139],
[58, 60, 64, 171],
[11, 90, 92, 96],
[43, 122, 124, 128],
[75, 154, 156, 160],
[0, 107, 186, 188],
[21, 27, 52, 136],
[53, 59, 84, 168],
[8, 85, 91, 116],
[40, 117, 123, 148],
[72, 149, 155, 180],
[20, 104, 181, 187],
[4, 5, 38, 137],
[36, 37, 70, 169],
[9, 68, 69, 102],
[41, 100, 101, 134],
[73, 132, 133, 166],
[6, 105, 164, 165],
[13, 22, 34, 144],
[45, 54, 66, 176],
[16, 77, 86, 98],
[48, 109, 118, 130],
[80, 141, 150, 162],
[2, 112, 173, 182],
[3, 25, 44, 142],
[35, 57, 76, 174],
[14, 67, 89, 108],
[46, 99, 121, 140],
[78, 131, 153, 172],
[12, 110, 163, 185],
[7, 23, 95, 196],
[39, 143, 183, 198],
[71, 111, 159, 192],
[87, 103, 151, 199],
[79, 135, 191, 195],
[63, 119, 167, 197],
[15, 127, 175, 194],
[31, 47, 55, 193]],

[[9, 27, 37, 146],
[41, 59, 69, 178],
[18, 73, 91, 101],
[50, 105, 123, 133],
[82, 137, 155, 165],
[5, 114, 169, 187],
[6, 25, 32, 154],
[38, 57, 64, 186],
[26, 70, 89, 96],
[58, 102, 121, 128],
[90, 134, 153, 160],
[0, 122, 166, 185],
[2, 4, 40, 147],
[34, 36, 72, 179],
[19, 66, 68, 104],
[51, 98, 100, 136],
[83, 130, 132, 168],
[8, 115, 162, 164],
[3, 29, 60, 144],
[35, 61, 92, 176],
[16, 67, 93, 124],
[48, 99, 125, 156],
[80, 131, 157, 188],
[28, 112, 163, 189],
[12, 13, 46, 145],
[44, 45, 78, 177],
[17, 76, 77, 110],
[49, 108, 109, 142],
[81, 140, 141, 174],
[14, 113, 172, 173],
[21, 30, 42, 152],
[53, 62, 74, 184],
[24, 85, 94, 106],
[56, 117, 126, 138],
[88, 149, 158, 170],
[10, 120, 181, 190],
[1, 11, 52, 150],
[33, 43, 84, 182],
[22, 65, 75, 116],
[54, 97, 107, 148],
[86, 129, 139, 180],
[20, 118, 161, 171],
[7, 55, 127, 197],
[39, 63, 87, 194],
[31, 71, 175, 199],
[103, 143, 191, 192],
[119, 135, 151, 193],
[79, 167, 183, 196],
[15, 95, 111, 198],
[23, 47, 159, 195]],

[[3, 17, 45, 154],
[35, 49, 77, 186],
[26, 67, 81, 109],
[58, 99, 113, 141],
[90, 131, 145, 173],
[13, 122, 163, 177],
[1, 14, 40, 130],
[33, 46, 72, 162],
[2, 65, 78, 104],
[34, 97, 110, 136],
[66, 129, 142, 168],
[8, 98, 161, 174],
[10, 12, 48, 155],
[42, 44, 80, 187],
[27, 74, 76, 112],
[59, 106, 108, 144],
[91, 138, 140, 176],
[16, 123, 170, 172],
[5, 11, 36, 152],
[37, 43, 68, 184],
[24, 69, 75, 100],
[56, 101, 107, 132],
[88, 133, 139, 164],
[4, 120, 165, 171],
[20, 21, 54, 153],
[52, 53, 86, 185],
[25, 84, 85, 118],
[57, 116, 117, 150],
[89, 148, 149, 182],
[22, 121, 180, 181],
[6, 29, 50, 128],
[38, 61, 82, 160],
[0, 70, 93, 114],
[32, 102, 125, 146],
[64, 134, 157, 178],
[18, 96, 166, 189],
[9, 19, 60, 158],
[41, 51, 92, 190],
[30, 73, 83, 124],
[62, 105, 115, 156],
[94, 137, 147, 188],
[28, 126, 169, 179],
[7, 87, 159, 198],
[39, 55, 191, 196],
[71, 95, 119, 195],
[23, 63, 103, 193],
[135, 175, 183, 192],
[111, 151, 167, 194],
[15, 31, 79, 197],
[47, 127, 143, 199]],

[[11, 25, 53, 130],
[43, 57, 85, 162],
[2, 75, 89, 117],
[34, 107, 121, 149],
[66, 139, 153, 181],
[21, 98, 171, 185],
[9, 22, 48, 138],
[41, 54, 80, 170],
[10, 73, 86, 112],
[42, 105, 118, 144],
[74, 137, 150, 176],
[16, 106, 169, 182],
[18, 20, 56, 131],
[50, 52, 88, 163],
[3, 82, 84, 120],
[35, 114, 116, 152],
[67, 146, 148, 184],
[24, 99, 178, 180],
[13, 19, 44, 128],
[45, 51, 76, 160],
[0, 77, 83, 108],
[32, 109, 115, 140],
[64, 141, 147, 172],
[12, 96, 173, 179],
[28, 29, 62, 129],
[60, 61, 94, 161],
[1, 92, 93, 126],
[33, 124, 125, 158],
[65, 156, 157, 190],
[30, 97, 188, 189],
[5, 14, 58, 136],
[37, 46, 90, 168],
[8, 69, 78, 122],
[40, 101, 110, 154],
[72, 133, 142, 186],
[26, 104, 165, 174],
[17, 27, 36, 134],
[49, 59, 68, 166],
[6, 81, 91, 100],
[38, 113, 123, 132],
[70, 145, 155, 164],
[4, 102, 177, 187],
[7, 119, 191, 199],
[39, 159, 175, 193],
[71, 87, 183, 197],
[103, 111, 127, 196],
[55, 95, 135, 194],
[23, 31, 167, 192],
[15, 143, 151, 195],
[47, 63, 79, 198]],

[[0, 32, 64, 96],
[8, 40, 128, 160],
[72, 104, 136, 168],
[16, 48, 80, 112],
[24, 56, 144, 176],
[88, 120, 152, 184],
[1, 33, 65, 97],
[9, 41, 129, 161],
[73, 105, 137, 169],
[17, 49, 81, 113],
[25, 57, 145, 177],
[89, 121, 153, 185],
[2, 34, 66, 98],
[10, 42, 130, 162],
[74, 106, 138, 170],
[18, 50, 82, 114],
[26, 58, 146, 178],
[90, 122, 154, 186],
[3, 35, 67, 99],
[11, 43, 131, 163],
[75, 107, 139, 171],
[19, 51, 83, 115],
[27, 59, 147, 179],
[91, 123, 155, 187],
[4, 36, 68, 100],
[12, 44, 132, 164],
[76, 108, 140, 172],
[20, 52, 84, 116],
[28, 60, 148, 180],
[92, 124, 156, 188],
[5, 37, 69, 101],
[13, 45, 133, 165],
[77, 109, 141, 173],
[21, 53, 85, 117],
[29, 61, 149, 181],
[93, 125, 157, 189],
[6, 38, 70, 102],
[14, 46, 134, 166],
[78, 110, 142, 174],
[22, 54, 86, 118],
[30, 62, 150, 182],
[94, 126, 158, 190],
[7, 39, 71, 103],
[15, 47, 135, 167],
[79, 111, 143, 175],
[23, 55, 87, 119],
[31, 63, 151, 183],
[95, 127, 159, 191],
[192, 193, 194, 195],
[196, 197, 198, 199]]]