[[[0, 17, 34, 51, 68],
[1, 18, 36, 54],
[2, 19, 38, 57],
[3, 20, 40, 60],
[4, 21, 42, 63],
[5, 22, 44, 66, 71],
[6, 23, 46, 52],
[7, 24, 48, 55],
[8, 25, 50, 58],
[9, 26, 35, 61, 70],
[10, 27, 37, 64],
[11, 28, 39, 67],
[12, 29, 41, 53],
[13, 30, 43, 56, 69],
[14, 31, 45, 59],
[15, 32, 47, 62],
[16, 33, 49, 65]],

[[0, 18, 35, 52, 69],
[1, 19, 37, 55],
[2, 20, 39, 58],
[3, 21, 41, 61],
[4, 22, 43, 64, 68],
[5, 23, 45, 67],
[6, 24, 47, 53],
[7, 25, 49, 56],
[8, 26, 34, 59],
[9, 27, 36, 62, 71],
[10, 28, 38, 65],
[11, 29, 40, 51],
[12, 30, 42, 54],
[13, 31, 44, 57, 70],
[14, 32, 46, 60],
[15, 33, 48, 63],
[16, 17, 50, 66]],

[[0, 19, 36, 53, 70],
[1, 20, 38, 56],
[2, 21, 40, 59],
[3, 22, 42, 62],
[4, 23, 44, 65, 69],
[5, 24, 46, 51],
[6, 25, 48, 54],
[7, 26, 50, 57],
[8, 27, 35, 60, 68],
[9, 28, 37, 63],
[10, 29, 39, 66],
[11, 30, 41, 52],
[12, 31, 43, 55],
[13, 32, 45, 58, 71],
[14, 33, 47, 61],
[15, 17, 49, 64],
[16, 18, 34, 67]],

[[0, 20, 37, 54, 71],
[1, 21, 39, 57],
[2, 22, 41, 60],
[3, 23, 43, 63],
[4, 24, 45, 66, 70],
[5, 25, 47, 52],
[6, 26, 49, 55],
[7, 27, 34, 58],
[8, 28, 36, 61, 69],
[9, 29, 38, 64],
[10, 30, 40, 67],
[11, 31, 42, 53],
[12, 32, 44, 56, 68],
[13, 33, 46, 59],
[14, 17, 48, 62],
[15, 18, 50, 65],
[16, 19, 35, 51]],

[[0, 21, 38, 55],
[1, 22, 40, 58],
[2, 23, 42, 61],
[3, 24, 44, 64],
[4, 25, 46, 67, 71],
[5, 26, 48, 53],
[6, 27, 50, 56],
[7, 28, 35, 59],
[8, 29, 37, 62, 70],
[9, 30, 39, 65],
[10, 31, 41, 51],
[11, 32, 43, 54],
[12, 33, 45, 57, 69],
[13, 17, 47, 60],
[14, 18, 49, 63],
[15, 19, 34, 66],
[16, 20, 36, 52, 68]],

[[0, 22, 39, 56],
[1, 23, 41, 59],
[2, 24, 43, 62],
[3, 25, 45, 65, 68],
[4, 26, 47, 51],
[5, 27, 49, 54],
[6, 28, 34, 57],
[7, 29, 36, 60],
[8, 30, 38, 63, 71],
[9, 31, 40, 66],
[10, 32, 42, 52],
[11, 33, 44, 55],
[12, 17, 46, 58, 70],
[13, 18, 48, 61],
[14, 19, 50, 64],
[15, 20, 35, 67],
[16, 21, 37, 53, 69]],

[[0, 23, 40, 57],
[1, 24, 42, 60],
[2, 25, 44, 63],
[3, 26, 46, 66, 69],
[4, 27, 48, 52],
[5, 28, 50, 55],
[6, 29, 35, 58],
[7, 30, 37, 61, 68],
[8, 31, 39, 64],
[9, 32, 41, 67],
[10, 33, 43, 53],
[11, 17, 45, 56],
[12, 18, 47, 59, 71],
[13, 19, 49, 62],
[14, 20, 34, 65],
[15, 21, 36, 51],
[16, 22, 38, 54, 70]],

[[0, 24, 41, 58],
[1, 25, 43, 61],
[2, 26, 45, 64],
[3, 27, 47, 67, 70],
[4, 28, 49, 53],
[5, 29, 34, 56],
[6, 30, 36, 59],
[7, 31, 38, 62, 69],
[8, 32, 40, 65],
[9, 33, 42, 51],
[10, 17, 44, 54],
[11, 18, 46, 57, 68],
[12, 19, 48, 60],
[13, 20, 50, 63],
[14, 21, 35, 66],
[15, 22, 37, 52],
[16, 23, 39, 55, 71]],

[[0, 25, 42, 59],
[1, 26, 44, 62],
[2, 27, 46, 65],
[3, 28, 48, 51, 71],
[4, 29, 50, 54],
[5, 30, 35, 57],
[6, 31, 37, 60],
[7, 32, 39, 63, 70],
[8, 33, 41, 66],
[9, 17, 43, 52],
[10, 18, 45, 55],
[11, 19, 47, 58, 69],
[12, 20, 49, 61],
[13, 21, 34, 64],
[14, 22, 36, 67],
[15, 23, 38, 53, 68],
[16, 24, 40, 56]],

[[0, 26, 43, 60],
[1, 27, 45, 63],
[2, 28, 47, 66, 68],
[3, 29, 49, 52],
[4, 30, 34, 55],
[5, 31, 36, 58],
[6, 32, 38, 61],
[7, 33, 40, 64, 71],
[8, 17, 42, 67],
[9, 18, 44, 53],
[10, 19, 46, 56],
[11, 20, 48, 59, 70],
[12, 21, 50, 62],
[13, 22, 35, 65],
[14, 23, 37, 51],
[15, 24, 39, 54, 69],
[16, 25, 41, 57]],

[[0, 27, 44, 61],
[1, 28, 46, 64],
[2, 29, 48, 67, 69],
[3, 30, 50, 53],
[4, 31, 35, 56],
[5, 32, 37, 59],
[6, 33, 39, 62, 68],
[7, 17, 41, 65],
[8, 18, 43, 51],
[9, 19, 45, 54],
[10, 20, 47, 57],
[11, 21, 49, 60, 71],
[12, 22, 34, 63],
[13, 23, 36, 66],
[14, 24, 38, 52],
[15, 25, 40, 55, 70],
[16, 26, 42, 58]],

[[0, 28, 45, 62],
[1, 29, 47, 65],
[2, 30, 49, 51, 70],
[3, 31, 34, 54],
[4, 32, 36, 57],
[5, 33, 38, 60],
[6, 17, 40, 63, 69],
[7, 18, 42, 66],
[8, 19, 44, 52],
[9, 20, 46, 55],
[10, 21, 48, 58, 68],
[11, 22, 50, 61],
[12, 23, 35, 64],
[13, 24, 37, 67],
[14, 25, 39, 53],
[15, 26, 41, 56, 71],
[16, 27, 43, 59]],

[[0, 29, 46, 63],
[1, 30, 48, 66],
[2, 31, 50, 52, 71],
[3, 32, 35, 55],
[4, 33, 37, 58],
[5, 17, 39, 61],
[6, 18, 41, 64, 70],
[7, 19, 43, 67],
[8, 20, 45, 53],
[9, 21, 47, 56],
[10, 22, 49, 59, 69],
[11, 23, 34, 62],
[12, 24, 36, 65],
[13, 25, 38, 51],
[14, 26, 40, 54, 68],
[15, 27, 42, 57],
[16, 28, 44, 60]],

[[0, 30, 47, 64],
[1, 31, 49, 67, 68],
[2, 32, 34, 53],
[3, 33, 36, 56],
[4, 17, 38, 59],
[5, 18, 40, 62],
[6, 19, 42, 65, 71],
[7, 20, 44, 51],
[8, 21, 46, 54],
[9, 22, 48, 57],
[10, 23, 50, 60, 70],
[11, 24, 35, 63],
[12, 25, 37, 66],
[13, 26, 39, 52],
[14, 27, 41, 55, 69],
[15, 28, 43, 58],
[16, 29, 45, 61]],

[[0, 31, 48, 65],
[1, 32, 50, 51, 69],
[2, 33, 35, 54],
[3, 17, 37, 57],
[4, 18, 39, 60],
[5, 19, 41, 63, 68],
[6, 20, 43, 66],
[7, 21, 45, 52],
[8, 22, 47, 55],
[9, 23, 49, 58],
[10, 24, 34, 61, 71],
[11, 25, 36, 64],
[12, 26, 38, 67],
[13, 27, 40, 53],
[14, 28, 42, 56, 70],
[15, 29, 44, 59],
[16, 30, 46, 62]],

[[0, 32, 49, 66],
[1, 33, 34, 52, 70],
[2, 17, 36, 55],
[3, 18, 38, 58],
[4, 19, 40, 61],
[5, 20, 42, 64, 69],
[6, 21, 44, 67],
[7, 22, 46, 53],
[8, 23, 48, 56],
[9, 24, 50, 59, 68],
[10, 25, 35, 62],
[11, 26, 37, 65],
[12, 27, 39, 51],
[13, 28, 41, 54],
[14, 29, 43, 57, 71],
[15, 30, 45, 60],
[16, 31, 47, 63]],

[[0, 33, 50, 67],
[1, 17, 35, 53, 71],
[2, 18, 37, 56],
[3, 19, 39, 59],
[4, 20, 41, 62],
[5, 21, 43, 65, 70],
[6, 22, 45, 51],
[7, 23, 47, 54],
[8, 24, 49, 57],
[9, 25, 34, 60, 69],
[10, 26, 36, 63],
[11, 27, 38, 66],
[12, 28, 40, 52],
[13, 29, 42, 55, 68],
[14, 30, 44, 58],
[15, 31, 46, 61],
[16, 32, 48, 64]]]