[[[0, 13, 26, 39, 52, 65],
[1, 14, 28, 42, 56, 70],
[2, 15, 30, 45, 60],
[3, 16, 32, 48, 64, 67],
[4, 17, 34, 51, 55, 72],
[5, 18, 36, 41, 59],
[6, 19, 38, 44, 63, 69],
[7, 20, 27, 47, 54],
[8, 21, 29, 50, 58, 66],
[9, 22, 31, 40, 62, 71],
[10, 23, 33, 43, 53],
[11, 24, 35, 46, 57, 68],
[12, 25, 37, 49, 61, 73]],

[[0, 14, 27, 40, 53, 66],
[1, 15, 29, 43, 57, 71],
[2, 16, 31, 46, 61],
[3, 17, 33, 49, 52, 68],
[4, 18, 35, 39, 56, 73],
[5, 19, 37, 42, 60, 65],
[6, 20, 26, 45, 64, 70],
[7, 21, 28, 48, 55],
[8, 22, 30, 51, 59, 67],
[9, 23, 32, 41, 63, 72],
[10, 24, 34, 44, 54],
[11, 25, 36, 47, 58, 69],
[12, 13, 38, 50, 62]],

[[0, 15, 28, 41, 54, 67],
[1, 16, 30, 44, 58, 72],
[2, 17, 32, 47, 62],
[3, 18, 34, 50, 53, 69],
[4, 19, 36, 40, 57],
[5, 20, 38, 43, 61, 66],
[6, 21, 27, 46, 52, 71],
[7, 22, 29, 49, 56],
[8, 23, 31, 39, 60, 68],
[9, 24, 33, 42, 64, 73],
[10, 25, 35, 45, 55, 65],
[11, 13, 37, 48, 59, 70],
[12, 14, 26, 51, 63]],

[[0, 16, 29, 42, 55, 68],
[1, 17, 31, 45, 59, 73],
[2, 18, 33, 48, 63, 65],
[3, 19, 35, 51, 54, 70],
[4, 20, 37, 41, 58],
[5, 21, 26, 44, 62, 67],
[6, 22, 28, 47, 53, 72],
[7, 23, 30, 50, 57],
[8, 24, 32, 40, 61, 69],
[9, 25, 34, 43, 52],
[10, 13, 36, 46, 56, 66],
[11, 14, 38, 49, 60, 71],
[12, 15, 27, 39, 64]],

[[0, 17, 30, 43, 56, 69],
[1, 18, 32, 46, 60],
[2, 19, 34, 49, 64, 66],
[3, 20, 36, 39, 55, 71],
[4, 21, 38, 42, 59],
[5, 22, 27, 45, 63, 68],
[6, 23, 29, 48, 54, 73],
[7, 24, 31, 51, 58, 65],
[8, 25, 33, 41, 62, 70],
[9, 13, 35, 44, 53],
[10, 14, 37, 47, 57, 67],
[11, 15, 26, 50, 61, 72],
[12, 16, 28, 40, 52]],

[[0, 18, 31, 44, 57, 70],
[1, 19, 33, 47, 61],
[2, 20, 35, 50, 52, 67],
[3, 21, 37, 40, 56, 72],
[4, 22, 26, 43, 60],
[5, 23, 28, 46, 64, 69],
[6, 24, 30, 49, 55],
[7, 25, 32, 39, 59, 66],
[8, 13, 34, 42, 63, 71],
[9, 14, 36, 45, 54],
[10, 15, 38, 48, 58, 68],
[11, 16, 27, 51, 62, 73],
[12, 17, 29, 41, 53, 65]],

[[0, 19, 32, 45, 58, 71],
[1, 20, 34, 48, 62],
[2, 21, 36, 51, 53, 68],
[3, 22, 38, 41, 57, 73],
[4, 23, 27, 44, 61, 65],
[5, 24, 29, 47, 52, 70],
[6, 25, 31, 50, 56],
[7, 13, 33, 40, 60, 67],
[8, 14, 35, 43, 64, 72],
[9, 15, 37, 46, 55],
[10, 16, 26, 49, 59, 69],
[11, 17, 28, 39, 63],
[12, 18, 30, 42, 54, 66]],

[[0, 20, 33, 46, 59, 72],
[1, 21, 35, 49, 63],
[2, 22, 37, 39, 54, 69],
[3, 23, 26, 42, 58],
[4, 24, 28, 45, 62, 66],
[5, 25, 30, 48, 53, 71],
[6, 13, 32, 51, 57],
[7, 14, 34, 41, 61, 68],
[8, 15, 36, 44, 52, 73],
[9, 16, 38, 47, 56, 65],
[10, 17, 27, 50, 60, 70],
[11, 18, 29, 40, 64],
[12, 19, 31, 43, 55, 67]],

[[0, 21, 34, 47, 60, 73],
[1, 22, 36, 50, 64, 65],
[2, 23, 38, 40, 55, 70],
[3, 24, 27, 43, 59],
[4, 25, 29, 46, 63, 67],
[5, 13, 31, 49, 54, 72],
[6, 14, 33, 39, 58],
[7, 15, 35, 42, 62, 69],
[8, 16, 37, 45, 53],
[9, 17, 26, 48, 57, 66],
[10, 18, 28, 51, 61, 71],
[11, 19, 30, 41, 52],
[12, 20, 32, 44, 56, 68]],

[[0, 22, 35, 48, 61],
[1, 23, 37, 51, 52, 66],
[2, 24, 26, 41, 56, 71],
[3, 25, 28, 44, 60],
[4, 13, 30, 47, 64, 68],
[5, 14, 32, 50, 55, 73],
[6, 15, 34, 40, 59, 65],
[7, 16, 36, 43, 63, 70],
[8, 17, 38, 46, 54],
[9, 18, 27, 49, 58, 67],
[10, 19, 29, 39, 62, 72],
[11, 20, 31, 42, 53],
[12, 21, 33, 45, 57, 69]],

[[0, 23, 36, 49, 62],
[1, 24, 38, 39, 53, 67],
[2, 25, 27, 42, 57, 72],
[3, 13, 29, 45, 61],
[4, 14, 31, 48, 52, 69],
[5, 15, 33, 51, 56],
[6, 16, 35, 41, 60, 66],
[7, 17, 37, 44, 64, 71],
[8, 18, 26, 47, 55],
[9, 19, 28, 50, 59, 68],
[10, 20, 30, 40, 63, 73],
[11, 21, 32, 43, 54, 65],
[12, 22, 34, 46, 58, 70]],

[[0, 24, 37, 50, 63],
[1, 25, 26, 40, 54, 68],
[2, 13, 28, 43, 58, 73],
[3, 14, 30, 46, 62, 65],
[4, 15, 32, 49, 53, 70],
[5, 16, 34, 39, 57],
[6, 17, 36, 42, 61, 67],
[7, 18, 38, 45, 52, 72],
[8, 19, 27, 48, 56],
[9, 20, 29, 51, 60, 69],
[10, 21, 31, 41, 64],
[11, 22, 33, 44, 55, 66],
[12, 23, 35, 47, 59, 71]],

[[0, 25, 38, 51, 64],
[1, 13, 27, 41, 55, 69],
[2, 14, 29, 44, 59],
[3, 15, 31, 47, 63, 66],
[4, 16, 33, 50, 54, 71],
[5, 17, 35, 40, 58],
[6, 18, 37, 43, 62, 68],
[7, 19, 26, 46, 53, 73],
[8, 20, 28, 49, 57, 65],
[9, 21, 30, 39, 61, 70],
[10, 22, 32, 42, 52],
[11, 23, 34, 45, 56, 67],
[12, 24, 36, 48, 60, 72]]]