[[[0,18,36,54,72],
[1,21,43,62],
[2,24,41,58],
[3,34,48,68,76],
[4,28,46,64],
[5,31,53,69,74],
[6,19,52,65],
[7,22,50,70],
[8,25,45,66],
[9,29,38,63,75],
[10,32,42,71],
[11,35,40,67,73],
[12,33,49,61],
[13,27,47,57],
[14,30,51,56],
[15,20,37,59],
[16,23,44,55],
[17,26,39,60]],

[[0,25,39,59],
[1,19,37,55,73],
[2,22,44,60,75],
[3,32,51,70,72],
[4,35,49,66],
[5,29,47,65],
[6,26,46,67],
[7,20,53,63],
[8,23,48,71],
[9,33,41,68,74],
[10,27,36,64,76],
[11,30,43,69],
[12,31,52,54],
[13,34,50,62],
[14,28,45,58],
[15,24,40,61],
[16,18,38,57],
[17,21,42,56]],

[[0,23,42,61,76],
[1,26,40,57],
[2,20,38,56,74],
[3,27,45,63],
[4,30,52,71,73],
[5,33,50,67,75],
[6,21,49,69],
[7,24,47,68],
[8,18,51,64],
[9,31,44,70],
[10,34,39,66,72],
[11,28,37,65],
[12,29,46,59],
[13,32,53,55],
[14,35,48,60],
[15,22,43,54],
[16,25,41,62],
[17,19,36,58]],

[[0,22,46,68],
[1,25,53,64],
[2,19,48,69],
[3,21,39,57,75],
[4,24,37,56],
[5,18,44,61,73],
[6,28,51,71],
[7,31,49,67,72],
[8,34,47,63],
[9,23,40,62],
[10,26,38,58],
[11,20,42,54],
[12,32,41,66],
[13,35,36,65,74],
[14,29,43,70,76],
[15,27,52,55],
[16,30,50,60],
[17,33,45,59]],

[[0,20,49,70],
[1,23,47,66],
[2,26,51,65],
[3,19,42,62,74],
[4,22,40,58,76],
[5,25,38,54],
[6,35,45,64,75],
[7,29,52,69],
[8,32,50,68,73],
[9,18,43,55],
[10,21,41,60],
[11,24,36,59],
[12,27,44,71],
[13,30,39,67],
[14,33,37,63,72],
[15,34,46,57],
[16,28,53,56],
[17,31,48,61]],

[[0,24,52,63],
[1,18,50,71],
[2,21,45,67],
[3,26,36,55],
[4,20,43,60,72],
[5,23,41,59],
[6,30,48,66,74],
[7,33,46,65,76],
[8,27,53,70],
[9,25,37,57],
[10,19,44,56],
[11,22,39,61],
[12,34,38,64,73],
[13,28,42,69,75],
[14,31,40,68],
[15,32,49,62],
[16,35,47,58],
[17,29,51,54]],

[[0,31,45,65,73],
[1,34,52,70,75],
[2,28,50,66],
[3,25,49,71],
[4,19,47,67],
[5,22,51,63],
[6,24,42,60],
[7,18,40,59,74],
[8,21,38,55,76],
[9,30,46,58],
[10,33,53,54],
[11,27,48,62],
[12,26,43,56],
[13,20,41,61],
[14,23,36,57],
[15,35,44,69,72],
[16,29,39,68],
[17,32,37,64]],

[[0,29,48,67],
[1,32,46,63,74],
[2,35,53,71,76],
[3,23,52,64],
[4,26,50,69],
[5,20,45,68],
[6,22,36,56],
[7,25,43,61],
[8,19,41,57,72],
[9,28,49,60],
[10,31,47,59],
[11,34,51,55],
[12,21,37,58],
[13,24,44,54],
[14,18,39,62],
[15,30,38,65],
[16,33,42,70,73],
[17,27,40,66,75]],

[[0,33,51,69],
[1,27,49,68],
[2,30,47,64,72],
[3,18,46,66],
[4,21,53,65],
[5,24,48,70],
[6,20,39,58,73],
[7,23,37,54,75],
[8,26,44,62],
[9,35,52,56],
[10,29,50,61],
[11,32,45,57],
[12,19,40,60],
[13,22,38,59],
[14,25,42,55],
[15,28,41,67,76],
[16,31,36,63],
[17,34,43,71,74]],

[[0,32,47,60],
[1,35,51,59],
[2,29,49,55],
[3,24,43,65],
[4,18,41,70],
[5,21,36,66],
[6,27,38,61,72],
[7,30,42,57],
[8,33,40,56],
[9,26,45,54,76],
[10,20,52,62],
[11,23,50,58,74],
[12,28,39,63],
[13,31,37,71],
[14,34,44,67],
[15,19,53,68,75],
[16,22,48,64],
[17,25,46,69,73]],

[[0,27,50,56],
[1,30,45,61],
[2,33,52,57],
[3,22,37,67],
[4,25,44,63],
[5,19,39,71],
[6,34,41,54],
[7,28,36,62,73],
[8,31,43,58,75],
[9,21,48,59,72],
[10,24,46,55],
[11,18,53,60],
[12,35,42,68],
[13,29,40,64],
[14,32,38,69],
[15,26,47,70,74],
[16,20,51,66,76],
[17,23,49,65]],

[[0,34,53,58],
[1,28,48,54],
[2,31,46,62],
[3,20,40,69],
[4,23,38,68],
[5,26,42,64],
[6,32,44,59,76],
[7,35,39,55],
[8,29,37,60,74],
[9,19,51,61],
[10,22,49,57,73],
[11,25,47,56,75],
[12,30,36,70],
[13,33,43,66],
[14,27,41,65],
[15,21,50,63],
[16,24,45,71,72],
[17,18,52,67]],

[[0,30,41,55,75],
[1,33,36,60],
[2,27,43,59,73],
[3,35,50,54],
[4,29,45,62],
[5,32,52,58],
[6,18,37,68],
[7,21,44,64],
[8,24,39,69],
[9,22,47,71],
[10,25,51,67,74],
[11,19,49,63,76],
[12,20,48,57],
[13,23,46,56,72],
[14,26,53,61],
[15,31,42,66],
[16,34,40,65],
[17,28,38,70]],

[[0,28,44,57,74],
[1,31,39,56,76],
[2,34,37,61],
[3,30,53,59],
[4,33,48,55],
[5,27,46,60],
[6,25,40,70],
[7,19,38,66],
[8,22,42,65],
[9,20,50,64],
[10,23,45,69],
[11,26,52,68,72],
[12,24,51,62,75],
[13,18,49,58],
[14,21,47,54,73],
[15,29,36,71],
[16,32,43,67],
[17,35,41,63]],

[[0,35,38,62],
[1,29,42,58,72],
[2,32,40,54],
[3,28,47,61],
[4,31,51,57],
[5,34,49,56],
[6,23,43,63],
[7,26,41,71],
[8,20,36,67],
[9,24,53,66,73],
[10,18,48,65,75],
[11,21,46,70],
[12,22,45,55,74],
[13,25,52,60,76],
[14,19,50,59],
[15,33,39,64],
[16,27,37,69],
[17,30,44,68]],

[[0,21,40,71],
[1,24,38,67],
[2,18,42,63],
[3,33,44,58],
[4,27,39,54,74],
[5,30,37,62,76],
[6,29,53,57],
[7,32,48,56],
[8,35,46,61],
[9,34,36,69],
[10,28,43,68],
[11,31,41,64],
[12,25,50,65,72],
[13,19,45,70],
[14,22,52,66],
[15,23,51,60,73],
[16,26,49,59,75],
[17,20,47,55]],

[[0,19,43,64],
[1,22,41,69],
[2,25,36,68],
[3,31,38,60],
[4,34,42,59],
[5,28,40,55,72],
[6,33,47,62],
[7,27,51,58],
[8,30,49,54],
[9,32,39,65],
[10,35,37,70],
[11,29,44,66],
[12,23,53,67],
[13,26,48,63,73],
[14,20,46,71,75],
[15,18,45,56],
[16,21,52,61,74],
[17,24,50,57,76]],

[[0,26,37,66],
[1,20,44,65],
[2,23,39,70],
[3,29,41,56,73],
[4,32,36,61,75],
[5,35,43,57],
[6,31,50,55],
[7,34,45,60],
[8,28,52,59],
[9,27,42,67],
[10,30,40,63],
[11,33,38,71],
[12,18,47,69,76],
[13,21,51,68],
[14,24,49,64,74],
[15,25,48,58],
[16,19,46,54],
[17,22,53,62,72]]

]
