[[[0,13,26,39,52],
[1,14,28,42,56,68],
[2,15,30,45,60,73],
[3,16,32,48,64,65],
[4,17,34,51,55,70],
[5,18,36,41,59,75],
[6,19,38,44,63,67],
[7,20,27,47,54,72],
[8,21,29,50,58],
[9,22,31,40,62,69],
[10,23,33,43,53,74],
[11,24,35,46,57,66],
[12,25,37,49,61,71]],

[[0,14,27,40,53],
[1,15,29,43,57,69],
[2,16,31,46,61,74],
[3,17,33,49,52,66],
[4,18,35,39,56,71],
[5,19,37,42,60],
[6,20,26,45,64,68],
[7,21,28,48,55,73],
[8,22,30,51,59,65],
[9,23,32,41,63,70],
[10,24,34,44,54,75],
[11,25,36,47,58,67],
[12,13,38,50,62,72]],

[[0,15,28,41,54,65],
[1,16,30,44,58,70],
[2,17,32,47,62,75],
[3,18,34,50,53,67],
[4,19,36,40,57,72],
[5,20,38,43,61],
[6,21,27,46,52,69],
[7,22,29,49,56,74],
[8,23,31,39,60,66],
[9,24,33,42,64,71],
[10,25,35,45,55],
[11,13,37,48,59,68],
[12,14,26,51,63,73]],

[[0,16,29,42,55,66],
[1,17,31,45,59,71],
[2,18,33,48,63],
[3,19,35,51,54,68],
[4,20,37,41,58,73],
[5,21,26,44,62,65],
[6,22,28,47,53,70],
[7,23,30,50,57,75],
[8,24,32,40,61,67],
[9,25,34,43,52,72],
[10,13,36,46,56],
[11,14,38,49,60,69],
[12,15,27,39,64,74]],

[[0,17,30,43,56,67],
[1,18,32,46,60,72],
[2,19,34,49,64],
[3,20,36,39,55,69],
[4,21,38,42,59,74],
[5,22,27,45,63,66],
[6,23,29,48,54,71],
[7,24,31,51,58],
[8,25,33,41,62,68],
[9,13,35,44,53,73],
[10,14,37,47,57,65],
[11,15,26,50,61,70],
[12,16,28,40,52,75]],

[[0,18,31,44,57,68],
[1,19,33,47,61,73],
[2,20,35,50,52,65],
[3,21,37,40,56,70],
[4,22,26,43,60,75],
[5,23,28,46,64,67],
[6,24,30,49,55,72],
[7,25,32,39,59],
[8,13,34,42,63,69],
[9,14,36,45,54,74],
[10,15,38,48,58,66],
[11,16,27,51,62,71],
[12,17,29,41,53]],

[[0,19,32,45,58,69],
[1,20,34,48,62,74],
[2,21,36,51,53,66],
[3,22,38,41,57,71],
[4,23,27,44,61],
[5,24,29,47,52,68],
[6,25,31,50,56,73],
[7,13,33,40,60,65],
[8,14,35,43,64,70],
[9,15,37,46,55,75],
[10,16,26,49,59,67],
[11,17,28,39,63,72],
[12,18,30,42,54]],

[[0,20,33,46,59,70],
[1,21,35,49,63,75],
[2,22,37,39,54,67],
[3,23,26,42,58,72],
[4,24,28,45,62],
[5,25,30,48,53,69],
[6,13,32,51,57,74],
[7,14,34,41,61,66],
[8,15,36,44,52,71],
[9,16,38,47,56],
[10,17,27,50,60,68],
[11,18,29,40,64,73],
[12,19,31,43,55,65]],

[[0,21,34,47,60,71],
[1,22,36,50,64],
[2,23,38,40,55,68],
[3,24,27,43,59,73],
[4,25,29,46,63,65],
[5,13,31,49,54,70],
[6,14,33,39,58,75],
[7,15,35,42,62,67],
[8,16,37,45,53,72],
[9,17,26,48,57],
[10,18,28,51,61,69],
[11,19,30,41,52,74],
[12,20,32,44,56,66]],

[[0,22,35,48,61,72],
[1,23,37,51,52],
[2,24,26,41,56,69],
[3,25,28,44,60,74],
[4,13,30,47,64,66],
[5,14,32,50,55,71],
[6,15,34,40,59],
[7,16,36,43,63,68],
[8,17,38,46,54,73],
[9,18,27,49,58,65],
[10,19,29,39,62,70],
[11,20,31,42,53,75],
[12,21,33,45,57,67]],

[[0,23,36,49,62,73],
[1,24,38,39,53,65],
[2,25,27,42,57,70],
[3,13,29,45,61,75],
[4,14,31,48,52,67],
[5,15,33,51,56,72],
[6,16,35,41,60],
[7,17,37,44,64,69],
[8,18,26,47,55,74],
[9,19,28,50,59,66],
[10,20,30,40,63,71],
[11,21,32,43,54],
[12,22,34,46,58,68]],

[[0,24,37,50,63,74],
[1,25,26,40,54,66],
[2,13,28,43,58,71],
[3,14,30,46,62],
[4,15,32,49,53,68],
[5,16,34,39,57,73],
[6,17,36,42,61,65],
[7,18,38,45,52,70],
[8,19,27,48,56,75],
[9,20,29,51,60,67],
[10,21,31,41,64,72],
[11,22,33,44,55],
[12,23,35,47,59,69]],

[[0,25,38,51,64,75],
[1,13,27,41,55,67],
[2,14,29,44,59,72],
[3,15,31,47,63],
[4,16,33,50,54,69],
[5,17,35,40,58,74],
[6,18,37,43,62,66],
[7,19,26,46,53,71],
[8,20,28,49,57],
[9,21,30,39,61,68],
[10,22,32,42,52,73],
[11,23,34,45,56,65],
[12,24,36,48,60,70]]

]
