[[[0, 1, 2, 3, 4],
[5, 20, 35, 50, 65],
[6, 24, 38, 54, 69],
[8, 28, 42, 72],
[7, 32, 46, 61, 76],
[9, 21, 39, 58, 77],
[10, 25, 36, 62, 73],
[12, 29, 47, 51, 70],
[11, 43, 55, 66],
[13, 23, 45, 64, 71],
[14, 27, 49, 60, 68],
[16, 31, 57, 79],
[15, 34, 41, 53, 75],
[22, 48, 56, 74],
[17, 26, 44, 52, 78],
[19, 30, 40, 63, 67],
[18, 33, 37, 59]],

[[0, 5, 6, 7, 8],
[1, 23, 27, 31, 34],
[2, 41, 45, 49],
[4, 53, 57, 60, 64],
[3, 68, 71, 75, 79],
[9, 20, 38, 76],
[10, 24, 35, 61, 72],
[12, 28, 46, 50, 69],
[11, 32, 42, 54, 65],
[13, 22, 44, 63],
[14, 26, 48, 59, 67],
[16, 30, 37, 56, 78],
[15, 33, 40, 52, 74],
[21, 47, 55, 73],
[17, 25, 43, 51, 77],
[19, 29, 39, 62, 66],
[18, 36, 58, 70]],

[[0, 9, 10, 11, 12],
[1, 22, 26, 30, 33],
[2, 37, 40, 44, 48],
[4, 52, 56, 59, 63],
[3, 67, 74, 78],
[5, 23, 53, 68],
[6, 27, 41, 57, 71],
[8, 31, 45, 60, 75],
[7, 34, 49, 64, 79],
[13, 21, 43, 62, 70],
[14, 25, 47, 58, 66],
[16, 29, 36, 55, 77],
[15, 39, 51, 73],
[20, 46, 54, 72],
[17, 24, 42, 50, 76],
[19, 28, 38, 61, 65],
[18, 32, 35, 69]],

[[0, 13, 14, 15, 16],
[1, 20, 24, 28, 32],
[2, 35, 38, 42, 46],
[4, 50, 54, 61],
[3, 65, 69, 72, 76],
[5, 21, 36, 51, 66],
[6, 25, 39, 55, 70],
[8, 29, 43, 58, 73],
[7, 47, 62, 77],
[9, 22, 40, 59, 78],
[10, 26, 37, 63, 74],
[12, 30, 48, 52],
[11, 33, 44, 56, 67],
[23, 49, 57, 75],
[17, 27, 45, 53, 79],
[19, 31, 41, 64, 68],
[18, 34, 60, 71]],

[[0, 17, 18, 19],
[1, 21, 25, 29],
[2, 36, 39, 43, 47],
[4, 51, 55, 58, 62],
[3, 66, 70, 73, 77],
[5, 22, 37, 52, 67],
[6, 26, 40, 56],
[8, 30, 44, 59, 74],
[7, 33, 48, 63, 78],
[9, 23, 41, 60, 79],
[10, 27, 64, 75],
[12, 31, 49, 53, 71],
[11, 34, 45, 57, 68],
[13, 20, 42, 61, 69],
[14, 24, 46, 65],
[16, 28, 35, 54, 76],
[15, 32, 38, 50, 72]],

[[0, 20, 21, 22, 23],
[4, 8, 12, 16, 19],
[1, 40, 42, 47],
[3, 53, 55, 59, 61],
[2, 68, 69, 73, 78],
[5, 24, 41, 56, 70],
[7, 28, 43, 60, 74],
[6, 32, 48, 62, 79],
[9, 25, 35, 63, 75],
[11, 29, 49, 50],
[10, 44, 57, 65],
[13, 27, 46, 58, 67],
[15, 31, 37, 54, 77],
[14, 34, 39, 52, 72],
[26, 45, 51, 76],
[18, 30, 38, 64, 66],
[17, 33, 36, 71]],

[[0, 24, 25, 26, 27],
[4, 7, 11, 15, 18],
[1, 37, 41, 43, 46],
[3, 51, 57, 63],
[2, 65, 71, 74, 77],
[8, 20, 52, 66],
[6, 28, 44, 58, 75],
[5, 32, 47, 64, 78],
[12, 21, 38, 59, 79],
[10, 29, 48, 53, 69],
[9, 45, 54, 67],
[16, 23, 42, 62],
[14, 31, 36, 56, 76],
[13, 34, 40, 50, 73],
[19, 22, 49, 55, 72],
[17, 30, 39, 61, 68],
[33, 35, 60, 70]],

[[0, 28, 29, 30, 31],
[4, 5, 9, 13],
[1, 35, 39, 45, 48],
[3, 52, 54, 60, 62],
[2, 66, 75, 76],
[6, 20, 36, 53, 67],
[7, 24, 40, 55, 71],
[8, 32, 49, 63, 77],
[10, 21, 41, 78],
[11, 25, 37, 64, 72],
[12, 42, 56, 68],
[14, 23, 44, 61, 70],
[15, 27, 47, 59, 65],
[16, 34, 38, 51, 74],
[17, 22, 46, 57, 73],
[18, 26, 43, 50, 79],
[19, 33, 58, 69]],

[[0, 32, 33, 34],
[4, 6, 10, 14, 17],
[1, 36, 38, 44, 49],
[3, 50, 56, 58, 64],
[2, 67, 70, 72, 79],
[7, 20, 37, 51, 68],
[8, 24, 39, 57],
[5, 28, 45, 59, 73],
[11, 21, 40, 60, 76],
[12, 25, 61, 74],
[9, 29, 46, 52, 71],
[15, 23, 43, 63, 69],
[16, 27, 48, 66],
[13, 31, 35, 55, 78],
[18, 22, 47, 54, 75],
[19, 26, 42, 53, 77],
[30, 41, 62, 65]],

[[0, 35, 36, 37],
[3, 8, 11, 13, 17],
[4, 23, 26, 28],
[2, 53, 54, 58, 63],
[1, 68, 70, 74, 76],
[5, 27, 38, 55],
[7, 29, 42, 59, 75],
[6, 33, 46, 64, 77],
[12, 20, 39, 60, 78],
[10, 30, 47, 50, 71],
[9, 34, 43, 56, 65],
[14, 22, 45, 62, 69],
[15, 25, 49, 67],
[16, 32, 41, 52, 73],
[18, 21, 48, 57, 72],
[19, 24, 44, 51, 79],
[31, 40, 61, 66]],

[[0, 38, 39, 40, 41],
[3, 7, 12, 14],
[4, 22, 27, 29, 32],
[2, 50, 57, 59, 62],
[1, 66, 71, 72, 78],
[8, 23, 35, 51, 67],
[6, 30, 42, 60, 73],
[5, 46, 63, 79],
[9, 24, 36, 64, 74],
[11, 31, 47, 52, 69],
[10, 33, 43, 54, 68],
[15, 21, 45, 61],
[16, 26, 49, 58, 65],
[13, 28, 56, 77],
[17, 20, 48, 55, 75],
[18, 25, 44, 53, 76],
[19, 34, 37, 70]],

[[0, 42, 43, 44, 45],
[3, 5, 10, 16, 18],
[4, 20, 25, 31, 33],
[2, 51, 56, 60, 61],
[1, 67, 69, 75, 77],
[6, 21, 35, 52, 68],
[7, 26, 38, 57, 70],
[8, 34, 46, 62, 78],
[11, 22, 39, 79],
[12, 27, 36, 63, 72],
[9, 28, 47, 53],
[13, 24, 49, 59, 66],
[15, 30, 55, 76],
[14, 41, 50, 74],
[19, 23, 48, 54, 73],
[17, 29, 40, 64, 65],
[32, 37, 58, 71]],

[[0, 46, 47, 48, 49],
[3, 6, 9, 15, 19],
[4, 21, 24, 30, 34],
[2, 52, 55, 64],
[1, 65, 73, 79],
[7, 22, 35, 53, 66],
[8, 25, 38, 56, 71],
[5, 31, 42, 58, 74],
[10, 23, 39, 59, 76],
[11, 26, 36, 61, 75],
[12, 32, 43, 57, 67],
[16, 20, 45, 63, 70],
[14, 29, 54, 78],
[13, 33, 41, 51, 72],
[27, 44, 50, 77],
[18, 28, 40, 62, 68],
[17, 37, 60, 69]],

[[0, 50, 51, 52, 53],
[1, 8, 9, 14, 18],
[2, 23, 25, 30, 32],
[3, 38, 43, 48],
[4, 68, 72, 77],
[5, 26, 39, 54, 71],
[7, 31, 44, 73],
[6, 49, 61, 78],
[10, 20, 40, 58, 79],
[11, 27, 35, 62, 74],
[12, 33, 45, 55, 65],
[15, 22, 42, 64, 70],
[16, 24, 47, 60, 67],
[13, 29, 37, 57, 76],
[19, 21, 46, 56, 75],
[17, 28, 41, 63, 66],
[34, 36, 59, 69]],

[[0, 54, 55, 56, 57],
[1, 7, 10, 13, 19],
[2, 21, 27, 28, 33],
[3, 35, 41, 44, 47],
[4, 67, 71, 73, 76],
[8, 22, 36, 50, 68],
[6, 29, 45, 74],
[5, 34, 48, 61, 77],
[11, 23, 38, 58, 78],
[12, 24, 37, 62, 75],
[9, 30, 49, 51, 69],
[14, 20, 43, 64],
[15, 26, 46, 60, 66],
[16, 40, 53, 72],
[25, 42, 52, 79],
[18, 31, 39, 63, 65],
[17, 32, 59, 70]],

[[0, 58, 59, 60],
[1, 5, 12, 15, 17],
[2, 22, 24, 31],
[3, 36, 40, 45, 46],
[4, 65, 70, 75, 78],
[6, 23, 37, 50, 66],
[7, 25, 41, 54],
[8, 33, 47, 61, 79],
[9, 26, 62, 72],
[11, 28, 48, 51, 71],
[10, 34, 42, 55, 67],
[16, 21, 44, 64, 69],
[14, 30, 35, 57, 77],
[13, 32, 39, 53, 74],
[18, 20, 49, 56, 73],
[19, 27, 43, 52, 76],
[29, 38, 63, 68]],

[[0, 61, 62, 63, 64],
[1, 6, 11, 16],
[2, 20, 26, 29, 34],
[3, 37, 39, 42, 49],
[4, 66, 69, 74, 79],
[7, 21, 50, 67],
[8, 27, 40, 54, 70],
[5, 30, 43, 75],
[12, 22, 41, 58, 76],
[10, 31, 46, 51],
[9, 32, 44, 55, 68],
[13, 25, 48, 60, 65],
[15, 28, 36, 57, 78],
[14, 33, 38, 53, 73],
[17, 23, 47, 56, 72],
[18, 24, 45, 52, 77],
[19, 35, 59, 71]],

[[0, 65, 66, 67, 68],
[2, 8, 10, 15],
[3, 23, 24, 29, 33],
[4, 39, 44, 46],
[1, 53, 56, 62],
[5, 25, 40, 57, 69],
[7, 30, 45, 58, 72],
[6, 34, 47, 63, 76],
[11, 20, 41, 59, 77],
[12, 26, 35, 64, 73],
[9, 31, 48, 50, 70],
[16, 22, 43, 61, 71],
[14, 28, 37, 55, 79],
[13, 38, 52, 75],
[17, 21, 49, 54, 74],
[18, 27, 42, 51, 78],
[19, 32, 36, 60]],

[[0, 69, 70, 71],
[2, 7, 9, 16, 17],
[3, 20, 27, 30],
[4, 36, 41, 42, 48],
[1, 52, 57, 58, 61],
[8, 21, 37, 53, 65],
[6, 31, 43, 59, 72],
[5, 33, 49, 62, 76],
[10, 22, 38, 60, 77],
[11, 24, 63, 73],
[12, 34, 44, 54, 66],
[13, 26, 47, 68],
[15, 29, 35, 56, 79],
[14, 32, 40, 51, 75],
[18, 23, 46, 55, 74],
[19, 25, 45, 50, 78],
[28, 39, 64, 67]],

[[0, 72, 73, 74, 75],
[2, 5, 11, 14, 19],
[3, 21, 26, 31, 32],
[4, 37, 38, 45, 47],
[1, 50, 55, 60, 63],
[6, 22, 51, 65],
[7, 27, 39, 56, 69],
[8, 48, 64, 76],
[12, 23, 40, 77],
[10, 28, 49, 52, 70],
[9, 33, 42, 57, 66],
[15, 20, 44, 62, 71],
[16, 25, 46, 59, 68],
[13, 30, 36, 54, 79],
[24, 43, 53, 78],
[18, 29, 41, 61, 67],
[17, 34, 35, 58]]]