[[[0, 16, 32, 48, 64],
[1, 17, 34, 51, 68],
[2, 18, 35, 52, 69],
[3, 19, 36, 53, 70],
[4, 20, 37, 54, 71],
[5, 21, 38, 55, 72],
[6, 22, 39, 56, 73],
[7, 23, 40, 57, 74],
[8, 24, 41, 58, 75],
[9, 25, 42, 59, 76],
[10, 26, 43, 60, 77],
[11, 27, 44, 61],
[12, 28, 45, 62],
[13, 29, 46, 63, 65],
[14, 30, 47, 49, 66],
[15, 31, 33, 50, 67]],

[[0, 17, 33, 49, 65],
[1, 16, 37, 57],
[2, 21, 41, 63, 66],
[3, 25, 47, 50, 75],
[4, 31, 34, 59],
[5, 18, 43, 62, 74],
[6, 27, 46, 58, 67],
[7, 30, 42, 51, 72],
[8, 26, 35, 56, 70],
[9, 19, 40, 54, 77],
[10, 24, 38, 61, 76],
[11, 22, 45, 60, 71],
[12, 29, 44, 55, 68],
[13, 28, 39, 52, 64],
[14, 23, 36, 48, 69],
[15, 20, 32, 53, 73]],

[[0, 18, 34, 50, 66],
[1, 21, 32, 54, 74],
[2, 16, 38, 58, 65],
[3, 22, 42, 49, 67],
[4, 26, 33, 51, 76],
[5, 17, 35, 60],
[6, 19, 44, 63, 75],
[7, 28, 47, 59, 68],
[8, 31, 43, 52, 73],
[9, 27, 36, 57, 71],
[10, 20, 41, 55],
[11, 25, 39, 62, 77],
[12, 23, 46, 61, 72],
[13, 30, 45, 56, 69],
[14, 29, 40, 53, 64],
[15, 24, 37, 48, 70]],

[[0, 19, 35, 51, 67],
[1, 25, 38, 48, 71],
[2, 22, 32, 55, 75],
[3, 16, 39, 59, 66],
[4, 23, 43, 50, 68],
[5, 27, 34, 52, 77],
[6, 18, 36, 61, 65],
[7, 20, 45, 49, 76],
[8, 29, 33, 60, 69],
[9, 17, 44, 53, 74],
[10, 28, 37, 58, 72],
[11, 21, 42, 56],
[12, 26, 40, 63],
[13, 24, 47, 62, 73],
[14, 31, 46, 57, 70],
[15, 30, 41, 54, 64]],

[[0, 20, 36, 52, 68],
[1, 31, 42, 55, 64],
[2, 26, 39, 48, 72],
[3, 23, 32, 56, 76],
[4, 16, 40, 60, 67],
[5, 24, 44, 51, 69],
[6, 28, 35, 53],
[7, 19, 37, 62, 66],
[8, 21, 46, 50, 77],
[9, 30, 34, 61, 70],
[10, 18, 45, 54, 75],
[11, 29, 38, 59, 73],
[12, 22, 43, 57, 65],
[13, 27, 41, 49],
[14, 25, 33, 63, 74],
[15, 17, 47, 58, 71]],

[[0, 21, 37, 53, 69],
[1, 18, 33, 59, 72],
[2, 17, 43, 56, 64],
[3, 27, 40, 48, 73],
[4, 24, 32, 57, 77],
[5, 16, 41, 61, 68],
[6, 25, 45, 52, 70],
[7, 29, 36, 54],
[8, 20, 38, 63, 67],
[9, 22, 47, 51],
[10, 31, 35, 62, 71],
[11, 19, 46, 55, 76],
[12, 30, 39, 60, 74],
[13, 23, 44, 58, 66],
[14, 28, 42, 50, 65],
[15, 26, 34, 49, 75]],

[[0, 22, 38, 54, 70],
[1, 27, 35, 50, 76],
[2, 19, 34, 60, 73],
[3, 18, 44, 57, 64],
[4, 28, 41, 48, 74],
[5, 25, 32, 58],
[6, 16, 42, 62, 69],
[7, 26, 46, 53, 71],
[8, 30, 37, 55, 65],
[9, 21, 39, 49, 68],
[10, 23, 33, 52],
[11, 17, 36, 63, 72],
[12, 20, 47, 56, 77],
[13, 31, 40, 61, 75],
[14, 24, 45, 59, 67],
[15, 29, 43, 51, 66]],

[[0, 23, 39, 55, 71],
[1, 30, 44, 52, 67],
[2, 28, 36, 51, 77],
[3, 20, 35, 61, 74],
[4, 19, 45, 58, 64],
[5, 29, 42, 48, 75],
[6, 26, 32, 59],
[7, 16, 43, 63, 70],
[8, 27, 47, 54, 72],
[9, 31, 38, 56, 66],
[10, 22, 40, 50, 69],
[11, 24, 34, 53, 65],
[12, 18, 37, 49, 73],
[13, 21, 33, 57],
[14, 17, 41, 62, 76],
[15, 25, 46, 60, 68]],

[[0, 24, 40, 56, 72],
[1, 26, 47, 61, 69],
[2, 31, 45, 53, 68],
[3, 29, 37, 52],
[4, 21, 36, 62, 75],
[5, 20, 46, 59, 64],
[6, 30, 43, 48, 76],
[7, 27, 32, 60, 65],
[8, 16, 44, 49, 71],
[9, 28, 33, 55, 73],
[10, 17, 39, 57, 67],
[11, 23, 41, 51, 70],
[12, 25, 35, 54, 66],
[13, 19, 38, 50, 74],
[14, 22, 34, 58],
[15, 18, 42, 63, 77]],

[[0, 25, 41, 57, 73],
[1, 19, 43, 49],
[2, 27, 33, 62, 70],
[3, 17, 46, 54, 69],
[4, 30, 38, 53],
[5, 22, 37, 63, 76],
[6, 21, 47, 60, 64],
[7, 31, 44, 48, 77],
[8, 28, 32, 61, 66],
[9, 16, 45, 50, 72],
[10, 29, 34, 56, 74],
[11, 18, 40, 58, 68],
[12, 24, 42, 52, 71],
[13, 26, 36, 55, 67],
[14, 20, 39, 51, 75],
[15, 23, 35, 59, 65]],

[[0, 26, 42, 58, 74],
[1, 24, 36, 60, 66],
[2, 20, 44, 50],
[3, 28, 34, 63, 71],
[4, 18, 47, 55, 70],
[5, 31, 39, 54, 65],
[6, 23, 38, 49, 77],
[7, 22, 33, 61, 64],
[8, 17, 45, 48],
[9, 29, 32, 62, 67],
[10, 16, 46, 51, 73],
[11, 30, 35, 57, 75],
[12, 19, 41, 59, 69],
[13, 25, 43, 53, 72],
[14, 27, 37, 56, 68],
[15, 21, 40, 52, 76]],

[[0, 27, 43, 59, 75],
[1, 22, 41, 53, 77],
[2, 25, 37, 61, 67],
[3, 21, 45, 51, 65],
[4, 29, 35, 49, 72],
[5, 19, 33, 56, 71],
[6, 17, 40, 55, 66],
[7, 24, 39, 50],
[8, 23, 34, 62, 64],
[9, 18, 46, 48],
[10, 30, 32, 63, 68],
[11, 16, 47, 52, 74],
[12, 31, 36, 58, 76],
[13, 20, 42, 60, 70],
[14, 26, 44, 54, 73],
[15, 28, 38, 57, 69]],

[[0, 28, 44, 60, 76],
[1, 29, 39, 58, 70],
[2, 23, 42, 54],
[3, 26, 38, 62, 68],
[4, 22, 46, 52, 66],
[5, 30, 36, 50, 73],
[6, 20, 34, 57, 72],
[7, 18, 41, 56, 67],
[8, 25, 40, 51],
[9, 24, 35, 63, 64],
[10, 19, 47, 48, 65],
[11, 31, 32, 49, 69],
[12, 16, 33, 53, 75],
[13, 17, 37, 59, 77],
[14, 21, 43, 61, 71],
[15, 27, 45, 55, 74]],

[[0, 29, 45, 61, 77],
[1, 28, 46, 56, 75],
[2, 30, 40, 59, 71],
[3, 24, 43, 55],
[4, 27, 39, 63, 69],
[5, 23, 47, 53, 67],
[6, 31, 37, 51, 74],
[7, 21, 35, 58, 73],
[8, 19, 42, 57, 68],
[9, 26, 41, 52, 65],
[10, 25, 36, 49, 64],
[11, 20, 33, 48, 66],
[12, 17, 32, 50, 70],
[13, 16, 34, 54, 76],
[14, 18, 38, 60],
[15, 22, 44, 62, 72]],

[[0, 30, 46, 62],
[1, 23, 45, 63, 73],
[2, 29, 47, 57, 76],
[3, 31, 41, 60, 72],
[4, 25, 44, 56, 65],
[5, 28, 40, 49, 70],
[6, 24, 33, 54, 68],
[7, 17, 38, 52, 75],
[8, 22, 36, 59, 74],
[9, 20, 43, 58, 69],
[10, 27, 42, 53, 66],
[11, 26, 37, 50, 64],
[12, 21, 34, 48, 67],
[13, 18, 32, 51, 71],
[14, 16, 35, 55, 77],
[15, 19, 39, 61]],

[[0, 31, 47, 63],
[1, 20, 40, 62, 65],
[2, 24, 46, 49, 74],
[3, 30, 33, 58, 77],
[4, 17, 42, 61, 73],
[5, 26, 45, 57, 66],
[6, 29, 41, 50, 71],
[7, 25, 34, 55, 69],
[8, 18, 39, 53, 76],
[9, 23, 37, 60, 75],
[10, 21, 44, 59, 70],
[11, 28, 43, 54, 67],
[12, 27, 38, 51, 64],
[13, 22, 35, 48, 68],
[14, 19, 32, 52, 72],
[15, 16, 36, 56]]]