[[[0, 19, 38, 57, 76],
[1, 20, 40, 60],
[2, 21, 42, 63],
[3, 22, 44, 66],
[4, 23, 46, 69],
[5, 24, 48, 72, 77],
[6, 25, 50, 75],
[7, 26, 52, 59],
[8, 27, 54, 62],
[9, 28, 56, 65],
[10, 29, 39, 68, 78],
[11, 30, 41, 71],
[12, 31, 43, 74],
[13, 32, 45, 58],
[14, 33, 47, 61],
[15, 34, 49, 64],
[16, 35, 51, 67],
[17, 36, 53, 70],
[18, 37, 55, 73]],

[[0, 20, 39, 58, 77],
[1, 21, 41, 61],
[2, 22, 43, 64],
[3, 23, 45, 67],
[4, 24, 47, 70],
[5, 25, 49, 73, 78],
[6, 26, 51, 57],
[7, 27, 53, 60],
[8, 28, 55, 63],
[9, 29, 38, 66],
[10, 30, 40, 69],
[11, 31, 42, 72],
[12, 32, 44, 75],
[13, 33, 46, 59],
[14, 34, 48, 62, 76],
[15, 35, 50, 65],
[16, 36, 52, 68],
[17, 37, 54, 71],
[18, 19, 56, 74]],

[[0, 21, 40, 59, 78],
[1, 22, 42, 62],
[2, 23, 44, 65],
[3, 24, 46, 68],
[4, 25, 48, 71],
[5, 26, 50, 74],
[6, 27, 52, 58],
[7, 28, 54, 61],
[8, 29, 56, 64],
[9, 30, 39, 67, 76],
[10, 31, 41, 70],
[11, 32, 43, 73],
[12, 33, 45, 57],
[13, 34, 47, 60],
[14, 35, 49, 63, 77],
[15, 36, 51, 66],
[16, 37, 53, 69],
[17, 19, 55, 72],
[18, 20, 38, 75]],

[[0, 22, 41, 60],
[1, 23, 43, 63],
[2, 24, 45, 66],
[3, 25, 47, 69],
[4, 26, 49, 72, 76],
[5, 27, 51, 75],
[6, 28, 53, 59],
[7, 29, 55, 62],
[8, 30, 38, 65],
[9, 31, 40, 68, 77],
[10, 32, 42, 71],
[11, 33, 44, 74],
[12, 34, 46, 58],
[13, 35, 48, 61],
[14, 36, 50, 64, 78],
[15, 37, 52, 67],
[16, 19, 54, 70],
[17, 20, 56, 73],
[18, 21, 39, 57]],

[[0, 23, 42, 61],
[1, 24, 44, 64],
[2, 25, 46, 67],
[3, 26, 48, 70],
[4, 27, 50, 73, 77],
[5, 28, 52, 57],
[6, 29, 54, 60],
[7, 30, 56, 63],
[8, 31, 39, 66],
[9, 32, 41, 69, 78],
[10, 33, 43, 72],
[11, 34, 45, 75],
[12, 35, 47, 59],
[13, 36, 49, 62],
[14, 37, 51, 65],
[15, 19, 53, 68],
[16, 20, 55, 71],
[17, 21, 38, 74],
[18, 22, 40, 58, 76]],

[[0, 24, 43, 62],
[1, 25, 45, 65],
[2, 26, 47, 68],
[3, 27, 49, 71],
[4, 28, 51, 74, 78],
[5, 29, 53, 58],
[6, 30, 55, 61],
[7, 31, 38, 64],
[8, 32, 40, 67],
[9, 33, 42, 70],
[10, 34, 44, 73],
[11, 35, 46, 57],
[12, 36, 48, 60],
[13, 37, 50, 63, 76],
[14, 19, 52, 66],
[15, 20, 54, 69],
[16, 21, 56, 72],
[17, 22, 39, 75],
[18, 23, 41, 59, 77]],

[[0, 25, 44, 63],
[1, 26, 46, 66],
[2, 27, 48, 69],
[3, 28, 50, 72],
[4, 29, 52, 75],
[5, 30, 54, 59],
[6, 31, 56, 62],
[7, 32, 39, 65],
[8, 33, 41, 68, 76],
[9, 34, 43, 71],
[10, 35, 45, 74],
[11, 36, 47, 58],
[12, 37, 49, 61],
[13, 19, 51, 64, 77],
[14, 20, 53, 67],
[15, 21, 55, 70],
[16, 22, 38, 73],
[17, 23, 40, 57],
[18, 24, 42, 60, 78]],

[[0, 26, 45, 64],
[1, 27, 47, 67],
[2, 28, 49, 70],
[3, 29, 51, 73, 76],
[4, 30, 53, 57],
[5, 31, 55, 60],
[6, 32, 38, 63],
[7, 33, 40, 66],
[8, 34, 42, 69, 77],
[9, 35, 44, 72],
[10, 36, 46, 75],
[11, 37, 48, 59],
[12, 19, 50, 62],
[13, 20, 52, 65, 78],
[14, 21, 54, 68],
[15, 22, 56, 71],
[16, 23, 39, 74],
[17, 24, 41, 58],
[18, 25, 43, 61]],

[[0, 27, 46, 65],
[1, 28, 48, 68],
[2, 29, 50, 71],
[3, 30, 52, 74, 77],
[4, 31, 54, 58],
[5, 32, 56, 61],
[6, 33, 39, 64],
[7, 34, 41, 67],
[8, 35, 43, 70, 78],
[9, 36, 45, 73],
[10, 37, 47, 57],
[11, 19, 49, 60],
[12, 20, 51, 63],
[13, 21, 53, 66],
[14, 22, 55, 69],
[15, 23, 38, 72],
[16, 24, 40, 75],
[17, 25, 42, 59, 76],
[18, 26, 44, 62]],

[[0, 28, 47, 66],
[1, 29, 49, 69],
[2, 30, 51, 72],
[3, 31, 53, 75, 78],
[4, 32, 55, 59],
[5, 33, 38, 62],
[6, 34, 40, 65],
[7, 35, 42, 68],
[8, 36, 44, 71],
[9, 37, 46, 74],
[10, 19, 48, 58],
[11, 20, 50, 61],
[12, 21, 52, 64, 76],
[13, 22, 54, 67],
[14, 23, 56, 70],
[15, 24, 39, 73],
[16, 25, 41, 57],
[17, 26, 43, 60, 77],
[18, 27, 45, 63]],

[[0, 29, 48, 67],
[1, 30, 50, 70],
[2, 31, 52, 73],
[3, 32, 54, 57],
[4, 33, 56, 60],
[5, 34, 39, 63],
[6, 35, 41, 66],
[7, 36, 43, 69, 76],
[8, 37, 45, 72],
[9, 19, 47, 75],
[10, 20, 49, 59],
[11, 21, 51, 62],
[12, 22, 53, 65, 77],
[13, 23, 55, 68],
[14, 24, 38, 71],
[15, 25, 40, 74],
[16, 26, 42, 58],
[17, 27, 44, 61, 78],
[18, 28, 46, 64]],

[[0, 30, 49, 68],
[1, 31, 51, 71],
[2, 32, 53, 74, 76],
[3, 33, 55, 58],
[4, 34, 38, 61],
[5, 35, 40, 64],
[6, 36, 42, 67],
[7, 37, 44, 70, 77],
[8, 19, 46, 73],
[9, 20, 48, 57],
[10, 21, 50, 60],
[11, 22, 52, 63],
[12, 23, 54, 66, 78],
[13, 24, 56, 69],
[14, 25, 39, 72],
[15, 26, 41, 75],
[16, 27, 43, 59],
[17, 28, 45, 62],
[18, 29, 47, 65]],

[[0, 31, 50, 69],
[1, 32, 52, 72],
[2, 33, 54, 75, 77],
[3, 34, 56, 59],
[4, 35, 39, 62],
[5, 36, 41, 65],
[6, 37, 43, 68],
[7, 19, 45, 71, 78],
[8, 20, 47, 74],
[9, 21, 49, 58],
[10, 22, 51, 61],
[11, 23, 53, 64],
[12, 24, 55, 67],
[13, 25, 38, 70],
[14, 26, 40, 73],
[15, 27, 42, 57],
[16, 28, 44, 60, 76],
[17, 29, 46, 63],
[18, 30, 48, 66]],

[[0, 32, 51, 70],
[1, 33, 53, 73],
[2, 34, 55, 57, 78],
[3, 35, 38, 60],
[4, 36, 40, 63],
[5, 37, 42, 66],
[6, 19, 44, 69],
[7, 20, 46, 72],
[8, 21, 48, 75],
[9, 22, 50, 59],
[10, 23, 52, 62],
[11, 24, 54, 65, 76],
[12, 25, 56, 68],
[13, 26, 39, 71],
[14, 27, 41, 74],
[15, 28, 43, 58],
[16, 29, 45, 61, 77],
[17, 30, 47, 64],
[18, 31, 49, 67]],

[[0, 33, 52, 71],
[1, 34, 54, 74],
[2, 35, 56, 58],
[3, 36, 39, 61],
[4, 37, 41, 64],
[5, 19, 43, 67],
[6, 20, 45, 70, 76],
[7, 21, 47, 73],
[8, 22, 49, 57],
[9, 23, 51, 60],
[10, 24, 53, 63],
[11, 25, 55, 66, 77],
[12, 26, 38, 69],
[13, 27, 40, 72],
[14, 28, 42, 75],
[15, 29, 44, 59],
[16, 30, 46, 62, 78],
[17, 31, 48, 65],
[18, 32, 50, 68]],

[[0, 34, 53, 72],
[1, 35, 55, 75, 76],
[2, 36, 38, 59],
[3, 37, 40, 62],
[4, 19, 42, 65],
[5, 20, 44, 68],
[6, 21, 46, 71, 77],
[7, 22, 48, 74],
[8, 23, 50, 58],
[9, 24, 52, 61],
[10, 25, 54, 64],
[11, 26, 56, 67, 78],
[12, 27, 39, 70],
[13, 28, 41, 73],
[14, 29, 43, 57],
[15, 30, 45, 60],
[16, 31, 47, 63],
[17, 32, 49, 66],
[18, 33, 51, 69]],

[[0, 35, 54, 73],
[1, 36, 56, 57, 77],
[2, 37, 39, 60],
[3, 19, 41, 63],
[4, 20, 43, 66],
[5, 21, 45, 69],
[6, 22, 47, 72, 78],
[7, 23, 49, 75],
[8, 24, 51, 59],
[9, 25, 53, 62],
[10, 26, 55, 65],
[11, 27, 38, 68],
[12, 28, 40, 71],
[13, 29, 42, 74],
[14, 30, 44, 58],
[15, 31, 46, 61, 76],
[16, 32, 48, 64],
[17, 33, 50, 67],
[18, 34, 52, 70]],

[[0, 36, 55, 74],
[1, 37, 38, 58, 78],
[2, 19, 40, 61],
[3, 20, 42, 64],
[4, 21, 44, 67],
[5, 22, 46, 70],
[6, 23, 48, 73],
[7, 24, 50, 57],
[8, 25, 52, 60],
[9, 26, 54, 63],
[10, 27, 56, 66, 76],
[11, 28, 39, 69],
[12, 29, 41, 72],
[13, 30, 43, 75],
[14, 31, 45, 59],
[15, 32, 47, 62, 77],
[16, 33, 49, 65],
[17, 34, 51, 68],
[18, 35, 53, 71]],

[[0, 37, 56, 75],
[1, 19, 39, 59],
[2, 20, 41, 62],
[3, 21, 43, 65],
[4, 22, 45, 68],
[5, 23, 47, 71, 76],
[6, 24, 49, 74],
[7, 25, 51, 58],
[8, 26, 53, 61],
[9, 27, 55, 64],
[10, 28, 38, 67, 77],
[11, 29, 40, 70],
[12, 30, 42, 73],
[13, 31, 44, 57],
[14, 32, 46, 60],
[15, 33, 48, 63, 78],
[16, 34, 50, 66],
[17, 35, 52, 69],
[18, 36, 54, 72]]]