[[[0,14,28,42,56,70],
[1,15,29,46,66,71],
[2,17,34,43,64,72],
[4,21,39,55,69],
[5,24,30,51,68],
[7,18,40,44,67],
[8,26,37,48,63],
[10,22,35,45,60],
[11,20,41,53,59],
[12,23,38,50,61],
[3,16,32,47,57],
[6,25,36,49,65],
[9,27,33,52,62],
[13,19,31,54,58]],

[[7,17,41,45,63,70],
[4,14,38,49,57,71],
[9,26,35,42,59,72],
[5,20,32,54,66],
[8,15,31,44,65],
[12,21,29,51,64],
[13,25,30,47,56],
[11,27,34,50,69],
[6,19,28,52,60],
[3,24,39,53,58],
[0,16,33,48,61],
[1,23,36,55,67],
[2,22,40,46,62],
[10,18,37,43,68]],

[[2,16,30,44,58,70],
[3,17,31,48,68,71],
[4,19,36,45,66,72],
[6,23,41,43,57],
[7,26,32,53,56],
[9,20,28,46,69],
[10,14,39,50,65],
[12,24,37,47,62],
[13,22,29,55,61],
[0,25,40,52,63],
[5,18,34,49,59],
[8,27,38,51,67],
[11,15,35,54,64],
[1,21,33,42,60]],

[[9,19,29,47,65,70],
[6,16,40,51,59,71],
[11,14,37,44,61,72],
[7,22,34,42,68],
[10,17,33,46,67],
[0,23,31,53,66],
[1,27,32,49,58],
[13,15,36,52,57],
[8,21,30,54,62],
[5,26,41,55,60],
[2,18,35,50,63],
[3,25,38,43,69],
[4,24,28,48,64],
[12,20,39,45,56]],

[[4,18,32,46,60,70],
[5,19,33,50,56,71],
[6,21,38,47,68,72],
[8,25,29,45,59],
[9,14,34,55,58],
[11,22,30,48,57],
[12,16,41,52,67],
[0,26,39,49,64],
[1,24,31,43,63],
[2,27,28,54,65],
[7,20,36,51,61],
[10,15,40,53,69],
[13,17,37,42,66],
[3,23,35,44,62]],

[[11,21,31,49,67,70],
[8,18,28,53,61,71],
[13,16,39,46,63,72],
[9,24,36,44,56],
[12,19,35,48,69],
[2,25,33,55,68],
[3,15,34,51,60],
[1,17,38,54,59],
[10,23,32,42,64],
[7,14,29,43,62],
[4,20,37,52,65],
[5,27,40,45,57],
[6,26,30,50,66],
[0,22,41,47,58]],

[[6,20,34,48,62,70],
[7,21,35,52,58,71],
[8,23,40,49,56,72],
[10,27,31,47,61],
[11,16,36,43,60],
[13,24,32,50,59],
[0,18,29,54,69],
[2,14,41,51,66],
[3,26,33,45,65],
[4,15,30,42,67],
[9,22,38,53,63],
[12,17,28,55,57],
[1,19,39,44,68],
[5,25,37,46,64]],

[[13,23,33,51,69,70],
[10,20,30,55,63,71],
[1,18,41,48,65,72],
[11,26,38,46,58],
[0,21,37,50,57],
[4,27,35,43,56],
[5,17,36,53,62],
[3,19,40,42,61],
[12,25,34,44,66],
[9,16,31,45,64],
[6,22,39,54,67],
[7,15,28,47,59],
[8,14,32,52,68],
[2,24,29,49,60]],

[[8,22,36,50,64,70],
[9,23,37,54,60,71],
[10,25,28,51,58,72],
[12,15,33,49,63],
[13,18,38,45,62],
[1,26,34,52,61],
[2,20,31,42,57],
[4,16,29,53,68],
[5,14,35,47,67],
[6,17,32,44,69],
[11,24,40,55,65],
[0,19,30,43,59],
[3,21,41,46,56],
[7,27,39,48,66]],

[[1,25,35,53,57,70],
[12,22,32,43,65,71],
[3,20,29,50,67,72],
[13,14,40,48,60],
[2,23,39,52,59],
[6,15,37,45,58],
[7,19,38,55,64],
[5,21,28,44,63],
[0,27,36,46,68],
[11,18,33,47,66],
[8,24,41,42,69],
[9,17,30,49,61],
[10,16,34,54,56],
[4,26,31,51,62]],

[[10,24,38,52,66,70],
[11,25,39,42,62,71],
[12,27,30,53,60,72],
[0,17,35,51,65],
[1,20,40,47,64],
[3,14,36,54,63],
[4,22,33,44,59],
[6,18,31,55,56],
[7,16,37,49,69],
[8,19,34,46,57],
[13,26,28,43,67],
[2,21,32,45,61],
[5,23,29,48,58],
[9,15,41,50,68]],

[[3,27,37,55,59,70],
[0,24,34,45,67,71],
[5,22,31,52,69,72],
[1,16,28,50,62],
[4,25,41,54,61],
[8,17,39,47,60],
[9,21,40,43,66],
[7,23,30,46,65],
[2,15,38,48,56],
[13,20,35,49,68],
[10,26,29,44,57],
[11,19,32,51,63],
[12,18,36,42,58],
[6,14,33,53,64]],

[[12,26,40,54,68,70],
[13,27,41,44,64,71],
[0,15,32,55,62,72],
[2,19,37,53,67],
[3,22,28,49,66],
[5,16,38,42,65],
[6,24,35,46,61],
[8,20,33,43,58],
[9,18,39,51,57],
[10,21,36,48,59],
[1,14,30,45,69],
[4,23,34,47,63],
[7,25,31,50,60],
[11,17,29,52,56]],

[[5,15,39,43,61,70],
[2,26,36,47,69,71],
[7,24,33,54,57,72],
[3,18,30,52,64],
[6,27,29,42,63],
[10,19,41,49,62],
[11,23,28,45,68],
[9,25,32,48,67],
[4,17,40,50,58],
[1,22,37,51,56],
[12,14,31,46,59],
[13,21,34,53,65],
[0,20,38,44,60],
[8,16,35,55,66]]

]
