[[[1, 13, 16, 17, 85],
[3, 22, 34, 37, 38],
[24, 43, 57, 58],
[45, 63, 74, 77, 78],
[65, 83, 95, 98, 99],
[6, 20, 31, 46, 54],
[27, 41, 52, 66, 73],
[48, 61, 71, 86, 94],
[4, 12, 68, 81, 92],
[10, 25, 33, 88],
[8, 26, 28, 70, 80],
[29, 47, 49, 91, 101],
[9, 19, 50, 67, 69],
[30, 40, 87, 89],
[5, 7, 51, 60, 90],
[18, 35, 56, 64, 93],
[11, 39, 55, 76, 84],
[2, 32, 59, 75, 97],
[15, 23, 53, 79, 96],
[14, 36, 44, 72, 100],
[0, 21, 42, 62, 82]],

[[2, 14, 17, 18, 86],
[4, 23, 35, 38, 39],
[25, 44, 55, 58, 59],
[46, 64, 75, 78, 79],
[66, 84, 96, 99, 100],
[0, 7, 32, 47],
[21, 28, 53, 67, 74],
[42, 49, 72, 87, 95],
[5, 13, 62, 69, 93],
[11, 26, 34, 82, 89],
[9, 27, 29, 71, 81],
[30, 48, 50, 92],
[10, 20, 51, 68],
[31, 41, 70, 88, 90],
[6, 8, 52, 61, 91],
[19, 36, 57, 65, 94],
[12, 40, 56, 77, 85],
[3, 33, 60, 76, 98],
[16, 24, 54, 80, 97],
[15, 37, 45, 73, 101],
[1, 22, 43, 63, 83]],

[[3, 15, 18, 19, 87],
[5, 24, 36, 39, 40],
[26, 45, 56, 59, 60],
[47, 65, 76, 79, 80],
[67, 85, 97, 100, 101],
[1, 8, 33, 48, 55],
[22, 29, 54, 68, 75],
[43, 50, 73, 88, 96],
[6, 14, 63, 94],
[12, 27, 35, 83, 90],
[10, 28, 30, 62, 72],
[31, 49, 51, 82, 93],
[0, 11, 52, 69, 70],
[21, 32, 71, 89, 91],
[7, 9, 42, 53, 92],
[20, 37, 58, 66, 95],
[13, 41, 57, 78, 86],
[4, 34, 61, 77, 99],
[17, 25, 81, 98],
[16, 38, 46, 74],
[2, 23, 44, 64, 84]],

[[4, 16, 19, 20, 88],
[6, 25, 37, 40, 41],
[27, 46, 57, 60, 61],
[48, 66, 77, 80, 81],
[68, 86, 98, 101],
[2, 9, 34, 49, 56],
[23, 30, 69, 76],
[44, 51, 74, 89, 97],
[7, 15, 64, 70, 95],
[13, 28, 36, 84, 91],
[11, 29, 31, 63, 73],
[32, 50, 52, 83, 94],
[1, 12, 53, 71],
[22, 33, 72, 90, 92],
[8, 10, 43, 54, 93],
[0, 38, 59, 67, 96],
[14, 21, 58, 79, 87],
[5, 35, 42, 78, 100],
[18, 26, 55, 62, 99],
[17, 39, 47, 75, 82],
[3, 24, 45, 65, 85]],

[[0, 5, 17, 20, 89],
[7, 21, 26, 38, 41],
[28, 42, 47, 58, 61],
[49, 62, 67, 78, 81],
[69, 82, 87, 99],
[3, 10, 35, 50, 57],
[24, 31, 55, 77],
[45, 52, 75, 90, 98],
[8, 16, 65, 71, 96],
[14, 29, 37, 85, 92],
[12, 30, 32, 64, 74],
[33, 51, 53, 84, 95],
[2, 13, 54, 70, 72],
[23, 34, 73, 91, 93],
[9, 11, 44, 94],
[1, 39, 60, 68, 97],
[15, 22, 59, 80, 88],
[6, 36, 43, 79, 101],
[19, 27, 56, 63, 100],
[18, 40, 48, 76, 83],
[4, 25, 46, 66, 86]],

[[0, 1, 6, 18, 90],
[8, 21, 22, 27, 39],
[29, 42, 43, 48, 59],
[50, 62, 63, 68, 79],
[82, 83, 88, 100],
[4, 11, 36, 51, 58],
[25, 32, 56, 70, 78],
[46, 53, 76, 91, 99],
[9, 17, 66, 72, 97],
[15, 30, 38, 86, 93],
[13, 31, 33, 65, 75],
[34, 52, 54, 85, 96],
[3, 14, 71, 73],
[24, 35, 74, 92, 94],
[10, 12, 45, 55, 95],
[2, 40, 61, 69, 98],
[16, 23, 60, 81, 89],
[7, 37, 44, 80],
[20, 28, 57, 64, 101],
[19, 41, 49, 77, 84],
[5, 26, 47, 67, 87]],

[[1, 2, 7, 19, 91],
[9, 22, 23, 28, 40],
[30, 43, 44, 49, 60],
[51, 63, 64, 69, 80],
[70, 83, 84, 89, 101],
[5, 12, 37, 52, 59],
[26, 33, 57, 71, 79],
[47, 54, 77, 92, 100],
[10, 18, 67, 73, 98],
[16, 31, 39, 87, 94],
[14, 32, 34, 66, 76],
[35, 53, 86, 97],
[4, 15, 55, 72, 74],
[25, 36, 75, 93, 95],
[11, 13, 46, 56, 96],
[3, 41, 42, 99],
[17, 24, 61, 62, 90],
[8, 38, 45, 81, 82],
[0, 29, 58, 65],
[20, 21, 50, 78, 85],
[6, 27, 48, 68, 88]],

[[2, 3, 8, 20, 92],
[10, 23, 24, 29, 41],
[31, 44, 45, 50, 61],
[52, 64, 65, 81],
[71, 84, 85, 90],
[6, 13, 38, 53, 60],
[27, 34, 58, 72, 80],
[48, 78, 93, 101],
[11, 19, 68, 74, 99],
[17, 32, 40, 88, 95],
[15, 33, 35, 67, 77],
[36, 54, 55, 87, 98],
[5, 16, 56, 73, 75],
[26, 37, 76, 94, 96],
[12, 14, 47, 57, 97],
[4, 21, 43, 70, 100],
[18, 25, 42, 63, 91],
[9, 39, 46, 62, 83],
[1, 30, 59, 66, 82],
[0, 22, 51, 79, 86],
[7, 28, 49, 69, 89]],

[[0, 3, 4, 9, 93],
[11, 21, 24, 25, 30],
[32, 42, 45, 46, 51],
[53, 62, 65, 66, 70],
[72, 82, 85, 86, 91],
[7, 14, 39, 54, 61],
[28, 35, 59, 73, 81],
[49, 55, 79, 94],
[12, 20, 69, 75, 100],
[18, 33, 41, 89, 96],
[16, 34, 36, 68, 78],
[37, 56, 88, 99],
[6, 17, 57, 74, 76],
[27, 38, 77, 95, 97],
[13, 15, 48, 58, 98],
[5, 22, 44, 71, 101],
[19, 26, 43, 64, 92],
[10, 40, 47, 63, 84],
[2, 31, 60, 67, 83],
[1, 23, 52, 80, 87],
[8, 29, 50, 90]],

[[1, 4, 5, 10, 94],
[12, 22, 25, 26, 31],
[33, 43, 46, 47, 52],
[54, 63, 66, 67, 71],
[73, 83, 86, 87, 92],
[8, 15, 40, 42],
[29, 36, 60, 62, 74],
[50, 56, 80, 82, 95],
[0, 13, 76, 101],
[19, 21, 34, 90, 97],
[17, 35, 37, 69, 79],
[38, 55, 57, 89, 100],
[7, 18, 58, 75, 77],
[28, 39, 78, 96, 98],
[14, 16, 49, 59, 99],
[6, 23, 45, 72],
[20, 27, 44, 65, 93],
[11, 41, 48, 64, 85],
[3, 32, 61, 68, 84],
[2, 24, 53, 81, 88],
[9, 30, 51, 70, 91]],

[[2, 5, 6, 11, 95],
[13, 23, 26, 27, 32],
[34, 44, 47, 48, 53],
[64, 67, 68, 72],
[74, 84, 87, 88, 93],
[9, 16, 41, 43, 55],
[30, 37, 61, 63, 75],
[51, 57, 81, 83, 96],
[1, 14, 70, 77],
[20, 22, 35, 91, 98],
[18, 36, 38, 80],
[39, 56, 58, 90, 101],
[8, 19, 59, 76, 78],
[29, 40, 79, 97, 99],
[15, 17, 50, 60, 100],
[7, 24, 46, 73, 82],
[0, 28, 45, 66, 94],
[12, 21, 49, 65, 86],
[4, 33, 42, 69, 85],
[3, 25, 54, 62, 89],
[10, 31, 52, 71, 92]],

[[3, 6, 7, 12, 96],
[14, 24, 27, 28, 33],
[35, 45, 48, 49, 54],
[55, 65, 68, 69, 73],
[75, 85, 88, 89, 94],
[10, 17, 21, 44, 56],
[31, 38, 42, 64, 76],
[52, 58, 62, 84, 97],
[2, 15, 71, 78, 82],
[0, 23, 36, 92, 99],
[19, 37, 39, 70, 81],
[40, 57, 59, 91],
[9, 20, 60, 77, 79],
[30, 41, 80, 98, 100],
[16, 18, 51, 61, 101],
[8, 25, 47, 74, 83],
[1, 29, 46, 67, 95],
[13, 22, 50, 66, 87],
[5, 34, 43, 86],
[4, 26, 63, 90],
[11, 32, 53, 72, 93]],

[[4, 7, 8, 13, 97],
[15, 25, 28, 29, 34],
[36, 46, 49, 50],
[56, 66, 69, 74],
[76, 86, 89, 90, 95],
[11, 18, 22, 45, 57],
[32, 39, 43, 65, 77],
[53, 59, 63, 85, 98],
[3, 16, 72, 79, 83],
[1, 24, 37, 93, 100],
[20, 38, 40, 62, 71],
[41, 58, 60, 82, 92],
[0, 10, 61, 78, 80],
[21, 31, 81, 99, 101],
[17, 19, 42, 52],
[9, 26, 48, 75, 84],
[2, 30, 47, 68, 96],
[14, 23, 51, 67, 88],
[6, 35, 44, 70, 87],
[5, 27, 55, 64, 91],
[12, 33, 54, 73, 94]],

[[5, 8, 9, 14, 98],
[16, 26, 29, 30, 35],
[37, 47, 50, 51, 55],
[57, 67, 70, 75],
[77, 87, 90, 91, 96],
[12, 19, 23, 46, 58],
[33, 40, 44, 66, 78],
[54, 60, 64, 86, 99],
[4, 17, 73, 80, 84],
[2, 25, 38, 94, 101],
[0, 39, 41, 63, 72],
[21, 59, 61, 83, 93],
[1, 11, 42, 79, 81],
[22, 32, 62, 100],
[18, 20, 43, 53, 82],
[10, 27, 49, 76, 85],
[3, 31, 48, 69, 97],
[15, 24, 52, 68, 89],
[7, 36, 45, 71, 88],
[6, 28, 56, 65, 92],
[13, 34, 74, 95]],

[[6, 9, 10, 15, 99],
[17, 27, 30, 31, 36],
[38, 48, 51, 52, 56],
[58, 68, 70, 71, 76],
[78, 88, 91, 92, 97],
[13, 20, 24, 47, 59],
[34, 41, 45, 67, 79],
[61, 65, 87, 100],
[5, 18, 74, 81, 85],
[3, 26, 39, 95],
[1, 21, 40, 64, 73],
[22, 42, 60, 84, 94],
[2, 12, 43, 62, 80],
[23, 33, 63, 82, 101],
[0, 19, 44, 54, 83],
[11, 28, 50, 77, 86],
[4, 32, 49, 98],
[16, 25, 53, 69, 90],
[8, 37, 46, 72, 89],
[7, 29, 57, 66, 93],
[14, 35, 55, 75, 96]],

[[7, 10, 11, 16, 100],
[18, 28, 31, 32, 37],
[39, 49, 52, 53, 57],
[59, 69, 71, 72, 77],
[79, 89, 92, 93, 98],
[0, 14, 25, 48, 60],
[21, 35, 46, 68, 80],
[42, 55, 66, 88, 101],
[6, 19, 62, 75, 86],
[4, 27, 40, 82, 96],
[2, 22, 41, 65, 74],
[23, 43, 61, 85, 95],
[3, 13, 44, 63, 81],
[24, 34, 64, 83],
[1, 20, 45, 84],
[12, 29, 51, 78, 87],
[5, 33, 50, 70, 99],
[17, 26, 54, 91],
[9, 38, 47, 73, 90],
[8, 30, 58, 67, 94],
[15, 36, 56, 76, 97]],

[[8, 11, 12, 17, 101],
[19, 29, 32, 33, 38],
[40, 50, 53, 54, 58],
[60, 72, 73, 78],
[80, 90, 93, 94, 99],
[1, 15, 26, 49, 61],
[22, 36, 47, 69, 81],
[43, 56, 67, 89],
[7, 20, 63, 76, 87],
[5, 28, 41, 83, 97],
[3, 21, 23, 66, 75],
[24, 42, 44, 86, 96],
[4, 14, 45, 62, 64],
[25, 35, 65, 82, 84],
[0, 2, 46, 55, 85],
[13, 30, 52, 79, 88],
[6, 34, 51, 71, 100],
[18, 27, 70, 92],
[10, 39, 48, 74, 91],
[9, 31, 59, 68, 95],
[16, 37, 57, 77, 98]],

[[9, 12, 13, 18],
[20, 30, 33, 34, 39],
[41, 51, 54, 59],
[61, 70, 73, 74, 79],
[81, 91, 94, 95, 100],
[2, 16, 27, 42, 50],
[23, 37, 48, 62],
[44, 57, 68, 82, 90],
[0, 8, 64, 77, 88],
[6, 21, 29, 84, 98],
[4, 22, 24, 67, 76],
[25, 43, 45, 87, 97],
[5, 15, 46, 63, 65],
[26, 36, 66, 83, 85],
[1, 3, 47, 56, 86],
[14, 31, 53, 80, 89],
[7, 35, 52, 72, 101],
[19, 28, 55, 71, 93],
[11, 40, 49, 75, 92],
[10, 32, 60, 69, 96],
[17, 38, 58, 78, 99]],

[[10, 13, 14, 19, 82],
[0, 31, 34, 35, 40],
[21, 52, 55, 60],
[42, 71, 74, 75, 80],
[62, 92, 95, 96, 101],
[3, 17, 28, 43, 51],
[24, 38, 49, 63, 70],
[45, 58, 69, 83, 91],
[1, 9, 65, 78, 89],
[7, 22, 30, 85, 99],
[5, 23, 25, 68, 77],
[26, 44, 46, 88, 98],
[6, 16, 47, 64, 66],
[27, 37, 67, 84, 86],
[2, 4, 48, 57, 87],
[15, 32, 54, 81, 90],
[8, 36, 53, 73],
[20, 29, 56, 72, 94],
[12, 41, 50, 76, 93],
[11, 33, 61, 97],
[18, 39, 59, 79, 100]],

[[11, 14, 15, 20, 83],
[1, 32, 35, 36, 41],
[22, 53, 55, 56, 61],
[43, 72, 75, 76, 81],
[63, 93, 96, 97],
[4, 18, 29, 44, 52],
[25, 39, 50, 64, 71],
[46, 59, 84, 92],
[2, 10, 66, 79, 90],
[8, 23, 31, 86, 100],
[6, 24, 26, 69, 78],
[27, 45, 47, 89, 99],
[7, 17, 48, 65, 67],
[28, 38, 68, 85, 87],
[3, 5, 49, 58, 88],
[16, 33, 62, 91],
[9, 37, 54, 74, 82],
[0, 30, 57, 73, 95],
[13, 21, 51, 77, 94],
[12, 34, 42, 70, 98],
[19, 40, 60, 80, 101]],

[[0, 12, 15, 16, 84],
[2, 21, 33, 36, 37],
[23, 42, 54, 56, 57],
[44, 62, 73, 76, 77],
[64, 82, 94, 97, 98],
[5, 19, 30, 45, 53],
[26, 40, 51, 65, 72],
[47, 60, 70, 85, 93],
[3, 11, 67, 80, 91],
[9, 24, 32, 87, 101],
[7, 25, 27, 79],
[28, 46, 48, 90, 100],
[8, 18, 49, 66, 68],
[29, 39, 69, 86, 88],
[4, 6, 50, 59, 89],
[17, 34, 55, 63, 92],
[10, 38, 75, 83],
[1, 31, 58, 74, 96],
[14, 22, 52, 78, 95],
[13, 35, 43, 71, 99],
[20, 41, 61, 81]],

[[0, 24, 50, 75, 91],
[1, 25, 51, 76, 92],
[2, 26, 52, 77, 93],
[3, 27, 53, 78, 94],
[4, 28, 54, 79, 95],
[5, 29, 80, 96],
[6, 30, 55, 81, 97],
[7, 31, 56, 62, 98],
[8, 32, 57, 63, 99],
[9, 33, 58, 64, 100],
[10, 34, 59, 65, 101],
[11, 35, 60, 66],
[12, 36, 61, 67, 82],
[13, 37, 42, 68, 83],
[14, 38, 43, 69, 84],
[15, 39, 44, 85],
[16, 40, 45, 70, 86],
[17, 41, 46, 71, 87],
[18, 21, 47, 72, 88],
[19, 22, 48, 73, 89],
[20, 23, 49, 74, 90]],

[[9, 21, 45, 96],
[10, 22, 46, 70, 97],
[11, 23, 47, 71, 98],
[12, 24, 48, 72, 99],
[13, 25, 49, 73, 100],
[14, 26, 50, 74, 101],
[15, 27, 51, 75],
[16, 28, 52, 76, 82],
[17, 29, 53, 77, 83],
[18, 30, 54, 78, 84],
[19, 31, 79, 85],
[20, 32, 55, 80, 86],
[0, 33, 56, 81, 87],
[1, 34, 57, 62, 88],
[2, 35, 58, 63, 89],
[3, 36, 59, 64, 90],
[4, 37, 60, 65, 91],
[5, 38, 61, 66, 92],
[6, 39, 42, 67, 93],
[7, 40, 43, 68, 94],
[8, 41, 44, 69, 95]],

[[14, 30, 42, 65, 90],
[15, 31, 43, 66, 91],
[16, 32, 44, 67, 92],
[17, 33, 45, 68, 93],
[18, 34, 46, 69, 94],
[19, 35, 47, 95],
[20, 36, 48, 70, 96],
[0, 37, 49, 71, 97],
[1, 38, 50, 72, 98],
[2, 39, 51, 73, 99],
[3, 40, 52, 74, 100],
[4, 41, 53, 75, 101],
[5, 21, 54, 76],
[6, 22, 77, 82],
[7, 23, 55, 78, 83],
[8, 24, 56, 79, 84],
[9, 25, 57, 80, 85],
[10, 26, 58, 81, 86],
[11, 27, 59, 62, 87],
[12, 28, 60, 63, 88],
[13, 29, 61, 64, 89]],

[[8, 35, 51, 62, 85],
[9, 36, 52, 63, 86],
[10, 37, 53, 64, 87],
[11, 38, 54, 65, 88],
[12, 39, 66, 89],
[13, 40, 55, 67, 90],
[14, 41, 56, 68, 91],
[15, 21, 57, 69, 92],
[16, 22, 58, 93],
[17, 23, 59, 70, 94],
[18, 24, 60, 71, 95],
[19, 25, 61, 72, 96],
[20, 26, 42, 73, 97],
[0, 27, 43, 74, 98],
[1, 28, 44, 75, 99],
[2, 29, 45, 76, 100],
[3, 30, 46, 77, 101],
[4, 31, 47, 78],
[5, 32, 48, 79, 82],
[6, 33, 49, 80, 83],
[7, 34, 50, 81, 84]]]