[[[0,21,42,63,84],
[1,24,48,67,94],
[9,34,58,71,102],
[11,26,46,65,103],
[14,28,54,72,104],
[10,39,44,74,99],
[3,60,68,97],
[12,38,55,83,89],
[15,41,64,96],
[8,30,52,77,95],
[13,33,51,82],
[5,29,59,81,93],
[20,31,47,79,88],
[18,32,43,69,92],
[16,25,53,75,98],
[6,23,62,91],
[36,61,76,90],
[7,35,57,80,87],
[17,40,56,70,85],
[4,22,49,78,100],
[19,37,50,66,86],
[2,27,45,73,101]],

[[3,28,46,74,84],
[1,22,43,64,85],
[2,25,49,68,95],
[10,35,59,72,102],
[12,27,47,66,103],
[15,29,55,73,104],
[11,39,45,100],
[4,34,60,69,98],
[13,21,56,83,90],
[16,41,48,65,97],
[9,31,53,78,96],
[14,52,82,92],
[6,30,42,81,94],
[20,32,80,89],
[18,33,44,70,93],
[17,26,54,76,99],
[7,24,62,75],
[0,37,61,77,91],
[8,36,58,63,88],
[40,57,71,86],
[5,23,50,79,101],
[19,38,51,67,87]],

[[19,21,52,68,88],
[4,29,47,85],
[2,23,44,65,86],
[3,26,50,69,96],
[11,36,42,73,102],
[13,28,67,103],
[16,30,56,74,104],
[12,39,46,75,101],
[5,35,60,70,99],
[14,22,57,83,91],
[17,41,49,66,98],
[10,32,54,79,97],
[15,34,53,82,93],
[7,31,43,81,95],
[20,33,48,63,90],
[18,45,71,94],
[27,55,77,100],
[8,25,62,76,92],
[1,38,61,78],
[9,37,59,64,89],
[0,40,58,72,87],
[6,24,51,80,84]],

[[7,25,52,63,85],
[19,22,53,69,89],
[5,30,75,86],
[3,24,45,66,87],
[4,27,51,70,97],
[12,37,43,74,102],
[14,29,48,68,103],
[17,31,57,104],
[13,39,47,76,84],
[6,36,60,71,100],
[15,23,58,83],
[41,50,67,99],
[11,33,55,80,98],
[16,35,54,82,94],
[8,32,44,81,96],
[20,49,64,91],
[18,34,46,72,95],
[0,28,56,78,101],
[9,26,62,77,93],
[2,21,61,79,92],
[10,38,42,65,90],
[1,40,59,73,88]],

[[11,21,43,66,91],
[2,40,42,74,89],
[8,26,53,64,86],
[19,23,54,70,90],
[6,31,48,76,87],
[4,25,46,67,88],
[5,28,52,71,98],
[13,38,44,102],
[15,30,49,69,103],
[32,58,75,104],
[14,39,77,85],
[7,37,60,72,101],
[16,24,59,83,92],
[0,41,51,68,100],
[12,56,63,99],
[17,36,55,82,95],
[9,33,45,81,97],
[20,34,50,65],
[18,35,47,73,96],
[1,29,57,79,84],
[10,27,62,78,94],
[3,22,61,80,93]],

[[4,23,61,63,94],
[12,22,44,67],
[3,40,43,90],
[9,27,54,65,87],
[19,24,55,71,91],
[7,32,49,77,88],
[5,26,47,68,89],
[6,29,53,72,99],
[14,21,45,75,102],
[16,31,50,70,103],
[0,33,59,76,104],
[15,39,48,78,86],
[8,38,60,73,84],
[17,25,42,83,93],
[1,41,52,69,101],
[13,34,57,64,100],
[37,56,82,96],
[10,46,81,98],
[20,35,51,66,92],
[18,36,74,97],
[2,30,58,80,85],
[11,28,62,79,95]],

[[5,24,61,64,95],
[13,23,45,68,92],
[4,40,44,75,91],
[10,28,55,66,88],
[19,25,56,72],
[8,33,50,78,89],
[6,27,69,90],
[7,30,54,73,100],
[15,22,46,76,102],
[17,32,51,71,103],
[1,42,77,104],
[16,39,49,79,87],
[9,21,60,74,85],
[26,43,83,94],
[2,41,53,70,84],
[14,35,58,65,101],
[0,38,57,82,97],
[11,34,47,81,99],
[20,36,52,67,93],
[18,37,48,98],
[3,31,59,63,86],
[12,29,62,80,96]],

[[4,32,42,64,87],
[13,30,62,63,97],
[6,25,61,65,96],
[14,24,46,69,93],
[5,40,45,76],
[11,29,56,67,89],
[19,26,57,73,92],
[9,51,79,90],
[7,28,48,70,91],
[8,31,55,74,101],
[16,23,47,77,102],
[33,52,72,103],
[2,34,43,78,104],
[17,39,50,80,88],
[10,22,60,86],
[0,27,44,83,95],
[3,41,54,71,85],
[15,36,59,66,84],
[1,21,58,82,98],
[12,35,81,100],
[20,37,53,68,94],
[18,38,49,75,99]],

[[18,21,50,76,100],
[5,33,43,65,88],
[14,31,62,64,98],
[7,26,61,66,97],
[15,25,47,70,94],
[6,40,46,77,92],
[12,30,57,68,90],
[19,27,58,74,93],
[10,34,52,80,91],
[8,29,49,71],
[9,32,56,84],
[17,24,78,102],
[0,53,73,103],
[3,35,44,79,104],
[39,51,63,89],
[11,23,60,75,87],
[1,28,45,83,96],
[4,41,55,72,86],
[16,37,42,67,85],
[2,22,59,82,99],
[13,36,48,81,101],
[20,38,54,69,95]],

[[14,37,49,81,84],
[20,21,55,70,96],
[18,22,51,77,101],
[6,44,66,89],
[15,32,62,65,99],
[8,27,61,67,98],
[16,26,71,95],
[7,40,47,78,93],
[13,31,58,69,91],
[19,28,59,94],
[11,35,53,63],
[9,30,50,72,92],
[10,33,57,75,85],
[25,48,79,102],
[1,34,54,74,103],
[4,36,45,80,104],
[0,39,52,64,90],
[12,24,60,76,88],
[2,29,46,83,97],
[5,41,56,73,87],
[17,38,43,68,86],
[3,23,42,82,100]],

[[15,38,50,81,85],
[20,22,56,71,97],
[18,23,52,78,84],
[7,34,45,67,90],
[16,33,62,66,100],
[9,28,61,68,99],
[17,27,48,72,96],
[8,40,79,94],
[14,32,59,70],
[19,29,42,75,95],
[12,36,54,64,92],
[10,31,51,73,93],
[11,58,76,86],
[0,26,49,80,102],
[2,35,55,103],
[5,37,46,63,104],
[1,39,53,65,91],
[13,25,60,77,89],
[3,30,47,83,98],
[6,41,57,74,88],
[21,44,69,87],
[4,24,43,82,101]],

[[0,22,45,70,88],
[5,25,44,82,84],
[16,21,51,81,86],
[20,23,57,72,98],
[18,24,53,79,85],
[8,35,46,68,91],
[17,62,67,101],
[10,29,61,69,100],
[28,49,73,97],
[9,40,48,80,95],
[15,33,42,71,92],
[19,30,43,76,96],
[13,37,55,65,93],
[11,32,52,74,94],
[12,34,59,77,87],
[1,27,50,63,102],
[3,36,56,75,103],
[6,38,47,64,104],
[2,39,54,66],
[14,26,60,78,90],
[4,31,83,99],
[7,41,58,89]],

[[1,23,46,71,89],
[6,26,45,82,85],
[17,22,52,81,87],
[20,24,58,73,99],
[18,25,54,80,86],
[9,36,47,69],
[34,62,68,84],
[11,30,61,70,101],
[0,29,50,74,98],
[10,40,49,63,96],
[16,43,72,93],
[19,31,44,77,97],
[14,38,56,66,94],
[12,33,53,95],
[13,35,42,78,88],
[2,28,51,64,102],
[4,37,57,76,103],
[7,21,65,104],
[3,39,55,67,92],
[15,27,60,79,91],
[5,32,48,83,100],
[8,41,59,75,90]],

[[9,41,42,76,91],
[2,24,47,72,90],
[7,27,46,82,86],
[23,53,81,88],
[20,25,59,74,100],
[18,26,55,63,87],
[10,37,70,92],
[0,35,62,69,85],
[12,31,61,71,84],
[1,30,51,99],
[11,40,50,64,97],
[17,34,44,73,94],
[19,32,45,78,98],
[15,21,57,67,95],
[13,54,75,96],
[14,36,43,79,89],
[3,29,52,65,102],
[5,38,58,77,103],
[8,22,48,66,104],
[4,39,56,68,93],
[16,28,60,80],
[6,33,49,83,101]],

[[17,29,60,63,92],
[7,50,83,84],
[10,41,43,77],
[3,25,73,91],
[8,28,47,82,87],
[0,24,54,81,89],
[20,26,42,101],
[18,27,56,64,88],
[11,38,48,71,93],
[1,36,62,70,86],
[13,32,61,72,85],
[2,31,52,75,100],
[12,40,51,65,98],
[35,45,74,95],
[19,33,46,79,99],
[16,22,58,68,96],
[14,34,55,76,97],
[15,37,44,80,90],
[4,30,53,66,102],
[6,21,59,78,103],
[9,23,49,67,104],
[5,39,57,69,94]],

[[30,60,64,93],
[8,34,51,83,85],
[11,41,44,78,92],
[4,26,48,74],
[9,29,82,88],
[1,25,55,81,90],
[20,27,43,75,84],
[18,28,57,65,89],
[12,21,49,72,94],
[2,37,62,71,87],
[14,33,61,73,86],
[3,32,53,76,101],
[13,40,52,66,99],
[0,36,46,96],
[19,47,80,100],
[17,23,59,69,97],
[15,35,56,77,98],
[16,38,45,63,91],
[5,31,54,67,102],
[7,22,42,79,103],
[10,24,50,68,104],
[6,39,58,70,95]],

[[0,31,60,65,94],
[9,35,52,83,86],
[12,41,45,79,93],
[5,27,49,92],
[10,30,48,82,89],
[2,26,56,81,91],
[20,28,44,76,85],
[18,29,58,66,90],
[13,22,50,73,95],
[3,38,62,72,88],
[15,61,74,87],
[4,33,54,77,84],
[14,40,53,67,100],
[1,37,47,75,97],
[19,34,63,101],
[24,42,70,98],
[16,36,57,78,99],
[17,21,46,64],
[6,32,55,68,102],
[8,23,43,80,103],
[11,25,51,69,104],
[7,39,59,71,96]],

[[8,39,42,72,97],
[1,32,60,66,95],
[10,36,53,83,87],
[13,41,46,80,94],
[6,28,50,75,93],
[11,31,49,82,90],
[3,27,57,81],
[20,29,45,77,86],
[18,30,59,67,91],
[14,23,51,74,96],
[4,21,62,73,89],
[16,34,61,88],
[5,55,78,85],
[15,40,54,68,101],
[2,38,76,98],
[19,35,48,64,84],
[0,25,43,71,99],
[17,37,58,79,100],
[22,47,65,92],
[7,33,56,69,102],
[9,24,44,63,103],
[12,26,52,70,104]],

[[9,39,43,73,98],
[2,33,60,67,96],
[11,37,54,83,88],
[14,41,47,63,95],
[7,29,51,76,94],
[12,32,50,82,91],
[4,28,58,81,92],
[20,30,46,78,87],
[18,31,42,68],
[15,24,52,97],
[5,22,62,74,90],
[17,35,61,75,89],
[6,34,56,79,86],
[16,40,55,69,84],
[3,21,48,77,99],
[19,36,49,65,85],
[1,26,44,72,100],
[38,59,80,101],
[0,23,66,93],
[8,57,70,102],
[10,25,45,64,103],
[13,27,53,71,104]]

]
