[[[24,80,124],
[25,82,125],
[26,83,126],
[27,81,127],
[92,112,128],
[94,113,129],
[95,114,130],
[93,115,131],
[64,72,120],
[66,73,121],
[67,74,122],
[65,75,123],
[28,68,132],
[29,70,133],
[30,71,134],
[31,69,135],
[40,56,136],
[42,57,137],
[43,58,138],
[41,59,139],
[60,100,140],
[62,101,141],
[63,102,142],
[61,103,143],
[52,76,104],
[53,77,106],
[54,78,107],
[55,79,105],
[44,88,116],
[45,89,118],
[46,90,119],
[47,91,117],
[36,48,96],
[38,49,97],
[39,50,98],
[37,51,99],
[32,84,108],
[34,85,109],
[35,86,110],
[33,87,111],
[0,4,12],
[2,10,22],
[11,17,20],
[3,8,19],
[15,16,144],
[1,14,145],
[5,6,146],
[7,9,147],
[13,18,148],
[21,23,149]],

[[25,81,124],
[24,83,125],
[27,82,126],
[26,80,127],
[93,113,128],
[95,112,129],
[94,115,130],
[92,114,131],
[65,73,120],
[67,72,121],
[66,75,122],
[64,74,123],
[29,69,132],
[28,71,133],
[31,70,134],
[30,68,135],
[41,57,136],
[43,56,137],
[42,59,138],
[40,58,139],
[61,101,140],
[63,100,141],
[62,103,142],
[60,102,143],
[52,77,105],
[53,76,107],
[54,79,106],
[55,78,104],
[44,89,117],
[45,88,119],
[46,91,118],
[47,90,116],
[37,49,96],
[39,48,97],
[38,51,98],
[36,50,99],
[33,84,109],
[35,85,108],
[34,86,111],
[32,87,110],
[4,8,16],
[3,6,14],
[1,15,21],
[7,12,23],
[19,20,144],
[5,18,145],
[9,10,146],
[11,13,147],
[17,22,148],
[0,2,149]],

[[26,82,124],
[27,80,125],
[24,81,126],
[25,83,127],
[94,114,128],
[92,115,129],
[93,112,130],
[95,113,131],
[66,74,120],
[64,75,121],
[65,72,122],
[67,73,123],
[30,70,132],
[31,68,133],
[28,69,134],
[29,71,135],
[42,58,136],
[40,59,137],
[41,56,138],
[43,57,139],
[62,102,140],
[60,103,141],
[61,100,142],
[63,101,143],
[52,78,106],
[53,79,104],
[54,76,105],
[55,77,107],
[44,90,118],
[45,91,116],
[46,88,117],
[47,89,119],
[38,50,96],
[36,51,97],
[37,48,98],
[39,49,99],
[34,84,110],
[32,85,111],
[33,86,108],
[35,87,109],
[8,12,20],
[7,10,18],
[0,5,19],
[2,11,16],
[1,23,144],
[9,22,145],
[13,14,146],
[15,17,147],
[3,21,148],
[4,6,149]],

[[27,83,124],
[26,81,125],
[25,80,126],
[24,82,127],
[95,115,128],
[93,114,129],
[92,113,130],
[94,112,131],
[67,75,120],
[65,74,121],
[64,73,122],
[66,72,123],
[31,71,132],
[30,69,133],
[29,68,134],
[28,70,135],
[43,59,136],
[41,58,137],
[40,57,138],
[42,56,139],
[63,103,140],
[61,102,141],
[60,101,142],
[62,100,143],
[52,79,107],
[53,78,105],
[54,77,104],
[55,76,106],
[44,91,119],
[45,90,117],
[46,89,116],
[47,88,118],
[39,51,96],
[37,50,97],
[36,49,98],
[38,48,99],
[35,84,111],
[33,85,110],
[32,86,109],
[34,87,108],
[1,12,16],
[11,14,22],
[4,9,23],
[6,15,20],
[2,5,144],
[3,13,145],
[17,18,146],
[19,21,147],
[0,7,148],
[8,10,149]],

[[28,72,128],
[29,74,129],
[30,75,130],
[31,73,131],
[84,116,120],
[86,117,121],
[87,118,122],
[85,119,123],
[68,76,124],
[70,77,125],
[71,78,126],
[69,79,127],
[32,60,132],
[33,62,133],
[34,63,134],
[35,61,135],
[44,48,136],
[46,49,137],
[47,50,138],
[45,51,139],
[64,104,140],
[66,105,141],
[67,106,142],
[65,107,143],
[56,80,96],
[57,81,98],
[58,82,99],
[59,83,97],
[36,92,108],
[37,93,110],
[38,94,111],
[39,95,109],
[40,52,100],
[42,53,101],
[43,54,102],
[41,55,103],
[24,88,112],
[26,89,113],
[27,90,114],
[25,91,115],
[5,16,20],
[3,15,18],
[2,8,13],
[1,10,19],
[6,9,144],
[7,17,145],
[21,22,146],
[0,23,147],
[4,11,148],
[12,14,149]],

[[29,73,128],
[28,75,129],
[31,74,130],
[30,72,131],
[85,117,120],
[87,116,121],
[86,119,122],
[84,118,123],
[69,77,124],
[71,76,125],
[70,79,126],
[68,78,127],
[33,61,132],
[32,63,133],
[35,62,134],
[34,60,135],
[45,49,136],
[47,48,137],
[46,51,138],
[44,50,139],
[65,105,140],
[67,104,141],
[66,107,142],
[64,106,143],
[56,81,97],
[57,80,99],
[58,83,98],
[59,82,96],
[36,93,109],
[37,92,111],
[38,95,110],
[39,94,108],
[41,53,100],
[43,52,101],
[42,55,102],
[40,54,103],
[25,88,113],
[27,89,112],
[26,90,115],
[24,91,114],
[1,9,20],
[7,19,22],
[6,12,17],
[5,14,23],
[10,13,144],
[11,21,145],
[0,3,146],
[2,4,147],
[8,15,148],
[16,18,149]],

[[30,74,128],
[31,72,129],
[28,73,130],
[29,75,131],
[86,118,120],
[84,119,121],
[85,116,122],
[87,117,123],
[70,78,124],
[68,79,125],
[69,76,126],
[71,77,127],
[34,62,132],
[35,60,133],
[32,61,134],
[33,63,135],
[46,50,136],
[44,51,137],
[45,48,138],
[47,49,139],
[66,106,140],
[64,107,141],
[65,104,142],
[67,105,143],
[56,82,98],
[57,83,96],
[58,80,97],
[59,81,99],
[36,94,110],
[37,95,108],
[38,92,109],
[39,93,111],
[42,54,100],
[40,55,101],
[41,52,102],
[43,53,103],
[26,88,114],
[24,89,115],
[25,90,112],
[27,91,113],
[1,5,13],
[3,11,23],
[10,16,21],
[2,9,18],
[14,17,144],
[0,15,145],
[4,7,146],
[6,8,147],
[12,19,148],
[20,22,149]],

[[31,75,128],
[30,73,129],
[29,72,130],
[28,74,131],
[87,119,120],
[85,118,121],
[84,117,122],
[86,116,123],
[71,79,124],
[69,78,125],
[68,77,126],
[70,76,127],
[35,63,132],
[34,61,133],
[33,60,134],
[32,62,135],
[47,51,136],
[45,50,137],
[44,49,138],
[46,48,139],
[67,107,140],
[65,106,141],
[64,105,142],
[66,104,143],
[56,83,99],
[57,82,97],
[58,81,96],
[59,80,98],
[36,95,111],
[37,94,109],
[38,93,108],
[39,92,110],
[43,55,100],
[41,54,101],
[40,53,102],
[42,52,103],
[27,88,115],
[25,89,114],
[24,90,113],
[26,91,112],
[5,9,17],
[2,7,15],
[0,14,20],
[6,13,22],
[18,21,144],
[4,19,145],
[8,11,146],
[10,12,147],
[16,23,148],
[1,3,149]],

[[32,76,120],
[33,78,121],
[34,79,122],
[35,77,123],
[88,108,124],
[90,109,125],
[91,110,126],
[89,111,127],
[60,80,128],
[62,81,129],
[63,82,130],
[61,83,131],
[24,64,132],
[25,66,133],
[26,67,134],
[27,65,135],
[36,52,136],
[38,53,137],
[39,54,138],
[37,55,139],
[68,96,140],
[70,97,141],
[71,98,142],
[69,99,143],
[48,72,100],
[49,73,102],
[50,74,103],
[51,75,101],
[40,84,112],
[41,85,114],
[42,86,115],
[43,87,113],
[44,56,104],
[46,57,105],
[47,58,106],
[45,59,107],
[28,92,116],
[30,93,117],
[31,94,118],
[29,95,119],
[9,13,21],
[6,11,19],
[1,4,18],
[3,10,17],
[0,22,144],
[8,23,145],
[12,15,146],
[14,16,147],
[2,20,148],
[5,7,149]],

[[33,77,120],
[32,79,121],
[35,78,122],
[34,76,123],
[89,109,124],
[91,108,125],
[90,111,126],
[88,110,127],
[61,81,128],
[63,80,129],
[62,83,130],
[60,82,131],
[25,65,132],
[24,67,133],
[27,66,134],
[26,64,135],
[37,53,136],
[39,52,137],
[38,55,138],
[36,54,139],
[69,97,140],
[71,96,141],
[70,99,142],
[68,98,143],
[48,73,101],
[49,72,103],
[50,75,102],
[51,74,100],
[40,85,113],
[41,84,115],
[42,87,114],
[43,86,112],
[45,57,104],
[47,56,105],
[46,59,106],
[44,58,107],
[29,92,117],
[31,93,116],
[30,94,119],
[28,95,118],
[0,13,17],
[10,15,23],
[5,8,22],
[7,14,21],
[3,4,144],
[2,12,145],
[16,19,146],
[18,20,147],
[1,6,148],
[9,11,149]],

[[34,78,120],
[35,76,121],
[32,77,122],
[33,79,123],
[90,110,124],
[88,111,125],
[89,108,126],
[91,109,127],
[62,82,128],
[60,83,129],
[61,80,130],
[63,81,131],
[26,66,132],
[27,64,133],
[24,65,134],
[25,67,135],
[38,54,136],
[36,55,137],
[37,52,138],
[39,53,139],
[70,98,140],
[68,99,141],
[69,96,142],
[71,97,143],
[48,74,102],
[49,75,100],
[50,72,101],
[51,73,103],
[40,86,114],
[41,87,112],
[42,84,113],
[43,85,115],
[46,58,104],
[44,59,105],
[45,56,106],
[47,57,107],
[30,92,118],
[28,93,119],
[29,94,116],
[31,95,117],
[4,17,21],
[2,14,19],
[3,9,12],
[0,11,18],
[7,8,144],
[6,16,145],
[20,23,146],
[1,22,147],
[5,10,148],
[13,15,149]],

[[35,79,120],
[34,77,121],
[33,76,122],
[32,78,123],
[91,111,124],
[89,110,125],
[88,109,126],
[90,108,127],
[63,83,128],
[61,82,129],
[60,81,130],
[62,80,131],
[27,67,132],
[26,65,133],
[25,64,134],
[24,66,135],
[39,55,136],
[37,54,137],
[36,53,138],
[38,52,139],
[71,99,140],
[69,98,141],
[68,97,142],
[70,96,143],
[48,75,103],
[49,74,101],
[50,73,100],
[51,72,102],
[40,87,115],
[41,86,113],
[42,85,112],
[43,84,114],
[47,59,104],
[45,58,105],
[44,57,106],
[46,56,107],
[31,92,119],
[29,93,118],
[28,94,117],
[30,95,116],
[0,8,21],
[6,18,23],
[7,13,16],
[4,15,22],
[11,12,144],
[10,20,145],
[1,2,146],
[3,5,147],
[9,14,148],
[17,19,149]],

[[48,104,124],
[49,106,125],
[50,107,126],
[51,105,127],
[16,116,128],
[17,118,129],
[18,119,130],
[19,117,131],
[88,96,120],
[90,97,121],
[91,98,122],
[89,99,123],
[52,92,132],
[53,94,133],
[54,95,134],
[55,93,135],
[64,80,136],
[66,81,137],
[67,82,138],
[65,83,139],
[4,84,140],
[5,86,141],
[6,87,142],
[7,85,143],
[8,76,100],
[10,77,101],
[11,78,102],
[9,79,103],
[20,68,112],
[22,69,113],
[23,70,114],
[21,71,115],
[0,60,72],
[1,62,73],
[2,63,74],
[3,61,75],
[12,56,108],
[13,58,109],
[14,59,110],
[15,57,111],
[24,28,36],
[26,34,46],
[35,41,44],
[27,32,43],
[39,40,144],
[25,38,145],
[29,30,146],
[31,33,147],
[37,42,148],
[45,47,149]],

[[49,105,124],
[48,107,125],
[51,106,126],
[50,104,127],
[17,117,128],
[16,119,129],
[19,118,130],
[18,116,131],
[89,97,120],
[91,96,121],
[90,99,122],
[88,98,123],
[53,93,132],
[52,95,133],
[55,94,134],
[54,92,135],
[65,81,136],
[67,80,137],
[66,83,138],
[64,82,139],
[5,85,140],
[4,87,141],
[7,86,142],
[6,84,143],
[9,76,101],
[11,77,100],
[10,78,103],
[8,79,102],
[21,68,113],
[23,69,112],
[22,70,115],
[20,71,114],
[0,61,73],
[1,63,72],
[2,62,75],
[3,60,74],
[13,57,108],
[12,59,109],
[15,58,110],
[14,56,111],
[28,32,40],
[27,30,38],
[25,39,45],
[31,36,47],
[43,44,144],
[29,42,145],
[33,34,146],
[35,37,147],
[41,46,148],
[24,26,149]],

[[50,106,124],
[51,104,125],
[48,105,126],
[49,107,127],
[18,118,128],
[19,116,129],
[16,117,130],
[17,119,131],
[90,98,120],
[88,99,121],
[89,96,122],
[91,97,123],
[54,94,132],
[55,92,133],
[52,93,134],
[53,95,135],
[66,82,136],
[64,83,137],
[65,80,138],
[67,81,139],
[6,86,140],
[7,84,141],
[4,85,142],
[5,87,143],
[10,76,102],
[8,77,103],
[9,78,100],
[11,79,101],
[22,68,114],
[20,69,115],
[21,70,112],
[23,71,113],
[0,62,74],
[1,60,75],
[2,61,72],
[3,63,73],
[14,58,108],
[15,56,109],
[12,57,110],
[13,59,111],
[32,36,44],
[31,34,42],
[24,29,43],
[26,35,40],
[25,47,144],
[33,46,145],
[37,38,146],
[39,41,147],
[27,45,148],
[28,30,149]],

[[51,107,124],
[50,105,125],
[49,104,126],
[48,106,127],
[19,119,128],
[18,117,129],
[17,116,130],
[16,118,131],
[91,99,120],
[89,98,121],
[88,97,122],
[90,96,123],
[55,95,132],
[54,93,133],
[53,92,134],
[52,94,135],
[67,83,136],
[65,82,137],
[64,81,138],
[66,80,139],
[7,87,140],
[6,85,141],
[5,84,142],
[4,86,143],
[11,76,103],
[9,77,102],
[8,78,101],
[10,79,100],
[23,68,115],
[21,69,114],
[20,70,113],
[22,71,112],
[0,63,75],
[1,61,74],
[2,60,73],
[3,62,72],
[15,59,108],
[14,57,109],
[13,56,110],
[12,58,111],
[25,36,40],
[35,38,46],
[28,33,47],
[30,39,44],
[26,29,144],
[27,37,145],
[41,42,146],
[43,45,147],
[24,31,148],
[32,34,149]],

[[52,96,128],
[53,98,129],
[54,99,130],
[55,97,131],
[20,108,120],
[21,110,121],
[22,111,122],
[23,109,123],
[92,100,124],
[94,101,125],
[95,102,126],
[93,103,127],
[56,84,132],
[57,86,133],
[58,87,134],
[59,85,135],
[68,72,136],
[70,73,137],
[71,74,138],
[69,75,139],
[8,88,140],
[9,90,141],
[10,91,142],
[11,89,143],
[0,80,104],
[2,81,105],
[3,82,106],
[1,83,107],
[12,60,116],
[14,61,117],
[15,62,118],
[13,63,119],
[4,64,76],
[5,66,77],
[6,67,78],
[7,65,79],
[16,48,112],
[17,50,113],
[18,51,114],
[19,49,115],
[29,40,44],
[27,39,42],
[26,32,37],
[25,34,43],
[30,33,144],
[31,41,145],
[45,46,146],
[24,47,147],
[28,35,148],
[36,38,149]],

[[53,97,128],
[52,99,129],
[55,98,130],
[54,96,131],
[21,109,120],
[20,111,121],
[23,110,122],
[22,108,123],
[93,101,124],
[95,100,125],
[94,103,126],
[92,102,127],
[57,85,132],
[56,87,133],
[59,86,134],
[58,84,135],
[69,73,136],
[71,72,137],
[70,75,138],
[68,74,139],
[9,89,140],
[8,91,141],
[11,90,142],
[10,88,143],
[1,80,105],
[3,81,104],
[2,82,107],
[0,83,106],
[13,60,117],
[15,61,116],
[14,62,119],
[12,63,118],
[4,65,77],
[5,67,76],
[6,66,79],
[7,64,78],
[17,49,112],
[16,51,113],
[19,50,114],
[18,48,115],
[25,33,44],
[31,43,46],
[30,36,41],
[29,38,47],
[34,37,144],
[35,45,145],
[24,27,146],
[26,28,147],
[32,39,148],
[40,42,149]],

[[54,98,128],
[55,96,129],
[52,97,130],
[53,99,131],
[22,110,120],
[23,108,121],
[20,109,122],
[21,111,123],
[94,102,124],
[92,103,125],
[93,100,126],
[95,101,127],
[58,86,132],
[59,84,133],
[56,85,134],
[57,87,135],
[70,74,136],
[68,75,137],
[69,72,138],
[71,73,139],
[10,90,140],
[11,88,141],
[8,89,142],
[9,91,143],
[2,80,106],
[0,81,107],
[1,82,104],
[3,83,105],
[14,60,118],
[12,61,119],
[13,62,116],
[15,63,117],
[4,66,78],
[5,64,79],
[6,65,76],
[7,67,77],
[18,50,112],
[19,48,113],
[16,49,114],
[17,51,115],
[25,29,37],
[27,35,47],
[34,40,45],
[26,33,42],
[38,41,144],
[24,39,145],
[28,31,146],
[30,32,147],
[36,43,148],
[44,46,149]],

[[55,99,128],
[54,97,129],
[53,96,130],
[52,98,131],
[23,111,120],
[22,109,121],
[21,108,122],
[20,110,123],
[95,103,124],
[93,102,125],
[92,101,126],
[94,100,127],
[59,87,132],
[58,85,133],
[57,84,134],
[56,86,135],
[71,75,136],
[69,74,137],
[68,73,138],
[70,72,139],
[11,91,140],
[10,89,141],
[9,88,142],
[8,90,143],
[3,80,107],
[1,81,106],
[0,82,105],
[2,83,104],
[15,60,119],
[13,61,118],
[12,62,117],
[14,63,116],
[4,67,79],
[5,65,78],
[6,64,77],
[7,66,76],
[19,51,112],
[18,49,113],
[17,48,114],
[16,50,115],
[29,33,41],
[26,31,39],
[24,38,44],
[30,37,46],
[42,45,144],
[28,43,145],
[32,35,146],
[34,36,147],
[40,47,148],
[25,27,149]],

[[56,100,120],
[57,102,121],
[58,103,122],
[59,101,123],
[12,112,124],
[13,114,125],
[14,115,126],
[15,113,127],
[84,104,128],
[86,105,129],
[87,106,130],
[85,107,131],
[48,88,132],
[49,90,133],
[50,91,134],
[51,89,135],
[60,76,136],
[62,77,137],
[63,78,138],
[61,79,139],
[0,92,140],
[1,94,141],
[2,95,142],
[3,93,143],
[4,72,96],
[6,73,97],
[7,74,98],
[5,75,99],
[16,64,108],
[18,65,109],
[19,66,110],
[17,67,111],
[8,68,80],
[9,70,81],
[10,71,82],
[11,69,83],
[20,52,116],
[21,54,117],
[22,55,118],
[23,53,119],
[33,37,45],
[30,35,43],
[25,28,42],
[27,34,41],
[24,46,144],
[32,47,145],
[36,39,146],
[38,40,147],
[26,44,148],
[29,31,149]],

[[57,101,120],
[56,103,121],
[59,102,122],
[58,100,123],
[13,113,124],
[12,115,125],
[15,114,126],
[14,112,127],
[85,105,128],
[87,104,129],
[86,107,130],
[84,106,131],
[49,89,132],
[48,91,133],
[51,90,134],
[50,88,135],
[61,77,136],
[63,76,137],
[62,79,138],
[60,78,139],
[1,93,140],
[0,95,141],
[3,94,142],
[2,92,143],
[5,72,97],
[7,73,96],
[6,74,99],
[4,75,98],
[17,64,109],
[19,65,108],
[18,66,111],
[16,67,110],
[8,69,81],
[9,71,80],
[10,70,83],
[11,68,82],
[21,53,116],
[20,55,117],
[23,54,118],
[22,52,119],
[24,37,41],
[34,39,47],
[29,32,46],
[31,38,45],
[27,28,144],
[26,36,145],
[40,43,146],
[42,44,147],
[25,30,148],
[33,35,149]],

[[58,102,120],
[59,100,121],
[56,101,122],
[57,103,123],
[14,114,124],
[15,112,125],
[12,113,126],
[13,115,127],
[86,106,128],
[84,107,129],
[85,104,130],
[87,105,131],
[50,90,132],
[51,88,133],
[48,89,134],
[49,91,135],
[62,78,136],
[60,79,137],
[61,76,138],
[63,77,139],
[2,94,140],
[3,92,141],
[0,93,142],
[1,95,143],
[6,72,98],
[4,73,99],
[5,74,96],
[7,75,97],
[18,64,110],
[16,65,111],
[17,66,108],
[19,67,109],
[8,70,82],
[9,68,83],
[10,69,80],
[11,71,81],
[22,54,116],
[23,52,117],
[20,53,118],
[21,55,119],
[28,41,45],
[26,38,43],
[27,33,36],
[24,35,42],
[31,32,144],
[30,40,145],
[44,47,146],
[25,46,147],
[29,34,148],
[37,39,149]],

[[59,103,120],
[58,101,121],
[57,100,122],
[56,102,123],
[15,115,124],
[14,113,125],
[13,112,126],
[12,114,127],
[87,107,128],
[85,106,129],
[84,105,130],
[86,104,131],
[51,91,132],
[50,89,133],
[49,88,134],
[48,90,135],
[63,79,136],
[61,78,137],
[60,77,138],
[62,76,139],
[3,95,140],
[2,93,141],
[1,92,142],
[0,94,143],
[7,72,99],
[5,73,98],
[4,74,97],
[6,75,96],
[19,64,111],
[17,65,110],
[16,66,109],
[18,67,108],
[8,71,83],
[9,69,82],
[10,68,81],
[11,70,80],
[23,55,116],
[22,53,117],
[21,52,118],
[20,54,119],
[24,32,45],
[30,42,47],
[31,37,40],
[28,39,46],
[35,36,144],
[34,44,145],
[25,26,146],
[27,29,147],
[33,38,148],
[41,43,149]],

[[8,72,124],
[10,73,125],
[11,74,126],
[9,75,127],
[20,40,128],
[22,41,129],
[23,42,130],
[21,43,131],
[0,112,120],
[1,114,121],
[2,115,122],
[3,113,123],
[76,116,132],
[77,118,133],
[78,119,134],
[79,117,135],
[88,104,136],
[90,105,137],
[91,106,138],
[89,107,139],
[28,108,140],
[29,110,141],
[30,111,142],
[31,109,143],
[4,32,100],
[5,34,101],
[6,35,102],
[7,33,103],
[16,44,92],
[17,46,93],
[18,47,94],
[19,45,95],
[24,84,96],
[25,86,97],
[26,87,98],
[27,85,99],
[12,36,80],
[13,37,82],
[14,38,83],
[15,39,81],
[48,52,60],
[50,58,70],
[59,65,68],
[51,56,67],
[63,64,144],
[49,62,145],
[53,54,146],
[55,57,147],
[61,66,148],
[69,71,149]],

[[9,73,124],
[11,72,125],
[10,75,126],
[8,74,127],
[21,41,128],
[23,40,129],
[22,43,130],
[20,42,131],
[1,113,120],
[0,115,121],
[3,114,122],
[2,112,123],
[77,117,132],
[76,119,133],
[79,118,134],
[78,116,135],
[89,105,136],
[91,104,137],
[90,107,138],
[88,106,139],
[29,109,140],
[28,111,141],
[31,110,142],
[30,108,143],
[5,33,100],
[4,35,101],
[7,34,102],
[6,32,103],
[17,45,92],
[16,47,93],
[19,46,94],
[18,44,95],
[24,85,97],
[25,87,96],
[26,86,99],
[27,84,98],
[12,37,81],
[13,36,83],
[14,39,82],
[15,38,80],
[52,56,64],
[51,54,62],
[49,63,69],
[55,60,71],
[67,68,144],
[53,66,145],
[57,58,146],
[59,61,147],
[65,70,148],
[48,50,149]],

[[10,74,124],
[8,75,125],
[9,72,126],
[11,73,127],
[22,42,128],
[20,43,129],
[21,40,130],
[23,41,131],
[2,114,120],
[3,112,121],
[0,113,122],
[1,115,123],
[78,118,132],
[79,116,133],
[76,117,134],
[77,119,135],
[90,106,136],
[88,107,137],
[89,104,138],
[91,105,139],
[30,110,140],
[31,108,141],
[28,109,142],
[29,111,143],
[6,34,100],
[7,32,101],
[4,33,102],
[5,35,103],
[18,46,92],
[19,44,93],
[16,45,94],
[17,47,95],
[24,86,98],
[25,84,99],
[26,85,96],
[27,87,97],
[12,38,82],
[13,39,80],
[14,36,81],
[15,37,83],
[56,60,68],
[55,58,66],
[48,53,67],
[50,59,64],
[49,71,144],
[57,70,145],
[61,62,146],
[63,65,147],
[51,69,148],
[52,54,149]],

[[11,75,124],
[9,74,125],
[8,73,126],
[10,72,127],
[23,43,128],
[21,42,129],
[20,41,130],
[22,40,131],
[3,115,120],
[2,113,121],
[1,112,122],
[0,114,123],
[79,119,132],
[78,117,133],
[77,116,134],
[76,118,135],
[91,107,136],
[89,106,137],
[88,105,138],
[90,104,139],
[31,111,140],
[30,109,141],
[29,108,142],
[28,110,143],
[7,35,100],
[6,33,101],
[5,32,102],
[4,34,103],
[19,47,92],
[18,45,93],
[17,44,94],
[16,46,95],
[24,87,99],
[25,85,98],
[26,84,97],
[27,86,96],
[12,39,83],
[13,38,81],
[14,37,80],
[15,36,82],
[49,60,64],
[59,62,70],
[52,57,71],
[54,63,68],
[50,53,144],
[51,61,145],
[65,66,146],
[67,69,147],
[48,55,148],
[56,58,149]],

[[0,76,128],
[2,77,129],
[3,78,130],
[1,79,131],
[12,44,120],
[14,45,121],
[15,46,122],
[13,47,123],
[4,116,124],
[5,118,125],
[6,119,126],
[7,117,127],
[80,108,132],
[81,110,133],
[82,111,134],
[83,109,135],
[92,96,136],
[94,97,137],
[95,98,138],
[93,99,139],
[32,112,140],
[33,114,141],
[34,115,142],
[35,113,143],
[8,24,104],
[9,26,105],
[10,27,106],
[11,25,107],
[20,36,84],
[21,38,85],
[22,39,86],
[23,37,87],
[28,88,100],
[29,90,101],
[30,91,102],
[31,89,103],
[16,40,72],
[17,41,74],
[18,42,75],
[19,43,73],
[53,64,68],
[51,63,66],
[50,56,61],
[49,58,67],
[54,57,144],
[55,65,145],
[69,70,146],
[48,71,147],
[52,59,148],
[60,62,149]],

[[1,77,128],
[3,76,129],
[2,79,130],
[0,78,131],
[13,45,120],
[15,44,121],
[14,47,122],
[12,46,123],
[5,117,124],
[4,119,125],
[7,118,126],
[6,116,127],
[81,109,132],
[80,111,133],
[83,110,134],
[82,108,135],
[93,97,136],
[95,96,137],
[94,99,138],
[92,98,139],
[33,113,140],
[32,115,141],
[35,114,142],
[34,112,143],
[9,25,104],
[8,27,105],
[11,26,106],
[10,24,107],
[21,37,84],
[20,39,85],
[23,38,86],
[22,36,87],
[28,89,101],
[29,91,100],
[30,90,103],
[31,88,102],
[16,41,73],
[17,40,75],
[18,43,74],
[19,42,72],
[49,57,68],
[55,67,70],
[54,60,65],
[53,62,71],
[58,61,144],
[59,69,145],
[48,51,146],
[50,52,147],
[56,63,148],
[64,66,149]],

[[2,78,128],
[0,79,129],
[1,76,130],
[3,77,131],
[14,46,120],
[12,47,121],
[13,44,122],
[15,45,123],
[6,118,124],
[7,116,125],
[4,117,126],
[5,119,127],
[82,110,132],
[83,108,133],
[80,109,134],
[81,111,135],
[94,98,136],
[92,99,137],
[93,96,138],
[95,97,139],
[34,114,140],
[35,112,141],
[32,113,142],
[33,115,143],
[10,26,104],
[11,24,105],
[8,25,106],
[9,27,107],
[22,38,84],
[23,36,85],
[20,37,86],
[21,39,87],
[28,90,102],
[29,88,103],
[30,89,100],
[31,91,101],
[16,42,74],
[17,43,72],
[18,40,73],
[19,41,75],
[49,53,61],
[51,59,71],
[58,64,69],
[50,57,66],
[62,65,144],
[48,63,145],
[52,55,146],
[54,56,147],
[60,67,148],
[68,70,149]],

[[3,79,128],
[1,78,129],
[0,77,130],
[2,76,131],
[15,47,120],
[13,46,121],
[12,45,122],
[14,44,123],
[7,119,124],
[6,117,125],
[5,116,126],
[4,118,127],
[83,111,132],
[82,109,133],
[81,108,134],
[80,110,135],
[95,99,136],
[93,98,137],
[92,97,138],
[94,96,139],
[35,115,140],
[34,113,141],
[33,112,142],
[32,114,143],
[11,27,104],
[10,25,105],
[9,24,106],
[8,26,107],
[23,39,84],
[22,37,85],
[21,36,86],
[20,38,87],
[28,91,103],
[29,89,102],
[30,88,101],
[31,90,100],
[16,43,75],
[17,42,73],
[18,41,72],
[19,40,74],
[53,57,65],
[50,55,63],
[48,62,68],
[54,61,70],
[66,69,144],
[52,67,145],
[56,59,146],
[58,60,147],
[64,71,148],
[49,51,149]],

[[4,80,120],
[6,81,121],
[7,82,122],
[5,83,123],
[16,36,124],
[18,37,125],
[19,38,126],
[17,39,127],
[8,108,128],
[9,110,129],
[10,111,130],
[11,109,131],
[72,112,132],
[73,114,133],
[74,115,134],
[75,113,135],
[84,100,136],
[86,101,137],
[87,102,138],
[85,103,139],
[24,116,140],
[25,118,141],
[26,119,142],
[27,117,143],
[0,28,96],
[1,30,97],
[2,31,98],
[3,29,99],
[12,40,88],
[13,42,89],
[14,43,90],
[15,41,91],
[32,92,104],
[33,94,105],
[34,95,106],
[35,93,107],
[20,44,76],
[21,45,78],
[22,46,79],
[23,47,77],
[57,61,69],
[54,59,67],
[49,52,66],
[51,58,65],
[48,70,144],
[56,71,145],
[60,63,146],
[62,64,147],
[50,68,148],
[53,55,149]],

[[5,81,120],
[7,80,121],
[6,83,122],
[4,82,123],
[17,37,124],
[19,36,125],
[18,39,126],
[16,38,127],
[9,109,128],
[8,111,129],
[11,110,130],
[10,108,131],
[73,113,132],
[72,115,133],
[75,114,134],
[74,112,135],
[85,101,136],
[87,100,137],
[86,103,138],
[84,102,139],
[25,117,140],
[24,119,141],
[27,118,142],
[26,116,143],
[1,29,96],
[0,31,97],
[3,30,98],
[2,28,99],
[13,41,88],
[12,43,89],
[15,42,90],
[14,40,91],
[32,93,105],
[33,95,104],
[34,94,107],
[35,92,106],
[20,45,77],
[21,44,79],
[22,47,78],
[23,46,76],
[48,61,65],
[58,63,71],
[53,56,70],
[55,62,69],
[51,52,144],
[50,60,145],
[64,67,146],
[66,68,147],
[49,54,148],
[57,59,149]],

[[6,82,120],
[4,83,121],
[5,80,122],
[7,81,123],
[18,38,124],
[16,39,125],
[17,36,126],
[19,37,127],
[10,110,128],
[11,108,129],
[8,109,130],
[9,111,131],
[74,114,132],
[75,112,133],
[72,113,134],
[73,115,135],
[86,102,136],
[84,103,137],
[85,100,138],
[87,101,139],
[26,118,140],
[27,116,141],
[24,117,142],
[25,119,143],
[2,30,96],
[3,28,97],
[0,29,98],
[1,31,99],
[14,42,88],
[15,40,89],
[12,41,90],
[13,43,91],
[32,94,106],
[33,92,107],
[34,93,104],
[35,95,105],
[20,46,78],
[21,47,76],
[22,44,77],
[23,45,79],
[52,65,69],
[50,62,67],
[51,57,60],
[48,59,66],
[55,56,144],
[54,64,145],
[68,71,146],
[49,70,147],
[53,58,148],
[61,63,149]],

[[7,83,120],
[5,82,121],
[4,81,122],
[6,80,123],
[19,39,124],
[17,38,125],
[16,37,126],
[18,36,127],
[11,111,128],
[10,109,129],
[9,108,130],
[8,110,131],
[75,115,132],
[74,113,133],
[73,112,134],
[72,114,135],
[87,103,136],
[85,102,137],
[84,101,138],
[86,100,139],
[27,119,140],
[26,117,141],
[25,116,142],
[24,118,143],
[3,31,96],
[2,29,97],
[1,28,98],
[0,30,99],
[15,43,88],
[14,41,89],
[13,40,90],
[12,42,91],
[32,95,107],
[33,93,106],
[34,92,105],
[35,94,104],
[20,47,79],
[21,46,77],
[22,45,76],
[23,44,78],
[48,56,69],
[54,66,71],
[55,61,64],
[52,63,70],
[59,60,144],
[58,68,145],
[49,50,146],
[51,53,147],
[57,62,148],
[65,67,149]],

[[32,96,124],
[34,97,125],
[35,98,126],
[33,99,127],
[44,64,128],
[46,65,129],
[47,66,130],
[45,67,131],
[16,24,120],
[18,25,121],
[19,26,122],
[17,27,123],
[20,100,132],
[22,101,133],
[23,102,134],
[21,103,135],
[8,112,136],
[9,114,137],
[10,115,138],
[11,113,139],
[12,52,140],
[14,53,141],
[15,54,142],
[13,55,143],
[4,28,56],
[5,29,58],
[6,30,59],
[7,31,57],
[40,68,116],
[41,70,117],
[42,71,118],
[43,69,119],
[0,48,108],
[1,49,110],
[2,50,111],
[3,51,109],
[36,60,104],
[37,61,106],
[38,62,107],
[39,63,105],
[72,76,84],
[74,82,94],
[83,89,92],
[75,80,91],
[87,88,144],
[73,86,145],
[77,78,146],
[79,81,147],
[85,90,148],
[93,95,149]],

[[33,97,124],
[35,96,125],
[34,99,126],
[32,98,127],
[45,65,128],
[47,64,129],
[46,67,130],
[44,66,131],
[17,25,120],
[19,24,121],
[18,27,122],
[16,26,123],
[21,101,132],
[23,100,133],
[22,103,134],
[20,102,135],
[9,113,136],
[8,115,137],
[11,114,138],
[10,112,139],
[13,53,140],
[15,52,141],
[14,55,142],
[12,54,143],
[4,29,57],
[5,28,59],
[6,31,58],
[7,30,56],
[41,69,116],
[40,71,117],
[43,70,118],
[42,68,119],
[1,48,109],
[0,49,111],
[3,50,110],
[2,51,108],
[36,61,105],
[37,60,107],
[38,63,106],
[39,62,104],
[76,80,88],
[75,78,86],
[73,87,93],
[79,84,95],
[91,92,144],
[77,90,145],
[81,82,146],
[83,85,147],
[89,94,148],
[72,74,149]],

[[34,98,124],
[32,99,125],
[33,96,126],
[35,97,127],
[46,66,128],
[44,67,129],
[45,64,130],
[47,65,131],
[18,26,120],
[16,27,121],
[17,24,122],
[19,25,123],
[22,102,132],
[20,103,133],
[21,100,134],
[23,101,135],
[10,114,136],
[11,112,137],
[8,113,138],
[9,115,139],
[14,54,140],
[12,55,141],
[13,52,142],
[15,53,143],
[4,30,58],
[5,31,56],
[6,28,57],
[7,29,59],
[42,70,116],
[43,68,117],
[40,69,118],
[41,71,119],
[2,48,110],
[3,49,108],
[0,50,109],
[1,51,111],
[36,62,106],
[37,63,104],
[38,60,105],
[39,61,107],
[80,84,92],
[79,82,90],
[72,77,91],
[74,83,88],
[73,95,144],
[81,94,145],
[85,86,146],
[87,89,147],
[75,93,148],
[76,78,149]],

[[35,99,124],
[33,98,125],
[32,97,126],
[34,96,127],
[47,67,128],
[45,66,129],
[44,65,130],
[46,64,131],
[19,27,120],
[17,26,121],
[16,25,122],
[18,24,123],
[23,103,132],
[21,102,133],
[20,101,134],
[22,100,135],
[11,115,136],
[10,113,137],
[9,112,138],
[8,114,139],
[15,55,140],
[13,54,141],
[12,53,142],
[14,52,143],
[4,31,59],
[5,30,57],
[6,29,56],
[7,28,58],
[43,71,116],
[42,69,117],
[41,68,118],
[40,70,119],
[3,48,111],
[2,49,109],
[1,50,108],
[0,51,110],
[36,63,107],
[37,62,105],
[38,61,104],
[39,60,106],
[73,84,88],
[83,86,94],
[76,81,95],
[78,87,92],
[74,77,144],
[75,85,145],
[89,90,146],
[91,93,147],
[72,79,148],
[80,82,149]],

[[24,100,128],
[26,101,129],
[27,102,130],
[25,103,131],
[36,68,120],
[38,69,121],
[39,70,122],
[37,71,123],
[20,28,124],
[22,29,125],
[23,30,126],
[21,31,127],
[12,104,132],
[14,105,133],
[15,106,134],
[13,107,135],
[0,116,136],
[1,118,137],
[2,119,138],
[3,117,139],
[16,56,140],
[18,57,141],
[19,58,142],
[17,59,143],
[8,32,48],
[9,33,50],
[10,34,51],
[11,35,49],
[44,60,108],
[45,62,109],
[46,63,110],
[47,61,111],
[4,52,112],
[5,53,114],
[6,54,115],
[7,55,113],
[40,64,96],
[41,65,98],
[42,66,99],
[43,67,97],
[77,88,92],
[75,87,90],
[74,80,85],
[73,82,91],
[78,81,144],
[79,89,145],
[93,94,146],
[72,95,147],
[76,83,148],
[84,86,149]],

[[25,101,128],
[27,100,129],
[26,103,130],
[24,102,131],
[37,69,120],
[39,68,121],
[38,71,122],
[36,70,123],
[21,29,124],
[23,28,125],
[22,31,126],
[20,30,127],
[13,105,132],
[15,104,133],
[14,107,134],
[12,106,135],
[1,117,136],
[0,119,137],
[3,118,138],
[2,116,139],
[17,57,140],
[19,56,141],
[18,59,142],
[16,58,143],
[8,33,49],
[9,32,51],
[10,35,50],
[11,34,48],
[45,61,108],
[44,63,109],
[47,62,110],
[46,60,111],
[5,52,113],
[4,53,115],
[7,54,114],
[6,55,112],
[40,65,97],
[41,64,99],
[42,67,98],
[43,66,96],
[73,81,92],
[79,91,94],
[78,84,89],
[77,86,95],
[82,85,144],
[83,93,145],
[72,75,146],
[74,76,147],
[80,87,148],
[88,90,149]],

[[26,102,128],
[24,103,129],
[25,100,130],
[27,101,131],
[38,70,120],
[36,71,121],
[37,68,122],
[39,69,123],
[22,30,124],
[20,31,125],
[21,28,126],
[23,29,127],
[14,106,132],
[12,107,133],
[13,104,134],
[15,105,135],
[2,118,136],
[3,116,137],
[0,117,138],
[1,119,139],
[18,58,140],
[16,59,141],
[17,56,142],
[19,57,143],
[8,34,50],
[9,35,48],
[10,32,49],
[11,33,51],
[46,62,108],
[47,60,109],
[44,61,110],
[45,63,111],
[6,52,114],
[7,53,112],
[4,54,113],
[5,55,115],
[40,66,98],
[41,67,96],
[42,64,97],
[43,65,99],
[73,77,85],
[75,83,95],
[82,88,93],
[74,81,90],
[86,89,144],
[72,87,145],
[76,79,146],
[78,80,147],
[84,91,148],
[92,94,149]],

[[27,103,128],
[25,102,129],
[24,101,130],
[26,100,131],
[39,71,120],
[37,70,121],
[36,69,122],
[38,68,123],
[23,31,124],
[21,30,125],
[20,29,126],
[22,28,127],
[15,107,132],
[13,106,133],
[12,105,134],
[14,104,135],
[3,119,136],
[2,117,137],
[1,116,138],
[0,118,139],
[19,59,140],
[17,58,141],
[16,57,142],
[18,56,143],
[8,35,51],
[9,34,49],
[10,33,48],
[11,32,50],
[47,63,108],
[46,61,109],
[45,60,110],
[44,62,111],
[7,52,115],
[6,53,113],
[5,54,112],
[4,55,114],
[40,67,99],
[41,66,97],
[42,65,96],
[43,64,98],
[77,81,89],
[74,79,87],
[72,86,92],
[78,85,94],
[90,93,144],
[76,91,145],
[80,83,146],
[82,84,147],
[88,95,148],
[73,75,149]],

[[28,104,120],
[30,105,121],
[31,106,122],
[29,107,123],
[40,60,124],
[42,61,125],
[43,62,126],
[41,63,127],
[12,32,128],
[14,33,129],
[15,34,130],
[13,35,131],
[16,96,132],
[18,97,133],
[19,98,134],
[17,99,135],
[4,108,136],
[5,110,137],
[6,111,138],
[7,109,139],
[20,48,140],
[22,49,141],
[23,50,142],
[21,51,143],
[0,24,52],
[1,25,54],
[2,26,55],
[3,27,53],
[36,64,112],
[37,66,113],
[38,67,114],
[39,65,115],
[8,56,116],
[9,57,118],
[10,58,119],
[11,59,117],
[44,68,100],
[45,69,102],
[46,70,103],
[47,71,101],
[81,85,93],
[78,83,91],
[73,76,90],
[75,82,89],
[72,94,144],
[80,95,145],
[84,87,146],
[86,88,147],
[74,92,148],
[77,79,149]],

[[29,105,120],
[31,104,121],
[30,107,122],
[28,106,123],
[41,61,124],
[43,60,125],
[42,63,126],
[40,62,127],
[13,33,128],
[15,32,129],
[14,35,130],
[12,34,131],
[17,97,132],
[19,96,133],
[18,99,134],
[16,98,135],
[5,109,136],
[4,111,137],
[7,110,138],
[6,108,139],
[21,49,140],
[23,48,141],
[22,51,142],
[20,50,143],
[0,25,53],
[1,24,55],
[2,27,54],
[3,26,52],
[37,65,112],
[36,67,113],
[39,66,114],
[38,64,115],
[9,56,117],
[8,57,119],
[11,58,118],
[10,59,116],
[44,69,101],
[45,68,103],
[46,71,102],
[47,70,100],
[72,85,89],
[82,87,95],
[77,80,94],
[79,86,93],
[75,76,144],
[74,84,145],
[88,91,146],
[90,92,147],
[73,78,148],
[81,83,149]],

[[30,106,120],
[28,107,121],
[29,104,122],
[31,105,123],
[42,62,124],
[40,63,125],
[41,60,126],
[43,61,127],
[14,34,128],
[12,35,129],
[13,32,130],
[15,33,131],
[18,98,132],
[16,99,133],
[17,96,134],
[19,97,135],
[6,110,136],
[7,108,137],
[4,109,138],
[5,111,139],
[22,50,140],
[20,51,141],
[21,48,142],
[23,49,143],
[0,26,54],
[1,27,52],
[2,24,53],
[3,25,55],
[38,66,112],
[39,64,113],
[36,65,114],
[37,67,115],
[10,56,118],
[11,57,116],
[8,58,117],
[9,59,119],
[44,70,102],
[45,71,100],
[46,68,101],
[47,69,103],
[76,89,93],
[74,86,91],
[75,81,84],
[72,83,90],
[79,80,144],
[78,88,145],
[92,95,146],
[73,94,147],
[77,82,148],
[85,87,149]],

[[31,107,120],
[29,106,121],
[28,105,122],
[30,104,123],
[43,63,124],
[41,62,125],
[40,61,126],
[42,60,127],
[15,35,128],
[13,34,129],
[12,33,130],
[14,32,131],
[19,99,132],
[17,98,133],
[16,97,134],
[18,96,135],
[7,111,136],
[6,109,137],
[5,108,138],
[4,110,139],
[23,51,140],
[21,50,141],
[20,49,142],
[22,48,143],
[0,27,55],
[1,26,53],
[2,25,52],
[3,24,54],
[39,67,112],
[38,65,113],
[37,64,114],
[36,66,115],
[11,56,119],
[10,57,117],
[9,58,116],
[8,59,118],
[44,71,103],
[45,70,101],
[46,69,100],
[47,68,102],
[72,80,93],
[78,90,95],
[79,85,88],
[76,87,94],
[83,84,144],
[82,92,145],
[73,74,146],
[75,77,147],
[81,86,148],
[89,91,149]],

[[0,56,124],
[1,58,125],
[2,59,126],
[3,57,127],
[68,88,128],
[70,89,129],
[71,90,130],
[69,91,131],
[40,48,120],
[42,49,121],
[43,50,122],
[41,51,123],
[4,44,132],
[5,46,133],
[6,47,134],
[7,45,135],
[16,32,136],
[18,33,137],
[19,34,138],
[17,35,139],
[36,76,140],
[38,77,141],
[39,78,142],
[37,79,143],
[28,52,80],
[29,53,82],
[30,54,83],
[31,55,81],
[20,64,92],
[21,65,94],
[22,66,95],
[23,67,93],
[12,24,72],
[14,25,73],
[15,26,74],
[13,27,75],
[8,60,84],
[10,61,85],
[11,62,86],
[9,63,87],
[96,100,108],
[98,106,118],
[107,113,116],
[99,104,115],
[111,112,144],
[97,110,145],
[101,102,146],
[103,105,147],
[109,114,148],
[117,119,149]],

[[1,57,124],
[0,59,125],
[3,58,126],
[2,56,127],
[69,89,128],
[71,88,129],
[70,91,130],
[68,90,131],
[41,49,120],
[43,48,121],
[42,51,122],
[40,50,123],
[5,45,132],
[4,47,133],
[7,46,134],
[6,44,135],
[17,33,136],
[19,32,137],
[18,35,138],
[16,34,139],
[37,77,140],
[39,76,141],
[38,79,142],
[36,78,143],
[28,53,81],
[29,52,83],
[30,55,82],
[31,54,80],
[20,65,93],
[21,64,95],
[22,67,94],
[23,66,92],
[13,25,72],
[15,24,73],
[14,27,74],
[12,26,75],
[9,60,85],
[11,61,84],
[10,62,87],
[8,63,86],
[100,104,112],
[99,102,110],
[97,111,117],
[103,108,119],
[115,116,144],
[101,114,145],
[105,106,146],
[107,109,147],
[113,118,148],
[96,98,149]],

[[2,58,124],
[3,56,125],
[0,57,126],
[1,59,127],
[70,90,128],
[68,91,129],
[69,88,130],
[71,89,131],
[42,50,120],
[40,51,121],
[41,48,122],
[43,49,123],
[6,46,132],
[7,44,133],
[4,45,134],
[5,47,135],
[18,34,136],
[16,35,137],
[17,32,138],
[19,33,139],
[38,78,140],
[36,79,141],
[37,76,142],
[39,77,143],
[28,54,82],
[29,55,80],
[30,52,81],
[31,53,83],
[20,66,94],
[21,67,92],
[22,64,93],
[23,65,95],
[14,26,72],
[12,27,73],
[13,24,74],
[15,25,75],
[10,60,86],
[8,61,87],
[9,62,84],
[11,63,85],
[104,108,116],
[103,106,114],
[96,101,115],
[98,107,112],
[97,119,144],
[105,118,145],
[109,110,146],
[111,113,147],
[99,117,148],
[100,102,149]],

[[3,59,124],
[2,57,125],
[1,56,126],
[0,58,127],
[71,91,128],
[69,90,129],
[68,89,130],
[70,88,131],
[43,51,120],
[41,50,121],
[40,49,122],
[42,48,123],
[7,47,132],
[6,45,133],
[5,44,134],
[4,46,135],
[19,35,136],
[17,34,137],
[16,33,138],
[18,32,139],
[39,79,140],
[37,78,141],
[36,77,142],
[38,76,143],
[28,55,83],
[29,54,81],
[30,53,80],
[31,52,82],
[20,67,95],
[21,66,93],
[22,65,92],
[23,64,94],
[15,27,72],
[13,26,73],
[12,25,74],
[14,24,75],
[11,60,87],
[9,61,86],
[8,62,85],
[10,63,84],
[97,108,112],
[107,110,118],
[100,105,119],
[102,111,116],
[98,101,144],
[99,109,145],
[113,114,146],
[115,117,147],
[96,103,148],
[104,106,149]],

[[4,48,128],
[5,50,129],
[6,51,130],
[7,49,131],
[60,92,120],
[62,93,121],
[63,94,122],
[61,95,123],
[44,52,124],
[46,53,125],
[47,54,126],
[45,55,127],
[8,36,132],
[9,38,133],
[10,39,134],
[11,37,135],
[20,24,136],
[22,25,137],
[23,26,138],
[21,27,139],
[40,80,140],
[42,81,141],
[43,82,142],
[41,83,143],
[32,56,72],
[33,57,74],
[34,58,75],
[35,59,73],
[12,68,84],
[13,69,86],
[14,70,87],
[15,71,85],
[16,28,76],
[18,29,77],
[19,30,78],
[17,31,79],
[0,64,88],
[2,65,89],
[3,66,90],
[1,67,91],
[101,112,116],
[99,111,114],
[98,104,109],
[97,106,115],
[102,105,144],
[103,113,145],
[117,118,146],
[96,119,147],
[100,107,148],
[108,110,149]],

[[5,49,128],
[4,51,129],
[7,50,130],
[6,48,131],
[61,93,120],
[63,92,121],
[62,95,122],
[60,94,123],
[45,53,124],
[47,52,125],
[46,55,126],
[44,54,127],
[9,37,132],
[8,39,133],
[11,38,134],
[10,36,135],
[21,25,136],
[23,24,137],
[22,27,138],
[20,26,139],
[41,81,140],
[43,80,141],
[42,83,142],
[40,82,143],
[32,57,73],
[33,56,75],
[34,59,74],
[35,58,72],
[12,69,85],
[13,68,87],
[14,71,86],
[15,70,84],
[17,29,76],
[19,28,77],
[18,31,78],
[16,30,79],
[1,64,89],
[3,65,88],
[2,66,91],
[0,67,90],
[97,105,116],
[103,115,118],
[102,108,113],
[101,110,119],
[106,109,144],
[107,117,145],
[96,99,146],
[98,100,147],
[104,111,148],
[112,114,149]],

[[6,50,128],
[7,48,129],
[4,49,130],
[5,51,131],
[62,94,120],
[60,95,121],
[61,92,122],
[63,93,123],
[46,54,124],
[44,55,125],
[45,52,126],
[47,53,127],
[10,38,132],
[11,36,133],
[8,37,134],
[9,39,135],
[22,26,136],
[20,27,137],
[21,24,138],
[23,25,139],
[42,82,140],
[40,83,141],
[41,80,142],
[43,81,143],
[32,58,74],
[33,59,72],
[34,56,73],
[35,57,75],
[12,70,86],
[13,71,84],
[14,68,85],
[15,69,87],
[18,30,76],
[16,31,77],
[17,28,78],
[19,29,79],
[2,64,90],
[0,65,91],
[1,66,88],
[3,67,89],
[97,101,109],
[99,107,119],
[106,112,117],
[98,105,114],
[110,113,144],
[96,111,145],
[100,103,146],
[102,104,147],
[108,115,148],
[116,118,149]],

[[7,51,128],
[6,49,129],
[5,48,130],
[4,50,131],
[63,95,120],
[61,94,121],
[60,93,122],
[62,92,123],
[47,55,124],
[45,54,125],
[44,53,126],
[46,52,127],
[11,39,132],
[10,37,133],
[9,36,134],
[8,38,135],
[23,27,136],
[21,26,137],
[20,25,138],
[22,24,139],
[43,83,140],
[41,82,141],
[40,81,142],
[42,80,143],
[32,59,75],
[33,58,73],
[34,57,72],
[35,56,74],
[12,71,87],
[13,70,85],
[14,69,84],
[15,68,86],
[19,31,76],
[17,30,77],
[16,29,78],
[18,28,79],
[3,64,91],
[1,65,90],
[0,66,89],
[2,67,88],
[101,105,113],
[98,103,111],
[96,110,116],
[102,109,118],
[114,117,144],
[100,115,145],
[104,107,146],
[106,108,147],
[112,119,148],
[97,99,149]],

[[8,52,120],
[9,54,121],
[10,55,122],
[11,53,123],
[64,84,124],
[66,85,125],
[67,86,126],
[65,87,127],
[36,56,128],
[38,57,129],
[39,58,130],
[37,59,131],
[0,40,132],
[1,42,133],
[2,43,134],
[3,41,135],
[12,28,136],
[14,29,137],
[15,30,138],
[13,31,139],
[44,72,140],
[46,73,141],
[47,74,142],
[45,75,143],
[24,48,76],
[25,49,78],
[26,50,79],
[27,51,77],
[16,60,88],
[17,61,90],
[18,62,91],
[19,63,89],
[20,32,80],
[22,33,81],
[23,34,82],
[21,35,83],
[4,68,92],
[6,69,93],
[7,70,94],
[5,71,95],
[105,109,117],
[102,107,115],
[97,100,114],
[99,106,113],
[96,118,144],
[104,119,145],
[108,111,146],
[110,112,147],
[98,116,148],
[101,103,149]],

[[9,53,120],
[8,55,121],
[11,54,122],
[10,52,123],
[65,85,124],
[67,84,125],
[66,87,126],
[64,86,127],
[37,57,128],
[39,56,129],
[38,59,130],
[36,58,131],
[1,41,132],
[0,43,133],
[3,42,134],
[2,40,135],
[13,29,136],
[15,28,137],
[14,31,138],
[12,30,139],
[45,73,140],
[47,72,141],
[46,75,142],
[44,74,143],
[24,49,77],
[25,48,79],
[26,51,78],
[27,50,76],
[16,61,89],
[17,60,91],
[18,63,90],
[19,62,88],
[21,33,80],
[23,32,81],
[22,35,82],
[20,34,83],
[5,68,93],
[7,69,92],
[6,70,95],
[4,71,94],
[96,109,113],
[106,111,119],
[101,104,118],
[103,110,117],
[99,100,144],
[98,108,145],
[112,115,146],
[114,116,147],
[97,102,148],
[105,107,149]],

[[10,54,120],
[11,52,121],
[8,53,122],
[9,55,123],
[66,86,124],
[64,87,125],
[65,84,126],
[67,85,127],
[38,58,128],
[36,59,129],
[37,56,130],
[39,57,131],
[2,42,132],
[3,40,133],
[0,41,134],
[1,43,135],
[14,30,136],
[12,31,137],
[13,28,138],
[15,29,139],
[46,74,140],
[44,75,141],
[45,72,142],
[47,73,143],
[24,50,78],
[25,51,76],
[26,48,77],
[27,49,79],
[16,62,90],
[17,63,88],
[18,60,89],
[19,61,91],
[22,34,80],
[20,35,81],
[21,32,82],
[23,33,83],
[6,68,94],
[4,69,95],
[5,70,92],
[7,71,93],
[100,113,117],
[98,110,115],
[99,105,108],
[96,107,114],
[103,104,144],
[102,112,145],
[116,119,146],
[97,118,147],
[101,106,148],
[109,111,149]],

[[11,55,120],
[10,53,121],
[9,52,122],
[8,54,123],
[67,87,124],
[65,86,125],
[64,85,126],
[66,84,127],
[39,59,128],
[37,58,129],
[36,57,130],
[38,56,131],
[3,43,132],
[2,41,133],
[1,40,134],
[0,42,135],
[15,31,136],
[13,30,137],
[12,29,138],
[14,28,139],
[47,75,140],
[45,74,141],
[44,73,142],
[46,72,143],
[24,51,79],
[25,50,77],
[26,49,76],
[27,48,78],
[16,63,91],
[17,62,89],
[18,61,88],
[19,60,90],
[23,35,80],
[21,34,81],
[20,33,82],
[22,32,83],
[7,68,95],
[5,69,94],
[4,70,93],
[6,71,92],
[96,104,117],
[102,114,119],
[103,109,112],
[100,111,118],
[107,108,144],
[106,116,145],
[97,98,146],
[99,101,147],
[105,110,148],
[113,115,149]],

[[20,72,104],
[22,73,105],
[23,74,106],
[21,75,107],
[28,60,112],
[30,61,113],
[31,62,114],
[29,63,115],
[8,44,96],
[9,46,97],
[10,47,98],
[11,45,99],
[16,52,84],
[17,54,85],
[18,55,86],
[19,53,87],
[0,32,68],
[1,33,70],
[2,34,71],
[3,35,69],
[40,76,108],
[41,78,109],
[42,79,110],
[43,77,111],
[24,56,92],
[25,57,94],
[26,58,95],
[27,59,93],
[12,64,100],
[13,65,102],
[14,66,103],
[15,67,101],
[48,80,116],
[49,81,118],
[50,82,119],
[51,83,117],
[4,36,88],
[6,37,89],
[7,38,90],
[5,39,91],
[122,136,141],
[133,138,144],
[124,143,145],
[125,140,147],
[123,128,146],
[120,126,135],
[131,132,142],
[121,127,134],
[129,130,148],
[137,139,149]],

[[21,73,104],
[23,72,105],
[22,75,106],
[20,74,107],
[29,60,113],
[31,61,112],
[30,62,115],
[28,63,114],
[8,45,97],
[9,47,96],
[10,46,99],
[11,44,98],
[17,53,84],
[16,55,85],
[19,54,86],
[18,52,87],
[1,32,69],
[0,33,71],
[3,34,70],
[2,35,68],
[41,77,108],
[40,79,109],
[43,78,110],
[42,76,111],
[25,56,93],
[24,57,95],
[27,58,94],
[26,59,92],
[12,65,101],
[13,64,103],
[14,67,102],
[15,66,100],
[49,80,117],
[48,81,119],
[51,82,118],
[50,83,116],
[5,36,89],
[7,37,88],
[6,38,91],
[4,39,90],
[126,140,145],
[120,137,142],
[121,128,147],
[123,129,144],
[122,127,132],
[124,130,139],
[135,136,146],
[125,131,138],
[133,134,148],
[141,143,149]],

[[22,74,104],
[20,75,105],
[21,72,106],
[23,73,107],
[30,60,114],
[28,61,115],
[29,62,112],
[31,63,113],
[8,46,98],
[9,44,99],
[10,45,96],
[11,47,97],
[18,54,84],
[19,52,85],
[16,53,86],
[17,55,87],
[2,32,70],
[3,33,68],
[0,34,69],
[1,35,71],
[42,78,108],
[43,76,109],
[40,77,110],
[41,79,111],
[26,56,94],
[27,57,92],
[24,58,93],
[25,59,95],
[12,66,102],
[13,67,100],
[14,64,101],
[15,65,103],
[50,80,118],
[51,81,116],
[48,82,117],
[49,83,119],
[6,36,90],
[4,37,91],
[5,38,88],
[7,39,89],
[121,130,144],
[124,141,146],
[123,125,132],
[120,127,133],
[126,131,136],
[128,134,143],
[122,139,140],
[129,135,142],
[137,138,148],
[145,147,149]],

[[23,75,104],
[21,74,105],
[20,73,106],
[22,72,107],
[31,60,115],
[29,61,114],
[28,62,113],
[30,63,112],
[8,47,99],
[9,45,98],
[10,44,97],
[11,46,96],
[19,55,84],
[18,53,85],
[17,52,86],
[16,54,87],
[3,32,71],
[2,33,69],
[1,34,68],
[0,35,70],
[43,79,108],
[42,77,109],
[41,76,110],
[40,78,111],
[27,56,95],
[26,57,93],
[25,58,92],
[24,59,94],
[12,67,103],
[13,66,101],
[14,65,100],
[15,64,102],
[51,80,119],
[50,81,117],
[49,82,116],
[48,83,118],
[7,36,91],
[5,37,90],
[4,38,89],
[6,39,88],
[120,125,134],
[122,128,145],
[127,129,136],
[124,131,137],
[130,135,140],
[132,138,147],
[126,143,144],
[133,139,146],
[141,142,148],
[121,123,149]],

[[12,76,96],
[14,77,97],
[15,78,98],
[13,79,99],
[32,64,116],
[34,65,117],
[35,66,118],
[33,67,119],
[0,36,100],
[1,38,101],
[2,39,102],
[3,37,103],
[20,56,88],
[21,58,89],
[22,59,90],
[23,57,91],
[4,24,60],
[5,25,62],
[6,26,63],
[7,27,61],
[44,80,112],
[45,82,113],
[46,83,114],
[47,81,115],
[28,48,84],
[29,49,86],
[30,50,87],
[31,51,85],
[16,68,104],
[17,69,106],
[18,70,107],
[19,71,105],
[52,72,108],
[53,73,110],
[54,74,111],
[55,75,109],
[8,40,92],
[10,41,93],
[11,42,94],
[9,43,95],
[124,129,138],
[121,126,132],
[131,133,140],
[128,135,141],
[134,139,144],
[123,136,142],
[120,130,147],
[122,137,143],
[145,146,148],
[125,127,149]],

[[13,77,96],
[15,76,97],
[14,79,98],
[12,78,99],
[33,64,117],
[35,65,116],
[34,66,119],
[32,67,118],
[0,37,101],
[1,39,100],
[2,38,103],
[3,36,102],
[21,57,88],
[20,59,89],
[23,58,90],
[22,56,91],
[5,24,61],
[4,25,63],
[7,26,62],
[6,27,60],
[45,81,112],
[44,83,113],
[47,82,114],
[46,80,115],
[29,48,85],
[28,49,87],
[31,50,86],
[30,51,84],
[16,69,105],
[17,68,107],
[18,71,106],
[19,70,104],
[53,72,109],
[52,73,111],
[55,74,110],
[54,75,108],
[9,40,93],
[11,41,92],
[10,42,95],
[8,43,94],
[128,133,142],
[125,130,136],
[135,137,144],
[132,139,145],
[120,138,143],
[127,140,146],
[123,124,134],
[126,141,147],
[121,122,148],
[129,131,149]],

[[14,78,96],
[12,79,97],
[13,76,98],
[15,77,99],
[34,64,118],
[32,65,119],
[33,66,116],
[35,67,117],
[0,38,102],
[1,36,103],
[2,37,100],
[3,39,101],
[22,58,88],
[23,56,89],
[20,57,90],
[21,59,91],
[6,24,62],
[7,25,60],
[4,26,61],
[5,27,63],
[46,82,112],
[47,80,113],
[44,81,114],
[45,83,115],
[30,48,86],
[31,49,84],
[28,50,85],
[29,51,87],
[16,70,106],
[17,71,104],
[18,68,105],
[19,69,107],
[54,72,110],
[55,73,108],
[52,74,109],
[53,75,111],
[10,40,94],
[8,41,95],
[9,42,92],
[11,43,93],
[132,137,146],
[129,134,140],
[120,139,141],
[121,136,143],
[124,142,147],
[122,131,144],
[127,128,138],
[123,130,145],
[125,126,148],
[133,135,149]],

[[15,79,96],
[13,78,97],
[12,77,98],
[14,76,99],
[35,64,119],
[33,65,118],
[32,66,117],
[34,67,116],
[0,39,103],
[1,37,102],
[2,36,101],
[3,38,100],
[23,59,88],
[22,57,89],
[21,56,90],
[20,58,91],
[7,24,63],
[6,25,61],
[5,26,60],
[4,27,62],
[47,83,112],
[46,81,113],
[45,80,114],
[44,82,115],
[31,48,87],
[30,49,85],
[29,50,84],
[28,51,86],
[16,71,107],
[17,70,105],
[18,69,104],
[19,68,106],
[55,72,111],
[54,73,109],
[53,74,108],
[52,75,110],
[11,40,95],
[9,41,94],
[8,42,93],
[10,43,92],
[120,129,146],
[127,141,144],
[121,139,142],
[122,125,135],
[124,128,136],
[133,137,145],
[126,130,138],
[123,131,147],
[140,143,148],
[132,134,149]],

[[16,80,100],
[18,81,101],
[19,82,102],
[17,83,103],
[24,68,108],
[26,69,109],
[27,70,110],
[25,71,111],
[4,40,104],
[5,42,105],
[6,43,106],
[7,41,107],
[12,48,92],
[13,50,93],
[14,51,94],
[15,49,95],
[8,28,64],
[9,29,66],
[10,30,67],
[11,31,65],
[36,72,116],
[37,74,117],
[38,75,118],
[39,73,119],
[32,52,88],
[33,53,90],
[34,54,91],
[35,55,89],
[20,60,96],
[21,61,98],
[22,62,99],
[23,63,97],
[56,76,112],
[57,77,114],
[58,78,115],
[59,79,113],
[0,44,84],
[2,45,85],
[3,46,86],
[1,47,87],
[122,124,133],
[120,131,145],
[125,143,146],
[126,129,139],
[128,132,140],
[121,137,141],
[130,134,142],
[123,127,135],
[144,147,148],
[136,138,149]],

[[17,81,100],
[19,80,101],
[18,83,102],
[16,82,103],
[25,68,109],
[27,69,108],
[26,70,111],
[24,71,110],
[4,41,105],
[5,43,104],
[6,42,107],
[7,40,106],
[13,49,92],
[12,51,93],
[15,50,94],
[14,48,95],
[9,28,65],
[8,29,67],
[11,30,66],
[10,31,64],
[37,73,116],
[36,75,117],
[39,74,118],
[38,72,119],
[33,52,89],
[32,53,91],
[35,54,90],
[34,55,88],
[20,61,97],
[21,60,99],
[22,63,98],
[23,62,96],
[57,76,113],
[56,77,115],
[59,78,114],
[58,79,112],
[1,44,85],
[3,45,84],
[2,46,87],
[0,47,86],
[126,128,137],
[121,124,135],
[122,129,147],
[130,133,143],
[132,136,144],
[125,141,145],
[134,138,146],
[127,131,139],
[120,123,148],
[140,142,149]],

[[18,82,100],
[16,83,101],
[17,80,102],
[19,81,103],
[26,68,110],
[24,69,111],
[25,70,108],
[27,71,109],
[4,42,106],
[5,40,107],
[6,41,104],
[7,43,105],
[14,50,92],
[15,48,93],
[12,49,94],
[13,51,95],
[10,28,66],
[11,29,64],
[8,30,65],
[9,31,67],
[38,74,116],
[39,72,117],
[36,73,118],
[37,75,119],
[34,52,90],
[35,53,88],
[32,54,89],
[33,55,91],
[20,62,98],
[21,63,96],
[22,60,97],
[23,61,99],
[58,76,114],
[59,77,112],
[56,78,113],
[57,79,115],
[2,44,86],
[0,45,87],
[1,46,84],
[3,47,85],
[130,132,141],
[125,128,139],
[123,126,133],
[134,137,147],
[120,136,140],
[121,129,145],
[122,138,142],
[131,135,143],
[124,127,148],
[144,146,149]],

[[19,83,100],
[17,82,101],
[16,81,102],
[18,80,103],
[27,68,111],
[25,69,110],
[24,70,109],
[26,71,108],
[4,43,107],
[5,41,106],
[6,40,105],
[7,42,104],
[15,51,92],
[14,49,93],
[13,48,94],
[12,50,95],
[11,28,67],
[10,29,65],
[9,30,64],
[8,31,66],
[39,75,116],
[38,73,117],
[37,72,118],
[36,74,119],
[35,52,91],
[34,53,89],
[33,54,88],
[32,55,90],
[20,63,99],
[21,62,97],
[22,61,96],
[23,60,98],
[59,76,115],
[58,77,113],
[57,78,112],
[56,79,114],
[3,44,87],
[1,45,86],
[0,46,85],
[2,47,84],
[134,136,145],
[129,132,143],
[127,130,137],
[123,138,141],
[124,140,144],
[121,125,133],
[126,142,146],
[135,139,147],
[128,131,148],
[120,122,149]],

[[4,13,20],
[5,12,21],
[0,6,10],
[8,14,18],
[3,16,22],
[1,7,11],
[9,15,19],
[2,17,23],
[28,37,44],
[29,36,45],
[24,30,34],
[32,38,42],
[27,40,46],
[25,31,35],
[33,39,43],
[26,41,47],
[52,61,68],
[53,60,69],
[48,54,58],
[56,62,66],
[51,64,70],
[49,55,59],
[57,63,67],
[50,65,71],
[76,85,92],
[77,84,93],
[72,78,82],
[80,86,90],
[75,88,94],
[73,79,83],
[81,87,91],
[74,89,95],
[100,109,116],
[101,108,117],
[96,102,106],
[104,110,114],
[99,112,118],
[97,103,107],
[105,111,115],
[98,113,119],
[121,138,140],
[133,136,147],
[131,134,141],
[127,142,145],
[120,128,144],
[125,129,137],
[122,130,146],
[123,139,143],
[132,135,148],
[124,126,149]],

[[1,8,17],
[0,9,16],
[4,10,14],
[12,18,22],
[3,7,20],
[5,11,15],
[13,19,23],
[2,6,21],
[25,32,41],
[24,33,40],
[28,34,38],
[36,42,46],
[27,31,44],
[29,35,39],
[37,43,47],
[26,30,45],
[49,56,65],
[48,57,64],
[52,58,62],
[60,66,70],
[51,55,68],
[53,59,63],
[61,67,71],
[50,54,69],
[73,80,89],
[72,81,88],
[76,82,86],
[84,90,94],
[75,79,92],
[77,83,87],
[85,91,95],
[74,78,93],
[97,104,113],
[96,105,112],
[100,106,110],
[108,114,118],
[99,103,116],
[101,107,111],
[109,115,119],
[98,102,117],
[125,142,144],
[123,137,140],
[135,138,145],
[121,131,146],
[120,124,132],
[129,133,141],
[122,126,134],
[127,143,147],
[136,139,148],
[128,130,149]]

]
