[[[0,49,98],
[1,2,4],
[7,14,28],
[23,36,46],
[27,38,47],
[26,41,45],
[13,19,31],
[22,39,44],
[24,40,48],
[50,51,53],
[56,63,77],
[72,85,95],
[76,87,96],
[75,90,94],
[62,68,80],
[71,88,93],
[73,89,97],
[99,100,102],
[105,112,126],
[121,134,144],
[125,136,145],
[124,139,143],
[111,117,129],
[120,137,142],
[122,138,146],
[3,55,103],
[21,91,133],
[33,59,118],
[9,67,127],
[11,64,128],
[25,92,135],
[12,66,132],
[32,57,114],
[6,54,101],
[42,84,119],
[10,69,131],
[18,78,107],
[15,79,109],
[43,86,123],
[17,83,110],
[8,65,130],
[5,52,104],
[35,70,140],
[20,82,108],
[29,58,116],
[30,60,113],
[37,74,141],
[34,61,115],
[16,81,106]],

[[1,50,99],
[2,3,5],
[8,15,29],
[24,37,47],
[21,39,48],
[27,35,46],
[7,20,32],
[23,40,45],
[25,41,42],
[51,52,54],
[57,64,78],
[73,86,96],
[70,88,97],
[76,84,95],
[56,69,81],
[72,89,94],
[74,90,91],
[100,101,103],
[106,113,127],
[122,135,145],
[119,137,146],
[125,133,144],
[105,118,130],
[121,138,143],
[123,139,140],
[4,49,104],
[22,92,134],
[34,60,112],
[10,68,128],
[12,65,129],
[26,93,136],
[13,67,126],
[33,58,115],
[0,55,102],
[43,85,120],
[11,63,132],
[19,79,108],
[16,80,110],
[44,87,124],
[18,77,111],
[9,66,131],
[6,53,98],
[36,71,141],
[14,83,109],
[30,59,117],
[31,61,114],
[38,75,142],
[28,62,116],
[17,82,107]],

[[7,56,105],
[8,9,11],
[14,21,35],
[4,30,43],
[5,34,45],
[3,33,48],
[20,26,38],
[2,29,46],
[6,31,47],
[57,58,60],
[63,70,84],
[53,79,92],
[54,83,94],
[52,82,97],
[69,75,87],
[51,78,95],
[55,80,96],
[106,107,109],
[112,119,133],
[102,128,141],
[103,132,143],
[101,131,146],
[118,124,136],
[100,127,144],
[104,129,145],
[10,62,110],
[28,49,140],
[40,66,125],
[16,74,134],
[18,71,135],
[32,50,142],
[19,73,139],
[39,64,121],
[13,61,108],
[0,91,126],
[17,76,138],
[25,85,114],
[22,86,116],
[1,93,130],
[24,90,117],
[15,72,137],
[12,59,111],
[42,77,98],
[27,89,115],
[36,65,123],
[37,67,120],
[44,81,99],
[41,68,122],
[23,88,113]],

[[46,95,144],
[43,47,48],
[4,11,25],
[20,33,36],
[17,28,37],
[16,31,35],
[3,9,21],
[19,29,41],
[14,30,38],
[92,96,97],
[53,60,74],
[69,82,85],
[66,77,86],
[65,80,84],
[52,58,70],
[68,78,90],
[63,79,87],
[141,145,146],
[102,109,123],
[118,131,134],
[115,126,135],
[114,129,133],
[101,107,119],
[117,127,139],
[112,128,136],
[42,94,142],
[18,88,130],
[23,49,108],
[6,57,124],
[1,61,125],
[15,89,132],
[2,56,122],
[22,54,111],
[45,93,140],
[39,81,116],
[0,59,121],
[8,75,104],
[12,76,99],
[40,83,113],
[7,73,100],
[5,62,120],
[44,91,143],
[32,67,137],
[10,72,98],
[26,55,106],
[27,50,110],
[34,64,138],
[24,51,105],
[13,71,103]],

[[38,87,136],
[35,39,40],
[3,17,45],
[12,25,28],
[9,27,29],
[8,23,34],
[1,20,44],
[11,21,33],
[13,22,30],
[84,88,89],
[52,66,94],
[61,74,77],
[58,76,78],
[57,72,83],
[50,69,93],
[60,70,82],
[62,71,79],
[133,137,138],
[101,115,143],
[110,123,126],
[107,125,127],
[106,121,132],
[99,118,142],
[109,119,131],
[111,120,128],
[41,86,134],
[10,80,122],
[15,97,100],
[47,49,116],
[42,53,117],
[7,81,124],
[43,55,114],
[14,95,103],
[37,85,139],
[31,73,108],
[48,51,113],
[0,67,145],
[4,68,140],
[32,75,105],
[6,65,141],
[46,54,112],
[36,90,135],
[24,59,129],
[2,64,146],
[18,96,98],
[19,91,102],
[26,56,130],
[16,92,104],
[5,63,144]],

[[41,90,139],
[35,36,38],
[6,20,48],
[8,21,31],
[12,23,32],
[11,26,30],
[4,16,47],
[7,24,29],
[9,25,33],
[84,85,87],
[55,69,97],
[57,70,80],
[61,72,81],
[60,75,79],
[53,65,96],
[56,73,78],
[58,74,82],
[133,134,136],
[104,118,146],
[106,119,129],
[110,121,130],
[109,124,128],
[102,114,145],
[105,122,127],
[107,123,131],
[37,89,137],
[13,83,125],
[18,93,103],
[43,52,112],
[45,49,113],
[10,77,120],
[46,51,117],
[17,91,99],
[40,88,135],
[34,76,111],
[44,54,116],
[3,63,141],
[0,64,143],
[28,71,108],
[2,68,144],
[42,50,115],
[39,86,138],
[27,62,132],
[5,67,142],
[14,92,101],
[15,94,98],
[22,59,126],
[19,95,100],
[1,66,140]],

[[13,62,111],
[7,8,10],
[20,27,41],
[3,29,42],
[4,33,44],
[2,32,47],
[19,25,37],
[1,28,45],
[5,30,46],
[56,57,59],
[69,76,90],
[52,78,91],
[53,82,93],
[51,81,96],
[68,74,86],
[50,77,94],
[54,79,95],
[105,106,108],
[118,125,139],
[101,127,140],
[102,131,142],
[100,130,145],
[117,123,135],
[99,126,143],
[103,128,144],
[9,61,109],
[34,55,146],
[39,65,124],
[15,73,133],
[17,70,134],
[31,49,141],
[18,72,138],
[38,63,120],
[12,60,107],
[6,97,132],
[16,75,137],
[24,84,113],
[21,85,115],
[0,92,129],
[23,89,116],
[14,71,136],
[11,58,110],
[48,83,104],
[26,88,114],
[35,64,122],
[36,66,119],
[43,80,98],
[40,67,121],
[22,87,112]],

[[39,88,137],
[36,40,41],
[4,18,46],
[13,26,29],
[10,21,30],
[9,24,28],
[2,14,45],
[12,22,34],
[7,23,31],
[85,89,90],
[53,67,95],
[62,75,78],
[59,70,79],
[58,73,77],
[51,63,94],
[61,71,83],
[56,72,80],
[134,138,139],
[102,116,144],
[111,124,127],
[108,119,128],
[107,122,126],
[100,112,143],
[110,120,132],
[105,121,129],
[35,87,135],
[11,81,123],
[16,91,101],
[48,50,117],
[43,54,118],
[8,82,125],
[44,49,115],
[15,96,104],
[38,86,133],
[32,74,109],
[42,52,114],
[1,68,146],
[5,69,141],
[33,76,106],
[0,66,142],
[47,55,113],
[37,84,136],
[25,60,130],
[3,65,140],
[19,97,99],
[20,92,103],
[27,57,131],
[17,93,98],
[6,64,145]],

[[48,97,146],
[42,43,45],
[6,13,27],
[15,28,38],
[19,30,39],
[18,33,37],
[5,11,23],
[14,31,36],
[16,32,40],
[91,92,94],
[55,62,76],
[64,77,87],
[68,79,88],
[67,82,86],
[54,60,72],
[63,80,85],
[65,81,89],
[140,141,143],
[104,111,125],
[113,126,136],
[117,128,137],
[116,131,135],
[103,109,121],
[112,129,134],
[114,130,138],
[44,96,144],
[20,90,132],
[25,51,110],
[1,59,119],
[3,56,120],
[17,84,127],
[4,58,124],
[24,49,106],
[47,95,142],
[41,83,118],
[2,61,123],
[10,70,99],
[7,71,101],
[35,78,115],
[9,75,102],
[0,57,122],
[46,93,145],
[34,69,139],
[12,74,100],
[21,50,108],
[22,52,105],
[29,66,133],
[26,53,107],
[8,73,98]],

[[3,52,101],
[0,4,5],
[10,17,31],
[26,39,42],
[23,41,43],
[22,37,48],
[9,15,34],
[25,35,47],
[27,36,44],
[49,53,54],
[59,66,80],
[75,88,91],
[72,90,92],
[71,86,97],
[58,64,83],
[74,84,96],
[76,85,93],
[98,102,103],
[108,115,129],
[124,137,140],
[121,139,141],
[120,135,146],
[107,113,132],
[123,133,145],
[125,134,142],
[6,51,99],
[24,94,136],
[29,62,114],
[12,63,130],
[7,67,131],
[21,95,138],
[8,69,128],
[28,60,117],
[2,50,104],
[45,87,122],
[13,65,127],
[14,81,110],
[18,82,105],
[46,89,119],
[20,79,106],
[11,68,126],
[1,55,100],
[38,73,143],
[16,78,111],
[32,61,112],
[33,56,116],
[40,70,144],
[30,57,118],
[19,77,109]],

[[21,70,119],
[22,23,25],
[0,28,35],
[8,18,44],
[10,19,48],
[13,17,47],
[3,34,40],
[11,16,43],
[12,20,45],
[71,72,74],
[49,77,84],
[57,67,93],
[59,68,97],
[62,66,96],
[52,83,89],
[60,65,92],
[61,69,94],
[120,121,123],
[98,126,133],
[106,116,142],
[108,117,146],
[111,115,145],
[101,132,138],
[109,114,141],
[110,118,143],
[24,76,124],
[42,63,105],
[5,80,139],
[30,88,99],
[32,85,100],
[46,64,107],
[33,87,104],
[4,78,135],
[27,75,122],
[14,56,140],
[31,90,103],
[39,50,128],
[36,51,130],
[15,58,144],
[38,55,131],
[29,86,102],
[26,73,125],
[7,91,112],
[41,54,129],
[1,79,137],
[2,81,134],
[9,95,113],
[6,82,136],
[37,53,127]],

[[33,82,131],
[28,30,34],
[12,40,47],
[0,20,23],
[4,15,24],
[3,18,22],
[8,39,45],
[6,16,21],
[1,17,25],
[77,79,83],
[61,89,96],
[49,69,72],
[53,64,73],
[52,67,71],
[57,88,94],
[55,65,70],
[50,66,74],
[126,128,132],
[110,138,145],
[98,118,121],
[102,113,122],
[101,116,120],
[106,137,143],
[104,114,119],
[99,115,123],
[29,81,129],
[5,75,117],
[10,85,144],
[35,93,111],
[37,97,105],
[2,76,112],
[38,92,109],
[9,90,140],
[32,80,127],
[26,68,103],
[36,95,108],
[44,62,133],
[48,56,135],
[27,63,100],
[43,60,136],
[41,91,107],
[31,78,130],
[19,54,124],
[46,59,134],
[13,84,142],
[7,86,146],
[14,51,125],
[11,87,141],
[42,58,139]],

[[9,58,107],
[10,11,13],
[16,23,37],
[6,32,45],
[0,29,47],
[5,28,43],
[15,21,40],
[4,31,48],
[1,33,42],
[59,60,62],
[65,72,86],
[55,81,94],
[49,78,96],
[54,77,92],
[64,70,89],
[53,80,97],
[50,82,91],
[108,109,111],
[114,121,135],
[104,130,143],
[98,127,145],
[103,126,141],
[113,119,138],
[102,129,146],
[99,131,140],
[12,57,105],
[30,51,142],
[35,68,120],
[18,76,136],
[20,73,137],
[34,52,144],
[14,75,134],
[41,66,123],
[8,56,110],
[2,93,128],
[19,71,133],
[27,87,116],
[24,88,118],
[3,95,132],
[26,85,112],
[17,74,139],
[7,61,106],
[44,79,100],
[22,84,117],
[38,67,125],
[39,69,122],
[46,83,101],
[36,63,124],
[25,90,115]],

[[11,60,109],
[8,12,13],
[18,25,39],
[1,34,47],
[2,31,42],
[0,30,45],
[17,23,35],
[6,33,43],
[3,28,44],
[57,61,62],
[67,74,88],
[50,83,96],
[51,80,91],
[49,79,94],
[66,72,84],
[55,82,92],
[52,77,93],
[106,110,111],
[116,123,137],
[99,132,145],
[100,129,140],
[98,128,143],
[115,121,133],
[104,131,141],
[101,126,142],
[7,59,107],
[32,53,144],
[37,63,122],
[20,71,138],
[15,75,139],
[29,54,146],
[16,70,136],
[36,68,125],
[10,58,105],
[4,95,130],
[14,73,135],
[22,89,118],
[26,90,113],
[5,97,127],
[21,87,114],
[19,76,134],
[9,56,108],
[46,81,102],
[24,86,112],
[40,69,120],
[41,64,124],
[48,78,103],
[38,65,119],
[27,85,117]],

[[25,74,123],
[22,26,27],
[4,32,39],
[12,15,48],
[7,16,45],
[10,14,44],
[0,31,37],
[8,20,47],
[9,17,42],
[71,75,76],
[53,81,88],
[61,64,97],
[56,65,94],
[59,63,93],
[49,80,86],
[57,69,96],
[58,66,91],
[120,124,125],
[102,130,137],
[110,113,146],
[105,114,143],
[108,112,142],
[98,129,135],
[106,118,145],
[107,115,140],
[21,73,121],
[46,67,109],
[2,77,136],
[34,85,103],
[29,89,104],
[43,68,111],
[30,84,101],
[1,82,139],
[24,72,119],
[18,60,144],
[28,87,100],
[36,54,132],
[40,55,127],
[19,62,141],
[35,52,128],
[33,90,99],
[23,70,122],
[11,95,116],
[38,51,126],
[5,83,134],
[6,78,138],
[13,92,117],
[3,79,133],
[41,50,131]],

[[12,61,110],
[7,9,13],
[19,26,40],
[2,28,48],
[3,32,43],
[1,31,46],
[18,24,36],
[0,34,44],
[4,29,45],
[56,58,62],
[68,75,89],
[51,77,97],
[52,81,92],
[50,80,95],
[67,73,85],
[49,83,93],
[53,78,94],
[105,107,111],
[117,124,138],
[100,126,146],
[101,130,141],
[99,129,144],
[116,122,134],
[98,132,142],
[102,127,143],
[8,60,108],
[33,54,145],
[38,64,123],
[14,72,139],
[16,76,133],
[30,55,140],
[17,71,137],
[37,69,119],
[11,59,106],
[5,96,131],
[15,74,136],
[23,90,112],
[27,84,114],
[6,91,128],
[22,88,115],
[20,70,135],
[10,57,109],
[47,82,103],
[25,87,113],
[41,63,121],
[35,65,125],
[42,79,104],
[39,66,120],
[21,86,118]],

[[32,81,130],
[29,33,34],
[11,39,46],
[6,19,22],
[3,14,23],
[2,17,21],
[7,38,44],
[5,15,27],
[0,16,24],
[78,82,83],
[60,88,95],
[55,68,71],
[52,63,72],
[51,66,70],
[56,87,93],
[54,64,76],
[49,65,73],
[127,131,132],
[109,137,144],
[104,117,120],
[101,112,121],
[100,115,119],
[105,136,142],
[103,113,125],
[98,114,122],
[28,80,128],
[4,74,116],
[9,84,143],
[41,92,110],
[36,96,111],
[1,75,118],
[37,91,108],
[8,89,146],
[31,79,126],
[25,67,102],
[35,94,107],
[43,61,139],
[47,62,134],
[26,69,99],
[42,59,135],
[40,97,106],
[30,77,129],
[18,53,123],
[45,58,133],
[12,90,141],
[13,85,145],
[20,50,124],
[10,86,140],
[48,57,138]],

[[2,51,100],
[3,4,6],
[9,16,30],
[25,38,48],
[22,40,42],
[21,36,47],
[8,14,33],
[24,41,46],
[26,35,43],
[52,53,55],
[58,65,79],
[74,87,97],
[71,89,91],
[70,85,96],
[57,63,82],
[73,90,95],
[75,84,92],
[101,102,104],
[107,114,128],
[123,136,146],
[120,138,140],
[119,134,145],
[106,112,131],
[122,139,144],
[124,133,141],
[5,50,98],
[23,93,135],
[28,61,113],
[11,69,129],
[13,66,130],
[27,94,137],
[7,68,127],
[34,59,116],
[1,49,103],
[44,86,121],
[12,64,126],
[20,80,109],
[17,81,111],
[45,88,125],
[19,78,105],
[10,67,132],
[0,54,99],
[37,72,142],
[15,77,110],
[31,60,118],
[32,62,115],
[39,76,143],
[29,56,117],
[18,83,108]],

[[14,63,112],
[15,16,18],
[21,28,42],
[1,11,37],
[3,12,41],
[6,10,40],
[27,33,45],
[4,9,36],
[5,13,38],
[64,65,67],
[70,77,91],
[50,60,86],
[52,61,90],
[55,59,89],
[76,82,94],
[53,58,85],
[54,62,87],
[113,114,116],
[119,126,140],
[99,109,135],
[101,110,139],
[104,108,138],
[125,131,143],
[102,107,134],
[103,111,136],
[17,69,117],
[35,56,98],
[47,73,132],
[23,81,141],
[25,78,142],
[39,57,100],
[26,80,146],
[46,71,128],
[20,68,115],
[7,49,133],
[24,83,145],
[32,92,121],
[29,93,123],
[8,51,137],
[31,97,124],
[22,79,144],
[19,66,118],
[0,84,105],
[34,96,122],
[43,72,130],
[44,74,127],
[2,88,106],
[48,75,129],
[30,95,120]],

[[36,85,134],
[37,38,40],
[1,15,43],
[10,23,33],
[7,25,34],
[13,21,32],
[6,18,42],
[9,26,31],
[11,27,28],
[86,87,89],
[50,64,92],
[59,72,82],
[56,74,83],
[62,70,81],
[55,67,91],
[58,75,80],
[60,76,77],
[135,136,138],
[99,113,141],
[108,121,131],
[105,123,132],
[111,119,130],
[104,116,140],
[107,124,129],
[109,125,126],
[39,84,139],
[8,78,120],
[20,95,98],
[45,54,114],
[47,51,115],
[12,79,122],
[48,53,112],
[19,93,101],
[35,90,137],
[29,71,106],
[46,49,118],
[5,65,143],
[2,66,145],
[30,73,110],
[4,63,146],
[44,52,117],
[41,88,133],
[22,57,127],
[0,69,144],
[16,94,103],
[17,96,100],
[24,61,128],
[14,97,102],
[3,68,142]],

[[27,76,125],
[21,22,24],
[6,34,41],
[7,17,43],
[9,18,47],
[12,16,46],
[2,33,39],
[10,15,42],
[11,19,44],
[70,71,73],
[55,83,90],
[56,66,92],
[58,67,96],
[61,65,95],
[51,82,88],
[59,64,91],
[60,68,93],
[119,120,122],
[104,132,139],
[105,115,141],
[107,116,145],
[110,114,144],
[100,131,137],
[108,113,140],
[109,117,142],
[23,75,123],
[48,69,111],
[4,79,138],
[29,87,98],
[31,84,99],
[45,63,106],
[32,86,103],
[3,77,134],
[26,74,121],
[20,62,146],
[30,89,102],
[38,49,127],
[35,50,129],
[14,57,143],
[37,54,130],
[28,85,101],
[25,72,124],
[13,97,118],
[40,53,128],
[0,78,136],
[1,80,133],
[8,94,112],
[5,81,135],
[36,52,126]],

[[26,75,124],
[21,23,27],
[5,33,40],
[13,16,42],
[8,17,46],
[11,15,45],
[1,32,38],
[9,14,48],
[10,18,43],
[70,72,76],
[54,82,89],
[62,65,91],
[57,66,95],
[60,64,94],
[50,81,87],
[58,63,97],
[59,67,92],
[119,121,125],
[103,131,138],
[111,114,140],
[106,115,144],
[109,113,143],
[99,130,136],
[107,112,146],
[108,116,141],
[22,74,122],
[47,68,110],
[3,78,137],
[28,86,104],
[30,90,98],
[44,69,105],
[31,85,102],
[2,83,133],
[25,73,120],
[19,61,145],
[29,88,101],
[37,55,126],
[41,49,128],
[20,56,142],
[36,53,129],
[34,84,100],
[24,71,123],
[12,96,117],
[39,52,127],
[6,77,135],
[0,79,139],
[7,93,118],
[4,80,134],
[35,51,132]],

[[19,68,117],
[14,16,20],
[26,33,47],
[6,9,35],
[1,10,39],
[4,8,38],
[25,31,43],
[2,7,41],
[3,11,36],
[63,65,69],
[75,82,96],
[55,58,84],
[50,59,88],
[53,57,87],
[74,80,92],
[51,56,90],
[52,60,85],
[112,114,118],
[124,131,145],
[104,107,133],
[99,108,137],
[102,106,136],
[123,129,141],
[100,105,139],
[101,109,134],
[15,67,115],
[40,61,103],
[45,71,130],
[21,79,146],
[23,83,140],
[37,62,98],
[24,78,144],
[44,76,126],
[18,66,113],
[12,54,138],
[22,81,143],
[30,97,119],
[34,91,121],
[13,49,135],
[29,95,122],
[27,77,142],
[17,64,116],
[5,89,110],
[32,94,120],
[48,70,128],
[42,72,132],
[0,86,111],
[46,73,127],
[28,93,125]],

[[22,71,120],
[23,24,26],
[1,29,36],
[9,19,45],
[11,20,42],
[7,18,48],
[4,28,41],
[12,17,44],
[13,14,46],
[72,73,75],
[50,78,85],
[58,68,94],
[60,69,91],
[56,67,97],
[53,77,90],
[61,66,93],
[62,63,95],
[121,122,124],
[99,127,134],
[107,117,143],
[109,118,140],
[105,116,146],
[102,126,139],
[110,115,142],
[111,112,144],
[25,70,125],
[43,64,106],
[6,81,133],
[31,89,100],
[33,86,101],
[47,65,108],
[34,88,98],
[5,79,136],
[21,76,123],
[15,57,141],
[32,84,104],
[40,51,129],
[37,52,131],
[16,59,145],
[39,49,132],
[30,87,103],
[27,74,119],
[8,92,113],
[35,55,130],
[2,80,138],
[3,82,135],
[10,96,114],
[0,83,137],
[38,54,128]],

[[40,89,138],
[35,37,41],
[5,19,47],
[7,27,30],
[11,22,31],
[10,25,29],
[3,15,46],
[13,23,28],
[8,24,32],
[84,86,90],
[54,68,96],
[56,76,79],
[60,71,80],
[59,74,78],
[52,64,95],
[62,72,77],
[57,73,81],
[133,135,139],
[103,117,145],
[105,125,128],
[109,120,129],
[108,123,127],
[101,113,144],
[111,121,126],
[106,122,130],
[36,88,136],
[12,82,124],
[17,92,102],
[42,51,118],
[44,55,112],
[9,83,119],
[45,50,116],
[16,97,98],
[39,87,134],
[33,75,110],
[43,53,115],
[2,69,140],
[6,63,142],
[34,70,107],
[1,67,143],
[48,49,114],
[38,85,137],
[26,61,131],
[4,66,141],
[20,91,100],
[14,93,104],
[21,58,132],
[18,94,99],
[0,65,146]],

[[6,55,104],
[0,1,3],
[13,20,34],
[22,35,45],
[26,37,46],
[25,40,44],
[12,18,30],
[21,38,43],
[23,39,47],
[49,50,52],
[62,69,83],
[71,84,94],
[75,86,95],
[74,89,93],
[61,67,79],
[70,87,92],
[72,88,96],
[98,99,101],
[111,118,132],
[120,133,143],
[124,135,144],
[123,138,142],
[110,116,128],
[119,136,141],
[121,137,145],
[2,54,102],
[27,97,139],
[32,58,117],
[8,66,126],
[10,63,127],
[24,91,134],
[11,65,131],
[31,56,113],
[5,53,100],
[48,90,125],
[9,68,130],
[17,77,106],
[14,78,108],
[42,85,122],
[16,82,109],
[7,64,129],
[4,51,103],
[41,76,146],
[19,81,107],
[28,57,115],
[29,59,112],
[36,73,140],
[33,60,114],
[15,80,105]],

[[42,91,140],
[43,44,46],
[0,7,21],
[16,29,39],
[20,31,40],
[19,34,38],
[6,12,24],
[15,32,37],
[17,33,41],
[92,93,95],
[49,56,70],
[65,78,88],
[69,80,89],
[68,83,87],
[55,61,73],
[64,81,86],
[66,82,90],
[141,142,144],
[98,105,119],
[114,127,137],
[118,129,138],
[117,132,136],
[104,110,122],
[113,130,135],
[115,131,139],
[45,97,145],
[14,84,126],
[26,52,111],
[2,60,120],
[4,57,121],
[18,85,128],
[5,59,125],
[25,50,107],
[48,96,143],
[35,77,112],
[3,62,124],
[11,71,100],
[8,72,102],
[36,79,116],
[10,76,103],
[1,58,123],
[47,94,146],
[28,63,133],
[13,75,101],
[22,51,109],
[23,53,106],
[30,67,134],
[27,54,108],
[9,74,99]],

[[10,59,108],
[7,11,12],
[17,24,38],
[0,33,46],
[1,30,48],
[6,29,44],
[16,22,41],
[5,32,42],
[2,34,43],
[56,60,61],
[66,73,87],
[49,82,95],
[50,79,97],
[55,78,93],
[65,71,90],
[54,81,91],
[51,83,92],
[105,109,110],
[115,122,136],
[98,131,144],
[99,128,146],
[104,127,142],
[114,120,139],
[103,130,140],
[100,132,141],
[13,58,106],
[31,52,143],
[36,69,121],
[19,70,137],
[14,74,138],
[28,53,145],
[15,76,135],
[35,67,124],
[9,57,111],
[3,94,129],
[20,72,134],
[21,88,117],
[25,89,112],
[4,96,126],
[27,86,113],
[18,75,133],
[8,62,107],
[45,80,101],
[23,85,118],
[39,68,119],
[40,63,123],
[47,77,102],
[37,64,125],
[26,84,116]],

[[18,67,116],
[15,19,20],
[25,32,46],
[5,8,41],
[0,9,38],
[3,7,37],
[24,30,42],
[1,13,40],
[2,10,35],
[64,68,69],
[74,81,95],
[54,57,90],
[49,58,87],
[52,56,86],
[73,79,91],
[50,62,89],
[51,59,84],
[113,117,118],
[123,130,144],
[103,106,139],
[98,107,136],
[101,105,135],
[122,128,140],
[99,111,138],
[100,108,133],
[14,66,114],
[39,60,102],
[44,70,129],
[27,78,145],
[22,82,146],
[36,61,104],
[23,77,143],
[43,75,132],
[17,65,112],
[11,53,137],
[21,80,142],
[29,96,125],
[33,97,120],
[12,55,134],
[28,94,121],
[26,83,141],
[16,63,115],
[4,88,109],
[31,93,119],
[47,76,127],
[48,71,131],
[6,85,110],
[45,72,126],
[34,92,124]],

[[15,64,113],
[16,17,19],
[22,29,43],
[2,12,38],
[4,13,35],
[0,11,41],
[21,34,46],
[5,10,37],
[6,7,39],
[65,66,68],
[71,78,92],
[51,61,87],
[53,62,84],
[49,60,90],
[70,83,95],
[54,59,86],
[55,56,88],
[114,115,117],
[120,127,141],
[100,110,136],
[102,111,133],
[98,109,139],
[119,132,144],
[103,108,135],
[104,105,137],
[18,63,118],
[36,57,99],
[48,74,126],
[24,82,142],
[26,79,143],
[40,58,101],
[27,81,140],
[47,72,129],
[14,69,116],
[8,50,134],
[25,77,146],
[33,93,122],
[30,94,124],
[9,52,138],
[32,91,125],
[23,80,145],
[20,67,112],
[1,85,106],
[28,97,123],
[44,73,131],
[45,75,128],
[3,89,107],
[42,76,130],
[31,96,121]],

[[43,92,141],
[44,45,47],
[1,8,22],
[17,30,40],
[14,32,41],
[20,28,39],
[0,13,25],
[16,33,38],
[18,34,35],
[93,94,96],
[50,57,71],
[66,79,89],
[63,81,90],
[69,77,88],
[49,62,74],
[65,82,87],
[67,83,84],
[142,143,145],
[99,106,120],
[115,128,138],
[112,130,139],
[118,126,137],
[98,111,123],
[114,131,136],
[116,132,133],
[46,91,146],
[15,85,127],
[27,53,105],
[3,61,121],
[5,58,122],
[19,86,129],
[6,60,119],
[26,51,108],
[42,97,144],
[36,78,113],
[4,56,125],
[12,72,101],
[9,73,103],
[37,80,117],
[11,70,104],
[2,59,124],
[48,95,140],
[29,64,134],
[7,76,102],
[23,52,110],
[24,54,107],
[31,68,135],
[21,55,109],
[10,75,100]],

[[17,66,115],
[14,18,19],
[24,31,45],
[4,7,40],
[6,8,37],
[2,13,36],
[23,29,48],
[0,12,39],
[1,9,41],
[63,67,68],
[73,80,94],
[53,56,89],
[55,57,86],
[51,62,85],
[72,78,97],
[49,61,88],
[50,58,90],
[112,116,117],
[122,129,143],
[102,105,138],
[104,106,135],
[100,111,134],
[121,127,146],
[98,110,137],
[99,107,139],
[20,65,113],
[38,59,101],
[43,76,128],
[26,77,144],
[21,81,145],
[35,60,103],
[22,83,142],
[42,74,131],
[16,64,118],
[10,52,136],
[27,79,141],
[28,95,124],
[32,96,119],
[11,54,133],
[34,93,120],
[25,82,140],
[15,69,114],
[3,87,108],
[30,92,125],
[46,75,126],
[47,70,130],
[5,84,109],
[44,71,132],
[33,91,123]],

[[8,57,106],
[9,10,12],
[15,22,36],
[5,31,44],
[6,28,46],
[4,34,42],
[14,27,39],
[3,30,47],
[0,32,48],
[58,59,61],
[64,71,85],
[54,80,93],
[55,77,95],
[53,83,91],
[63,76,88],
[52,79,96],
[49,81,97],
[107,108,110],
[113,120,134],
[103,129,142],
[104,126,144],
[102,132,140],
[112,125,137],
[101,128,145],
[98,130,146],
[11,56,111],
[29,50,141],
[41,67,119],
[17,75,135],
[19,72,136],
[33,51,143],
[20,74,133],
[40,65,122],
[7,62,109],
[1,92,127],
[18,70,139],
[26,86,115],
[23,87,117],
[2,94,131],
[25,84,118],
[16,73,138],
[13,60,105],
[43,78,99],
[21,90,116],
[37,66,124],
[38,68,121],
[45,82,100],
[35,69,123],
[24,89,114]],

[[4,53,102],
[1,5,6],
[11,18,32],
[27,40,43],
[24,35,44],
[23,38,42],
[10,16,28],
[26,36,48],
[21,37,45],
[50,54,55],
[60,67,81],
[76,89,92],
[73,84,93],
[72,87,91],
[59,65,77],
[75,85,97],
[70,86,94],
[99,103,104],
[109,116,130],
[125,138,141],
[122,133,142],
[121,136,140],
[108,114,126],
[124,134,146],
[119,135,143],
[0,52,100],
[25,95,137],
[30,56,115],
[13,64,131],
[8,68,132],
[22,96,139],
[9,63,129],
[29,61,118],
[3,51,98],
[46,88,123],
[7,66,128],
[15,82,111],
[19,83,106],
[47,90,120],
[14,80,107],
[12,69,127],
[2,49,101],
[39,74,144],
[17,79,105],
[33,62,113],
[34,57,117],
[41,71,145],
[31,58,112],
[20,78,110]],

[[28,77,126],
[29,30,32],
[7,35,42],
[2,15,25],
[6,17,26],
[5,20,24],
[10,41,47],
[1,18,23],
[3,19,27],
[78,79,81],
[56,84,91],
[51,64,74],
[55,66,75],
[54,69,73],
[59,90,96],
[50,67,72],
[52,68,76],
[127,128,130],
[105,133,140],
[100,113,123],
[104,115,124],
[103,118,122],
[108,139,145],
[99,116,121],
[101,117,125],
[31,83,131],
[0,70,112],
[12,87,146],
[37,95,106],
[39,92,107],
[4,71,114],
[40,94,111],
[11,85,142],
[34,82,129],
[21,63,98],
[38,97,110],
[46,57,135],
[43,58,137],
[22,65,102],
[45,62,138],
[36,93,109],
[33,80,132],
[14,49,119],
[48,61,136],
[8,86,144],
[9,88,141],
[16,53,120],
[13,89,143],
[44,60,134]],

[[23,72,121],
[24,25,27],
[2,30,37],
[10,20,46],
[12,14,43],
[8,19,42],
[5,29,35],
[13,18,45],
[7,15,47],
[73,74,76],
[51,79,86],
[59,69,95],
[61,63,92],
[57,68,91],
[54,78,84],
[62,67,94],
[56,64,96],
[122,123,125],
[100,128,135],
[108,118,144],
[110,112,141],
[106,117,140],
[103,127,133],
[111,116,143],
[105,113,145],
[26,71,119],
[44,65,107],
[0,82,134],
[32,90,101],
[34,87,102],
[48,66,109],
[28,89,99],
[6,80,137],
[22,70,124],
[16,58,142],
[33,85,98],
[41,52,130],
[38,53,132],
[17,60,146],
[40,50,126],
[31,88,104],
[21,75,120],
[9,93,114],
[36,49,131],
[3,81,139],
[4,83,136],
[11,97,115],
[1,77,138],
[39,55,129]],

[[47,96,145],
[42,44,48],
[5,12,26],
[14,34,37],
[18,29,38],
[17,32,36],
[4,10,22],
[20,30,35],
[15,31,39],
[91,93,97],
[54,61,75],
[63,83,86],
[67,78,87],
[66,81,85],
[53,59,71],
[69,79,84],
[64,80,88],
[140,142,146],
[103,110,124],
[112,132,135],
[116,127,136],
[115,130,134],
[102,108,120],
[118,128,133],
[113,129,137],
[43,95,143],
[19,89,131],
[24,50,109],
[0,58,125],
[2,62,119],
[16,90,126],
[3,57,123],
[23,55,105],
[46,94,141],
[40,82,117],
[1,60,122],
[9,76,98],
[13,70,100],
[41,77,114],
[8,74,101],
[6,56,121],
[45,92,144],
[33,68,138],
[11,73,99],
[27,49,107],
[21,51,111],
[28,65,139],
[25,52,106],
[7,72,104]],

[[45,94,143],
[42,46,47],
[3,10,24],
[19,32,35],
[16,34,36],
[15,30,41],
[2,8,27],
[18,28,40],
[20,29,37],
[91,95,96],
[52,59,73],
[68,81,84],
[65,83,85],
[64,79,90],
[51,57,76],
[67,77,89],
[69,78,86],
[140,144,145],
[101,108,122],
[117,130,133],
[114,132,134],
[113,128,139],
[100,106,125],
[116,126,138],
[118,127,135],
[48,93,141],
[17,87,129],
[22,55,107],
[5,56,123],
[0,60,124],
[14,88,131],
[1,62,121],
[21,53,110],
[44,92,146],
[38,80,115],
[6,58,120],
[7,74,103],
[11,75,98],
[39,82,112],
[13,72,99],
[4,61,119],
[43,97,142],
[31,66,136],
[9,71,104],
[25,54,105],
[26,49,109],
[33,63,137],
[23,50,111],
[12,70,102]],

[[31,80,129],
[28,32,33],
[10,38,45],
[5,18,21],
[2,20,22],
[1,16,27],
[13,37,43],
[4,14,26],
[6,15,23],
[77,81,82],
[59,87,94],
[54,67,70],
[51,69,71],
[50,65,76],
[62,86,92],
[53,63,75],
[55,64,72],
[126,130,131],
[108,136,143],
[103,116,119],
[100,118,120],
[99,114,125],
[111,135,141],
[102,112,124],
[104,113,121],
[34,79,127],
[3,73,115],
[8,90,142],
[40,91,109],
[35,95,110],
[0,74,117],
[36,97,107],
[7,88,145],
[30,78,132],
[24,66,101],
[41,93,106],
[42,60,138],
[46,61,133],
[25,68,98],
[48,58,134],
[39,96,105],
[29,83,128],
[17,52,122],
[44,57,139],
[11,89,140],
[12,84,144],
[19,49,123],
[9,85,146],
[47,56,137]],

[[44,93,142],
[45,46,48],
[2,9,23],
[18,31,41],
[15,33,35],
[14,29,40],
[1,7,26],
[17,34,39],
[19,28,36],
[94,95,97],
[51,58,72],
[67,80,90],
[64,82,84],
[63,78,89],
[50,56,75],
[66,83,88],
[68,77,85],
[143,144,146],
[100,107,121],
[116,129,139],
[113,131,133],
[112,127,138],
[99,105,124],
[115,132,137],
[117,126,134],
[47,92,140],
[16,86,128],
[21,54,106],
[4,62,122],
[6,59,123],
[20,87,130],
[0,61,120],
[27,52,109],
[43,91,145],
[37,79,114],
[5,57,119],
[13,73,102],
[10,74,104],
[38,81,118],
[12,71,98],
[3,60,125],
[42,96,141],
[30,65,135],
[8,70,103],
[24,53,111],
[25,55,108],
[32,69,136],
[22,49,110],
[11,76,101]],

[[24,73,122],
[21,25,26],
[3,31,38],
[11,14,47],
[13,15,44],
[9,20,43],
[6,30,36],
[7,19,46],
[8,16,48],
[70,74,75],
[52,80,87],
[60,63,96],
[62,64,93],
[58,69,92],
[55,79,85],
[56,68,95],
[57,65,97],
[119,123,124],
[101,129,136],
[109,112,145],
[111,113,142],
[107,118,141],
[104,128,134],
[105,117,144],
[106,114,146],
[27,72,120],
[45,66,108],
[1,83,135],
[33,84,102],
[28,88,103],
[42,67,110],
[29,90,100],
[0,81,138],
[23,71,125],
[17,59,143],
[34,86,99],
[35,53,131],
[39,54,126],
[18,61,140],
[41,51,127],
[32,89,98],
[22,76,121],
[10,94,115],
[37,50,132],
[4,82,133],
[5,77,137],
[12,91,116],
[2,78,139],
[40,49,130]],

[[5,54,103],
[0,2,6],
[12,19,33],
[21,41,44],
[25,36,45],
[24,39,43],
[11,17,29],
[27,37,42],
[22,38,46],
[49,51,55],
[61,68,82],
[70,90,93],
[74,85,94],
[73,88,92],
[60,66,78],
[76,86,91],
[71,87,95],
[98,100,104],
[110,117,131],
[119,139,142],
[123,134,143],
[122,137,141],
[109,115,127],
[125,135,140],
[120,136,144],
[1,53,101],
[26,96,138],
[31,57,116],
[7,65,132],
[9,69,126],
[23,97,133],
[10,64,130],
[30,62,112],
[4,52,99],
[47,89,124],
[8,67,129],
[16,83,105],
[20,77,107],
[48,84,121],
[15,81,108],
[13,63,128],
[3,50,102],
[40,75,145],
[18,80,106],
[34,56,114],
[28,58,118],
[35,72,146],
[32,59,113],
[14,79,111]],

[[35,84,133],
[36,37,39],
[0,14,42],
[9,22,32],
[13,24,33],
[12,27,31],
[5,17,48],
[8,25,30],
[10,26,34],
[85,86,88],
[49,63,91],
[58,71,81],
[62,73,82],
[61,76,80],
[54,66,97],
[57,74,79],
[59,75,83],
[134,135,137],
[98,112,140],
[107,120,130],
[111,122,131],
[110,125,129],
[103,115,146],
[106,123,128],
[108,124,132],
[38,90,138],
[7,77,119],
[19,94,104],
[44,53,113],
[46,50,114],
[11,78,121],
[47,52,118],
[18,92,100],
[41,89,136],
[28,70,105],
[45,55,117],
[4,64,142],
[1,65,144],
[29,72,109],
[3,69,145],
[43,51,116],
[40,87,139],
[21,56,126],
[6,68,143],
[15,93,102],
[16,95,99],
[23,60,127],
[20,96,101],
[2,67,141]],

[[20,69,118],
[14,15,17],
[27,34,48],
[0,10,36],
[2,11,40],
[5,9,39],
[26,32,44],
[3,8,35],
[4,12,37],
[63,64,66],
[76,83,97],
[49,59,85],
[51,60,89],
[54,58,88],
[75,81,93],
[52,57,84],
[53,61,86],
[112,113,115],
[125,132,146],
[98,108,134],
[100,109,138],
[103,107,137],
[124,130,142],
[101,106,133],
[102,110,135],
[16,68,116],
[41,62,104],
[46,72,131],
[22,80,140],
[24,77,141],
[38,56,99],
[25,79,145],
[45,70,127],
[19,67,114],
[13,55,139],
[23,82,144],
[31,91,120],
[28,92,122],
[7,50,136],
[30,96,123],
[21,78,143],
[18,65,117],
[6,90,111],
[33,95,121],
[42,71,129],
[43,73,126],
[1,87,105],
[47,74,128],
[29,94,119]],

[[29,78,127],
[30,31,33],
[8,36,43],
[3,16,26],
[0,18,27],
[6,14,25],
[11,35,48],
[2,19,24],
[4,20,21],
[79,80,82],
[57,85,92],
[52,65,75],
[49,67,76],
[55,63,74],
[60,84,97],
[51,68,73],
[53,69,70],
[128,129,131],
[106,134,141],
[101,114,124],
[98,116,125],
[104,112,123],
[109,133,146],
[100,117,122],
[102,118,119],
[32,77,132],
[1,71,113],
[13,88,140],
[38,96,107],
[40,93,108],
[5,72,115],
[41,95,105],
[12,86,143],
[28,83,130],
[22,64,99],
[39,91,111],
[47,58,136],
[44,59,138],
[23,66,103],
[46,56,139],
[37,94,110],
[34,81,126],
[15,50,120],
[42,62,137],
[9,87,145],
[10,89,142],
[17,54,121],
[7,90,144],
[45,61,135]],

[[30,79,128],
[31,32,34],
[9,37,44],
[4,17,27],
[1,19,21],
[0,15,26],
[12,36,42],
[3,20,25],
[5,14,22],
[80,81,83],
[58,86,93],
[53,66,76],
[50,68,70],
[49,64,75],
[61,85,91],
[52,69,74],
[54,63,71],
[129,130,132],
[107,135,142],
[102,115,125],
[99,117,119],
[98,113,124],
[110,134,140],
[101,118,123],
[103,112,120],
[33,78,126],
[2,72,114],
[7,89,141],
[39,97,108],
[41,94,109],
[6,73,116],
[35,96,106],
[13,87,144],
[29,77,131],
[23,65,100],
[40,92,105],
[48,59,137],
[45,60,139],
[24,67,104],
[47,57,133],
[38,95,111],
[28,82,127],
[16,51,121],
[43,56,138],
[10,88,146],
[11,90,143],
[18,55,122],
[8,84,145],
[46,62,136]],

[[37,86,135],
[38,39,41],
[2,16,44],
[11,24,34],
[8,26,28],
[7,22,33],
[0,19,43],
[10,27,32],
[12,21,29],
[87,88,90],
[51,65,93],
[60,73,83],
[57,75,77],
[56,71,82],
[49,68,92],
[59,76,81],
[61,70,78],
[136,137,139],
[100,114,142],
[109,122,132],
[106,124,126],
[105,120,131],
[98,117,141],
[108,125,130],
[110,119,127],
[40,85,133],
[9,79,121],
[14,96,99],
[46,55,115],
[48,52,116],
[13,80,123],
[42,54,113],
[20,94,102],
[36,84,138],
[30,72,107],
[47,50,112],
[6,66,144],
[3,67,146],
[31,74,111],
[5,64,140],
[45,53,118],
[35,89,134],
[23,58,128],
[1,63,145],
[17,95,104],
[18,97,101],
[25,62,129],
[15,91,103],
[4,69,143]],

[[34,83,132],
[28,29,31],
[13,41,48],
[1,14,24],
[5,16,25],
[4,19,23],
[9,40,46],
[0,17,22],
[2,18,26],
[77,78,80],
[62,90,97],
[50,63,73],
[54,65,74],
[53,68,72],
[58,89,95],
[49,66,71],
[51,67,75],
[126,127,129],
[111,139,146],
[99,112,122],
[103,114,123],
[102,117,121],
[107,138,144],
[98,115,120],
[100,116,124],
[30,82,130],
[6,76,118],
[11,86,145],
[36,94,105],
[38,91,106],
[3,70,113],
[39,93,110],
[10,84,141],
[33,81,128],
[27,69,104],
[37,96,109],
[45,56,134],
[42,57,136],
[21,64,101],
[44,61,137],
[35,92,108],
[32,79,131],
[20,55,125],
[47,60,135],
[7,85,143],
[8,87,140],
[15,52,119],
[12,88,142],
[43,59,133]],

[[16,65,114],
[17,18,20],
[23,30,44],
[3,13,39],
[5,7,36],
[1,12,35],
[22,28,47],
[6,11,38],
[0,8,40],
[66,67,69],
[72,79,93],
[52,62,88],
[54,56,85],
[50,61,84],
[71,77,96],
[55,60,87],
[49,57,89],
[115,116,118],
[121,128,142],
[101,111,137],
[103,105,134],
[99,110,133],
[120,126,145],
[104,109,136],
[98,106,138],
[19,64,112],
[37,58,100],
[42,75,127],
[25,83,143],
[27,80,144],
[41,59,102],
[21,82,141],
[48,73,130],
[15,63,117],
[9,51,135],
[26,78,140],
[34,94,123],
[31,95,125],
[10,53,139],
[33,92,119],
[24,81,146],
[14,68,113],
[2,86,107],
[29,91,124],
[45,74,132],
[46,76,129],
[4,90,108],
[43,70,131],
[32,97,122]],

[[1,51,102],
[2,52,103],
[8,58,109],
[47,97,141],
[39,89,133],
[35,85,136],
[7,57,108],
[40,90,134],
[42,92,143],
[4,54,98],
[22,72,123],
[34,77,128],
[10,60,111],
[12,62,106],
[26,76,120],
[13,56,107],
[33,83,127],
[3,53,104],
[15,65,116],
[37,87,138],
[21,71,122],
[27,70,121],
[20,63,114],
[23,73,124],
[41,84,135],
[0,50,101],
[43,93,144],
[11,61,105],
[19,69,113],
[16,66,117],
[44,94,145],
[18,68,112],
[9,59,110],
[5,55,99],
[29,79,130],
[24,74,125],
[48,91,142],
[46,96,140],
[32,82,126],
[45,95,146],
[25,75,119],
[6,49,100],
[36,86,137],
[14,64,115],
[30,80,131],
[31,81,132],
[38,88,139],
[28,78,129],
[17,67,118]],

[[7,63,126],
[8,64,127],
[14,70,133],
[4,60,123],
[45,52,115],
[48,55,118],
[20,76,139],
[46,53,116],
[6,62,125],
[10,66,129],
[28,84,98],
[40,96,110],
[16,72,135],
[18,74,137],
[32,88,102],
[19,75,138],
[39,95,109],
[9,65,128],
[21,77,140],
[43,50,113],
[34,90,104],
[33,89,103],
[26,82,145],
[29,85,99],
[47,54,117],
[13,69,132],
[0,56,119],
[17,73,136],
[25,81,144],
[22,78,141],
[1,57,120],
[24,80,143],
[15,71,134],
[11,67,130],
[35,91,105],
[30,86,100],
[5,61,124],
[3,59,122],
[38,94,108],
[2,58,121],
[31,87,101],
[12,68,131],
[42,49,112],
[27,83,146],
[36,92,106],
[37,93,107],
[44,51,114],
[41,97,111],
[23,79,142]],

[[46,85,121],
[47,86,122],
[4,92,128],
[36,82,118],
[28,74,110],
[31,70,106],
[3,91,127],
[29,75,111],
[38,77,113],
[42,88,124],
[18,57,142],
[23,69,98],
[6,94,130],
[1,96,132],
[15,61,146],
[2,97,126],
[22,68,104],
[48,87,123],
[11,50,135],
[33,72,108],
[17,56,141],
[16,62,140],
[9,55,133],
[19,58,143],
[30,76,105],
[45,84,120],
[39,78,114],
[0,95,131],
[8,54,139],
[12,51,136],
[40,79,115],
[7,53,138],
[5,93,129],
[43,89,125],
[25,64,100],
[20,59,144],
[37,83,112],
[35,81,117],
[21,67,103],
[41,80,116],
[14,60,145],
[44,90,119],
[32,71,107],
[10,49,134],
[26,65,101],
[27,66,102],
[34,73,109],
[24,63,99],
[13,52,137]],

[[38,76,145],
[39,70,146],
[45,83,103],
[28,66,135],
[27,58,127],
[23,61,130],
[44,82,102],
[21,59,128],
[30,68,137],
[41,72,141],
[10,97,117],
[15,53,122],
[47,78,98],
[42,80,100],
[7,94,114],
[43,81,101],
[14,52,121],
[40,71,140],
[3,90,110],
[25,56,132],
[9,96,116],
[8,95,115],
[1,88,108],
[11,91,118],
[22,60,129],
[37,75,144],
[31,69,138],
[48,79,99],
[0,87,107],
[4,84,111],
[32,63,139],
[6,86,106],
[46,77,104],
[35,73,142],
[17,55,124],
[12,92,112],
[29,67,136],
[34,65,134],
[20,51,120],
[33,64,133],
[13,93,113],
[36,74,143],
[24,62,131],
[2,89,109],
[18,49,125],
[19,50,119],
[26,57,126],
[16,54,123],
[5,85,105]],

[[41,75,143],
[35,76,144],
[48,82,101],
[31,65,133],
[23,57,132],
[26,60,128],
[47,81,100],
[24,58,126],
[33,67,135],
[37,71,146],
[13,96,115],
[18,52,120],
[43,77,103],
[45,79,98],
[10,93,112],
[46,80,99],
[17,51,119],
[36,70,145],
[6,89,108],
[21,62,130],
[12,95,114],
[11,94,113],
[4,87,106],
[7,97,116],
[25,59,127],
[40,74,142],
[34,68,136],
[44,78,104],
[3,86,105],
[0,90,109],
[28,69,137],
[2,85,111],
[42,83,102],
[38,72,140],
[20,54,122],
[8,91,117],
[32,66,134],
[30,64,139],
[16,50,125],
[29,63,138],
[9,92,118],
[39,73,141],
[27,61,129],
[5,88,107],
[14,55,123],
[15,49,124],
[22,56,131],
[19,53,121],
[1,84,110]],

[[13,68,129],
[7,69,130],
[20,75,136],
[3,58,119],
[44,50,118],
[47,53,114],
[19,74,135],
[45,51,112],
[5,60,121],
[9,64,132],
[34,89,101],
[39,94,106],
[15,70,138],
[17,72,133],
[31,86,98],
[18,73,134],
[38,93,105],
[8,63,131],
[27,82,143],
[42,55,116],
[33,88,100],
[32,87,99],
[25,80,141],
[28,90,102],
[46,52,113],
[12,67,128],
[6,61,122],
[16,71,139],
[24,79,140],
[21,83,144],
[0,62,123],
[23,78,146],
[14,76,137],
[10,65,126],
[41,96,108],
[29,84,103],
[4,59,120],
[2,57,125],
[37,92,111],
[1,56,124],
[30,85,104],
[11,66,127],
[48,54,115],
[26,81,142],
[35,97,109],
[36,91,110],
[43,49,117],
[40,95,107],
[22,77,145]],

[[39,71,142],
[40,72,143],
[46,78,100],
[29,68,139],
[21,60,131],
[24,56,127],
[45,77,99],
[22,61,132],
[31,63,134],
[35,74,145],
[11,92,114],
[16,55,119],
[48,80,102],
[43,82,104],
[8,96,118],
[44,83,98],
[15,54,125],
[41,73,144],
[4,85,107],
[26,58,129],
[10,91,113],
[9,97,112],
[2,90,105],
[12,93,115],
[23,62,126],
[38,70,141],
[32,64,135],
[42,81,103],
[1,89,111],
[5,86,108],
[33,65,136],
[0,88,110],
[47,79,101],
[36,75,146],
[18,50,121],
[13,94,116],
[30,69,133],
[28,67,138],
[14,53,124],
[34,66,137],
[7,95,117],
[37,76,140],
[25,57,128],
[3,84,106],
[19,51,122],
[20,52,123],
[27,59,130],
[17,49,120],
[6,87,109]],

[[48,89,122],
[42,90,123],
[6,96,129],
[38,79,112],
[30,71,111],
[33,74,107],
[5,95,128],
[31,72,105],
[40,81,114],
[44,85,125],
[20,61,143],
[25,66,99],
[1,91,131],
[3,93,126],
[17,58,140],
[4,94,127],
[24,65,98],
[43,84,124],
[13,54,136],
[28,76,109],
[19,60,142],
[18,59,141],
[11,52,134],
[14,62,144],
[32,73,106],
[47,88,121],
[41,82,115],
[2,92,132],
[10,51,133],
[7,55,137],
[35,83,116],
[9,50,139],
[0,97,130],
[45,86,119],
[27,68,101],
[15,56,145],
[39,80,113],
[37,78,118],
[23,64,104],
[36,77,117],
[16,57,146],
[46,87,120],
[34,75,108],
[12,53,135],
[21,69,102],
[22,63,103],
[29,70,110],
[26,67,100],
[8,49,138]],

[[2,53,99],
[3,54,100],
[9,60,106],
[48,92,145],
[40,84,137],
[36,87,133],
[8,59,105],
[41,85,138],
[43,94,140],
[5,49,102],
[23,74,120],
[28,79,132],
[11,62,108],
[13,57,110],
[27,71,124],
[7,58,111],
[34,78,131],
[4,55,101],
[16,67,113],
[38,89,135],
[22,73,119],
[21,72,125],
[14,65,118],
[24,75,121],
[35,86,139],
[1,52,98],
[44,95,141],
[12,56,109],
[20,64,117],
[17,68,114],
[45,96,142],
[19,63,116],
[10,61,107],
[6,50,103],
[30,81,127],
[25,76,122],
[42,93,146],
[47,91,144],
[33,77,130],
[46,97,143],
[26,70,123],
[0,51,104],
[37,88,134],
[15,66,112],
[31,82,128],
[32,83,129],
[39,90,136],
[29,80,126],
[18,69,115]],

[[14,77,105],
[15,78,106],
[21,84,112],
[11,74,102],
[3,66,143],
[6,69,146],
[27,90,118],
[4,67,144],
[13,76,104],
[17,80,108],
[35,49,126],
[47,61,138],
[23,86,114],
[25,88,116],
[39,53,130],
[26,89,117],
[46,60,137],
[16,79,107],
[28,91,119],
[1,64,141],
[41,55,132],
[40,54,131],
[33,96,124],
[36,50,127],
[5,68,145],
[20,83,111],
[7,70,98],
[24,87,115],
[32,95,123],
[29,92,120],
[8,71,99],
[31,94,122],
[22,85,113],
[18,81,109],
[42,56,133],
[37,51,128],
[12,75,103],
[10,73,101],
[45,59,136],
[9,72,100],
[38,52,129],
[19,82,110],
[0,63,140],
[34,97,125],
[43,57,134],
[44,58,135],
[2,65,142],
[48,62,139],
[30,93,121]],

[[36,72,144],
[37,73,145],
[43,79,102],
[33,69,134],
[25,61,126],
[21,57,129],
[42,78,101],
[26,62,127],
[28,64,136],
[39,75,140],
[8,93,116],
[20,49,121],
[45,81,104],
[47,83,99],
[12,97,113],
[48,77,100],
[19,55,120],
[38,74,146],
[1,86,109],
[23,59,131],
[7,92,115],
[13,91,114],
[6,84,107],
[9,94,117],
[27,56,128],
[35,71,143],
[29,65,137],
[46,82,98],
[5,90,106],
[2,87,110],
[30,66,138],
[4,89,105],
[44,80,103],
[40,76,141],
[15,51,123],
[10,95,118],
[34,63,135],
[32,68,133],
[18,54,119],
[31,67,139],
[11,96,112],
[41,70,142],
[22,58,130],
[0,85,108],
[16,52,124],
[17,53,125],
[24,60,132],
[14,50,122],
[3,88,111]],

[[27,96,136],
[21,97,137],
[34,54,143],
[17,86,126],
[9,78,125],
[12,81,121],
[33,53,142],
[10,79,119],
[19,88,128],
[23,92,139],
[48,68,108],
[4,73,113],
[29,49,145],
[31,51,140],
[45,65,105],
[32,52,141],
[3,72,112],
[22,91,138],
[41,61,101],
[7,83,123],
[47,67,107],
[46,66,106],
[39,59,99],
[42,69,109],
[11,80,120],
[26,95,135],
[20,89,129],
[30,50,146],
[38,58,98],
[35,62,102],
[14,90,130],
[37,57,104],
[28,55,144],
[24,93,133],
[6,75,115],
[43,63,110],
[18,87,127],
[16,85,132],
[2,71,118],
[15,84,131],
[44,64,111],
[25,94,134],
[13,82,122],
[40,60,100],
[0,76,116],
[1,70,117],
[8,77,124],
[5,74,114],
[36,56,103]],

[[26,94,139],
[27,95,133],
[33,52,146],
[16,84,129],
[8,83,121],
[11,79,124],
[32,51,145],
[9,77,122],
[18,86,131],
[22,97,135],
[47,66,111],
[3,71,116],
[28,54,141],
[30,49,143],
[44,63,108],
[31,50,144],
[2,70,115],
[21,96,134],
[40,59,104],
[13,81,119],
[46,65,110],
[45,64,109],
[38,57,102],
[48,67,105],
[10,78,123],
[25,93,138],
[19,87,132],
[29,55,142],
[37,56,101],
[41,60,98],
[20,88,126],
[36,62,100],
[34,53,140],
[23,91,136],
[5,73,118],
[42,68,106],
[17,85,130],
[15,90,128],
[1,76,114],
[14,89,127],
[43,69,107],
[24,92,137],
[12,80,125],
[39,58,103],
[6,74,112],
[0,75,113],
[7,82,120],
[4,72,117],
[35,61,99]],

[[19,80,111],
[20,81,105],
[26,87,118],
[9,70,101],
[1,69,142],
[4,65,145],
[25,86,117],
[2,63,143],
[11,72,103],
[15,83,107],
[40,52,132],
[45,57,137],
[21,89,113],
[23,84,115],
[37,49,129],
[24,85,116],
[44,56,136],
[14,82,106],
[33,94,125],
[6,67,140],
[39,51,131],
[38,50,130],
[31,92,123],
[41,53,126],
[3,64,144],
[18,79,110],
[12,73,104],
[22,90,114],
[30,91,122],
[34,95,119],
[13,74,98],
[29,97,121],
[27,88,112],
[16,77,108],
[47,59,139],
[35,54,127],
[10,71,102],
[8,76,100],
[43,62,135],
[7,75,99],
[36,55,128],
[17,78,109],
[5,66,146],
[32,93,124],
[48,60,133],
[42,61,134],
[0,68,141],
[46,58,138],
[28,96,120]],

[[22,93,137],
[23,94,138],
[29,51,144],
[19,90,127],
[11,82,119],
[7,78,122],
[28,50,143],
[12,83,120],
[14,85,129],
[25,96,133],
[43,65,109],
[6,70,114],
[31,53,146],
[33,55,141],
[47,69,106],
[34,49,142],
[5,76,113],
[24,95,139],
[36,58,102],
[9,80,124],
[42,64,108],
[48,63,107],
[41,56,100],
[44,66,110],
[13,77,121],
[21,92,136],
[15,86,130],
[32,54,140],
[40,62,99],
[37,59,103],
[16,87,131],
[39,61,98],
[30,52,145],
[26,97,134],
[1,72,116],
[45,67,111],
[20,84,128],
[18,89,126],
[4,75,112],
[17,88,132],
[46,68,105],
[27,91,135],
[8,79,123],
[35,57,101],
[2,73,117],
[3,74,118],
[10,81,125],
[0,71,115],
[38,60,104]],

[[40,73,146],
[41,74,140],
[47,80,104],
[30,63,136],
[22,62,128],
[25,58,131],
[46,79,103],
[23,56,129],
[32,65,138],
[36,76,142],
[12,94,118],
[17,50,123],
[42,82,99],
[44,77,101],
[9,91,115],
[45,78,102],
[16,49,122],
[35,75,141],
[5,87,111],
[27,60,126],
[11,93,117],
[10,92,116],
[3,85,109],
[13,95,112],
[24,57,130],
[39,72,145],
[33,66,139],
[43,83,100],
[2,84,108],
[6,88,105],
[34,67,133],
[1,90,107],
[48,81,98],
[37,70,143],
[19,52,125],
[7,96,113],
[31,64,137],
[29,69,135],
[15,55,121],
[28,68,134],
[8,97,114],
[38,71,144],
[26,59,132],
[4,86,110],
[20,53,119],
[14,54,120],
[21,61,127],
[18,51,124],
[0,89,106]],

[[4,50,100],
[5,51,101],
[11,57,107],
[43,96,146],
[35,88,138],
[38,84,134],
[10,56,106],
[36,89,139],
[45,91,141],
[0,53,103],
[25,71,121],
[30,83,126],
[13,59,109],
[8,61,111],
[22,75,125],
[9,62,105],
[29,82,132],
[6,52,102],
[18,64,114],
[40,86,136],
[24,70,120],
[23,76,119],
[16,69,112],
[26,72,122],
[37,90,133],
[3,49,99],
[46,92,142],
[7,60,110],
[15,68,118],
[19,65,115],
[47,93,143],
[14,67,117],
[12,58,108],
[1,54,104],
[32,78,128],
[27,73,123],
[44,97,140],
[42,95,145],
[28,81,131],
[48,94,144],
[21,74,124],
[2,55,98],
[39,85,135],
[17,63,113],
[33,79,129],
[34,80,130],
[41,87,137],
[31,77,127],
[20,66,116]],

[[28,56,112],
[29,57,113],
[35,63,119],
[25,53,109],
[17,94,101],
[20,97,104],
[41,69,125],
[18,95,102],
[27,55,111],
[31,59,115],
[0,77,133],
[12,89,145],
[37,65,121],
[39,67,123],
[4,81,137],
[40,68,124],
[11,88,144],
[30,58,114],
[42,70,126],
[15,92,99],
[6,83,139],
[5,82,138],
[47,75,131],
[1,78,134],
[19,96,103],
[34,62,118],
[21,49,105],
[38,66,122],
[46,74,130],
[43,71,127],
[22,50,106],
[45,73,129],
[36,64,120],
[32,60,116],
[7,84,140],
[2,79,135],
[26,54,110],
[24,52,108],
[10,87,143],
[23,51,107],
[3,80,136],
[33,61,117],
[14,91,98],
[48,76,132],
[8,85,141],
[9,86,142],
[16,93,100],
[13,90,146],
[44,72,128]],

[[23,95,134],
[24,96,135],
[30,53,141],
[20,85,131],
[12,77,123],
[8,80,119],
[29,52,140],
[13,78,124],
[15,87,126],
[26,91,137],
[44,67,106],
[0,72,118],
[32,55,143],
[34,50,145],
[48,64,110],
[28,51,146],
[6,71,117],
[25,97,136],
[37,60,99],
[10,82,121],
[43,66,105],
[42,65,111],
[35,58,104],
[45,68,107],
[7,79,125],
[22,94,133],
[16,88,127],
[33,49,144],
[41,57,103],
[38,61,100],
[17,89,128],
[40,56,102],
[31,54,142],
[27,92,138],
[2,74,113],
[46,69,108],
[14,86,132],
[19,84,130],
[5,70,116],
[18,90,129],
[47,63,109],
[21,93,139],
[9,81,120],
[36,59,98],
[3,75,114],
[4,76,115],
[11,83,122],
[1,73,112],
[39,62,101]],

[[47,87,125],
[48,88,119],
[5,94,132],
[37,77,115],
[29,76,107],
[32,72,110],
[4,93,131],
[30,70,108],
[39,79,117],
[43,90,121],
[19,59,146],
[24,64,102],
[0,96,127],
[2,91,129],
[16,56,143],
[3,92,130],
[23,63,101],
[42,89,120],
[12,52,139],
[34,74,105],
[18,58,145],
[17,57,144],
[10,50,137],
[20,60,140],
[31,71,109],
[46,86,124],
[40,80,118],
[1,97,128],
[9,49,136],
[13,53,133],
[41,81,112],
[8,55,135],
[6,95,126],
[44,84,122],
[26,66,104],
[14,61,141],
[38,78,116],
[36,83,114],
[22,69,100],
[35,82,113],
[15,62,142],
[45,85,123],
[33,73,111],
[11,51,138],
[27,67,98],
[21,68,99],
[28,75,106],
[25,65,103],
[7,54,134]],

[[45,90,124],
[46,84,125],
[3,97,131],
[35,80,114],
[34,72,106],
[30,75,109],
[2,96,130],
[28,73,107],
[37,82,116],
[48,86,120],
[17,62,145],
[22,67,101],
[5,92,126],
[0,94,128],
[14,59,142],
[1,95,129],
[21,66,100],
[47,85,119],
[10,55,138],
[32,70,111],
[16,61,144],
[15,60,143],
[8,53,136],
[18,56,146],
[29,74,108],
[44,89,123],
[38,83,117],
[6,93,127],
[7,52,135],
[11,49,139],
[39,77,118],
[13,51,134],
[4,91,132],
[42,87,121],
[24,69,103],
[19,57,140],
[36,81,115],
[41,79,113],
[27,65,99],
[40,78,112],
[20,58,141],
[43,88,122],
[31,76,110],
[9,54,137],
[25,63,104],
[26,64,98],
[33,71,105],
[23,68,102],
[12,50,133]],

[[31,62,117],
[32,56,118],
[38,69,124],
[21,52,107],
[20,93,99],
[16,96,102],
[37,68,123],
[14,94,100],
[23,54,109],
[34,58,113],
[3,83,138],
[8,88,143],
[40,64,119],
[35,66,121],
[0,80,135],
[36,67,122],
[7,87,142],
[33,57,112],
[45,76,131],
[18,91,104],
[2,82,137],
[1,81,136],
[43,74,129],
[4,77,139],
[15,95,101],
[30,61,116],
[24,55,110],
[41,65,120],
[42,73,128],
[46,70,132],
[25,49,111],
[48,72,127],
[39,63,125],
[28,59,114],
[10,90,145],
[5,78,133],
[22,53,108],
[27,51,106],
[13,86,141],
[26,50,105],
[6,79,134],
[29,60,115],
[17,97,103],
[44,75,130],
[11,84,146],
[12,85,140],
[19,92,98],
[9,89,144],
[47,71,126]],

[[44,88,120],
[45,89,121],
[2,95,127],
[41,78,117],
[33,70,109],
[29,73,105],
[1,94,126],
[34,71,110],
[36,80,112],
[47,84,123],
[16,60,141],
[21,65,104],
[4,97,129],
[6,92,131],
[20,57,145],
[0,93,132],
[27,64,103],
[46,90,122],
[9,53,134],
[31,75,107],
[15,59,140],
[14,58,146],
[7,51,139],
[17,61,142],
[28,72,111],
[43,87,119],
[37,81,113],
[5,91,130],
[13,50,138],
[10,54,135],
[38,82,114],
[12,49,137],
[3,96,128],
[48,85,124],
[23,67,99],
[18,62,143],
[35,79,118],
[40,77,116],
[26,63,102],
[39,83,115],
[19,56,144],
[42,86,125],
[30,74,106],
[8,52,133],
[24,68,100],
[25,69,101],
[32,76,108],
[22,66,98],
[11,55,136]],

[[24,97,138],
[25,91,139],
[31,55,145],
[14,87,128],
[13,79,120],
[9,82,123],
[30,54,144],
[7,80,121],
[16,89,130],
[27,93,134],
[45,69,110],
[1,74,115],
[33,50,140],
[28,52,142],
[42,66,107],
[29,53,143],
[0,73,114],
[26,92,133],
[38,62,103],
[11,77,125],
[44,68,109],
[43,67,108],
[36,60,101],
[46,63,111],
[8,81,122],
[23,96,137],
[17,90,131],
[34,51,141],
[35,59,100],
[39,56,104],
[18,84,132],
[41,58,99],
[32,49,146],
[21,94,135],
[3,76,117],
[47,64,105],
[15,88,129],
[20,86,127],
[6,72,113],
[19,85,126],
[48,65,106],
[22,95,136],
[10,83,124],
[37,61,102],
[4,70,118],
[5,71,112],
[12,78,119],
[2,75,116],
[40,57,98]]

]
