[[[0,37,74,111],
[1,38,76,114],
[2,39,78,117],
[3,40,80,120],
[4,41,82,123],
[5,42,84,126],
[6,43,86,129],
[7,44,88,132],
[8,45,90,135],
[9,46,92,138,149],
[10,47,94,141],
[11,48,96,144],
[12,49,98,147],
[13,50,100,113],
[14,51,102,116],
[15,52,104,119],
[16,53,106,122],
[17,54,108,125],
[18,55,110,128,148],
[19,56,75,131],
[20,57,77,134],
[21,58,79,137],
[22,59,81,140],
[23,60,83,143],
[24,61,85,146],
[25,62,87,112],
[26,63,89,115],
[27,64,91,118],
[28,65,93,121],
[29,66,95,124],
[30,67,97,127],
[31,68,99,130],
[32,69,101,133],
[33,70,103,136],
[34,71,105,139],
[35,72,107,142],
[36,73,109,145]],

[[0,38,75,112],
[1,39,77,115],
[2,40,79,118],
[3,41,81,121],
[4,42,83,124],
[5,43,85,127],
[6,44,87,130],
[7,45,89,133],
[8,46,91,136],
[9,47,93,139],
[10,48,95,142],
[11,49,97,145],
[12,50,99,111],
[13,51,101,114],
[14,52,103,117],
[15,53,105,120],
[16,54,107,123],
[17,55,109,126],
[18,56,74,129,149],
[19,57,76,132],
[20,58,78,135],
[21,59,80,138],
[22,60,82,141],
[23,61,84,144],
[24,62,86,147],
[25,63,88,113],
[26,64,90,116],
[27,65,92,119,148],
[28,66,94,122],
[29,67,96,125],
[30,68,98,128],
[31,69,100,131],
[32,70,102,134],
[33,71,104,137],
[34,72,106,140],
[35,73,108,143],
[36,37,110,146]],

[[0,39,76,113],
[1,40,78,116],
[2,41,80,119],
[3,42,82,122],
[4,43,84,125],
[5,44,86,128],
[6,45,88,131],
[7,46,90,134],
[8,47,92,137],
[9,48,94,140],
[10,49,96,143],
[11,50,98,146],
[12,51,100,112],
[13,52,102,115],
[14,53,104,118],
[15,54,106,121],
[16,55,108,124],
[17,56,110,127],
[18,57,75,130],
[19,58,77,133],
[20,59,79,136],
[21,60,81,139],
[22,61,83,142],
[23,62,85,145],
[24,63,87,111],
[25,64,89,114],
[26,65,91,117],
[27,66,93,120,149],
[28,67,95,123],
[29,68,97,126],
[30,69,99,129],
[31,70,101,132],
[32,71,103,135],
[33,72,105,138],
[34,73,107,141],
[35,37,109,144],
[36,38,74,147,148]],

[[0,40,77,114],
[1,41,79,117],
[2,42,81,120],
[3,43,83,123],
[4,44,85,126],
[5,45,87,129],
[6,46,89,132],
[7,47,91,135],
[8,48,93,138,148],
[9,49,95,141],
[10,50,97,144],
[11,51,99,147],
[12,52,101,113],
[13,53,103,116],
[14,54,105,119],
[15,55,107,122],
[16,56,109,125],
[17,57,74,128],
[18,58,76,131],
[19,59,78,134],
[20,60,80,137],
[21,61,82,140],
[22,62,84,143],
[23,63,86,146],
[24,64,88,112],
[25,65,90,115],
[26,66,92,118],
[27,67,94,121],
[28,68,96,124],
[29,69,98,127],
[30,70,100,130],
[31,71,102,133],
[32,72,104,136],
[33,73,106,139],
[34,37,108,142],
[35,38,110,145],
[36,39,75,111,149]],

[[0,41,78,115],
[1,42,80,118],
[2,43,82,121],
[3,44,84,124],
[4,45,86,127],
[5,46,88,130],
[6,47,90,133],
[7,48,92,136],
[8,49,94,139,149],
[9,50,96,142],
[10,51,98,145],
[11,52,100,111],
[12,53,102,114],
[13,54,104,117],
[14,55,106,120],
[15,56,108,123],
[16,57,110,126],
[17,58,75,129,148],
[18,59,77,132],
[19,60,79,135],
[20,61,81,138],
[21,62,83,141],
[22,63,85,144],
[23,64,87,147],
[24,65,89,113],
[25,66,91,116],
[26,67,93,119],
[27,68,95,122],
[28,69,97,125],
[29,70,99,128],
[30,71,101,131],
[31,72,103,134],
[32,73,105,137],
[33,37,107,140],
[34,38,109,143],
[35,39,74,146],
[36,40,76,112]],

[[0,42,79,116],
[1,43,81,119],
[2,44,83,122],
[3,45,85,125],
[4,46,87,128],
[5,47,89,131],
[6,48,91,134],
[7,49,93,137],
[8,50,95,140],
[9,51,97,143],
[10,52,99,146],
[11,53,101,112],
[12,54,103,115],
[13,55,105,118],
[14,56,107,121],
[15,57,109,124],
[16,58,74,127],
[17,59,76,130,149],
[18,60,78,133],
[19,61,80,136],
[20,62,82,139],
[21,63,84,142],
[22,64,86,145],
[23,65,88,111],
[24,66,90,114],
[25,67,92,117],
[26,68,94,120,148],
[27,69,96,123],
[28,70,98,126],
[29,71,100,129],
[30,72,102,132],
[31,73,104,135],
[32,37,106,138],
[33,38,108,141],
[34,39,110,144],
[35,40,75,147],
[36,41,77,113]],

[[0,43,80,117],
[1,44,82,120],
[2,45,84,123],
[3,46,86,126],
[4,47,88,129],
[5,48,90,132],
[6,49,92,135],
[7,50,94,138],
[8,51,96,141],
[9,52,98,144],
[10,53,100,147],
[11,54,102,113],
[12,55,104,116],
[13,56,106,119],
[14,57,108,122],
[15,58,110,125],
[16,59,75,128],
[17,60,77,131],
[18,61,79,134],
[19,62,81,137],
[20,63,83,140],
[21,64,85,143],
[22,65,87,146],
[23,66,89,112],
[24,67,91,115],
[25,68,93,118],
[26,69,95,121,149],
[27,70,97,124],
[28,71,99,127],
[29,72,101,130],
[30,73,103,133],
[31,37,105,136],
[32,38,107,139],
[33,39,109,142],
[34,40,74,145],
[35,41,76,111,148],
[36,42,78,114]],

[[0,44,81,118],
[1,45,83,121],
[2,46,85,124],
[3,47,87,127],
[4,48,89,130],
[5,49,91,133],
[6,50,93,136],
[7,51,95,139,148],
[8,52,97,142],
[9,53,99,145],
[10,54,101,111],
[11,55,103,114],
[12,56,105,117],
[13,57,107,120],
[14,58,109,123],
[15,59,74,126],
[16,60,76,129],
[17,61,78,132],
[18,62,80,135],
[19,63,82,138],
[20,64,84,141],
[21,65,86,144],
[22,66,88,147],
[23,67,90,113],
[24,68,92,116],
[25,69,94,119],
[26,70,96,122],
[27,71,98,125],
[28,72,100,128],
[29,73,102,131],
[30,37,104,134],
[31,38,106,137],
[32,39,108,140],
[33,40,110,143],
[34,41,75,146],
[35,42,77,112,149],
[36,43,79,115]],

[[0,45,82,119],
[1,46,84,122],
[2,47,86,125],
[3,48,88,128],
[4,49,90,131],
[5,50,92,134],
[6,51,94,137],
[7,52,96,140,149],
[8,53,98,143],
[9,54,100,146],
[10,55,102,112],
[11,56,104,115],
[12,57,106,118],
[13,58,108,121],
[14,59,110,124],
[15,60,75,127],
[16,61,77,130,148],
[17,62,79,133],
[18,63,81,136],
[19,64,83,139],
[20,65,85,142],
[21,66,87,145],
[22,67,89,111],
[23,68,91,114],
[24,69,93,117],
[25,70,95,120],
[26,71,97,123],
[27,72,99,126],
[28,73,101,129],
[29,37,103,132],
[30,38,105,135],
[31,39,107,138],
[32,40,109,141],
[33,41,74,144],
[34,42,76,147],
[35,43,78,113],
[36,44,80,116]],

[[0,46,83,120],
[1,47,85,123],
[2,48,87,126],
[3,49,89,129],
[4,50,91,132],
[5,51,93,135],
[6,52,95,138],
[7,53,97,141],
[8,54,99,144],
[9,55,101,147],
[10,56,103,113],
[11,57,105,116],
[12,58,107,119],
[13,59,109,122],
[14,60,74,125],
[15,61,76,128],
[16,62,78,131,149],
[17,63,80,134],
[18,64,82,137],
[19,65,84,140],
[20,66,86,143],
[21,67,88,146],
[22,68,90,112],
[23,69,92,115],
[24,70,94,118],
[25,71,96,121,148],
[26,72,98,124],
[27,73,100,127],
[28,37,102,130],
[29,38,104,133],
[30,39,106,136],
[31,40,108,139],
[32,41,110,142],
[33,42,75,145],
[34,43,77,111],
[35,44,79,114],
[36,45,81,117]],

[[0,47,84,121],
[1,48,86,124],
[2,49,88,127],
[3,50,90,130],
[4,51,92,133],
[5,52,94,136],
[6,53,96,139],
[7,54,98,142],
[8,55,100,145],
[9,56,102,111],
[10,57,104,114],
[11,58,106,117],
[12,59,108,120],
[13,60,110,123],
[14,61,75,126],
[15,62,77,129],
[16,63,79,132],
[17,64,81,135],
[18,65,83,138],
[19,66,85,141],
[20,67,87,144],
[21,68,89,147],
[22,69,91,113],
[23,70,93,116],
[24,71,95,119],
[25,72,97,122,149],
[26,73,99,125],
[27,37,101,128],
[28,38,103,131],
[29,39,105,134],
[30,40,107,137],
[31,41,109,140],
[32,42,74,143],
[33,43,76,146],
[34,44,78,112,148],
[35,45,80,115],
[36,46,82,118]],

[[0,48,85,122],
[1,49,87,125],
[2,50,89,128],
[3,51,91,131],
[4,52,93,134],
[5,53,95,137],
[6,54,97,140,148],
[7,55,99,143],
[8,56,101,146],
[9,57,103,112],
[10,58,105,115],
[11,59,107,118],
[12,60,109,121],
[13,61,74,124],
[14,62,76,127],
[15,63,78,130],
[16,64,80,133],
[17,65,82,136],
[18,66,84,139],
[19,67,86,142],
[20,68,88,145],
[21,69,90,111],
[22,70,92,114],
[23,71,94,117],
[24,72,96,120],
[25,73,98,123],
[26,37,100,126],
[27,38,102,129],
[28,39,104,132],
[29,40,106,135],
[30,41,108,138],
[31,42,110,141],
[32,43,75,144],
[33,44,77,147],
[34,45,79,113,149],
[35,46,81,116],
[36,47,83,119]],

[[0,49,86,123],
[1,50,88,126],
[2,51,90,129],
[3,52,92,132],
[4,53,94,135],
[5,54,96,138],
[6,55,98,141,149],
[7,56,100,144],
[8,57,102,147],
[9,58,104,113],
[10,59,106,116],
[11,60,108,119],
[12,61,110,122],
[13,62,75,125],
[14,63,77,128],
[15,64,79,131,148],
[16,65,81,134],
[17,66,83,137],
[18,67,85,140],
[19,68,87,143],
[20,69,89,146],
[21,70,91,112],
[22,71,93,115],
[23,72,95,118],
[24,73,97,121],
[25,37,99,124],
[26,38,101,127],
[27,39,103,130],
[28,40,105,133],
[29,41,107,136],
[30,42,109,139],
[31,43,74,142],
[32,44,76,145],
[33,45,78,111],
[34,46,80,114],
[35,47,82,117],
[36,48,84,120]],

[[0,50,87,124],
[1,51,89,127],
[2,52,91,130],
[3,53,93,133],
[4,54,95,136],
[5,55,97,139],
[6,56,99,142],
[7,57,101,145],
[8,58,103,111],
[9,59,105,114],
[10,60,107,117],
[11,61,109,120],
[12,62,74,123],
[13,63,76,126],
[14,64,78,129],
[15,65,80,132,149],
[16,66,82,135],
[17,67,84,138],
[18,68,86,141],
[19,69,88,144],
[20,70,90,147],
[21,71,92,113],
[22,72,94,116],
[23,73,96,119],
[24,37,98,122,148],
[25,38,100,125],
[26,39,102,128],
[27,40,104,131],
[28,41,106,134],
[29,42,108,137],
[30,43,110,140],
[31,44,75,143],
[32,45,77,146],
[33,46,79,112],
[34,47,81,115],
[35,48,83,118],
[36,49,85,121]],

[[0,51,88,125],
[1,52,90,128],
[2,53,92,131],
[3,54,94,134],
[4,55,96,137],
[5,56,98,140],
[6,57,100,143],
[7,58,102,146],
[8,59,104,112],
[9,60,106,115],
[10,61,108,118],
[11,62,110,121],
[12,63,75,124],
[13,64,77,127],
[14,65,79,130],
[15,66,81,133],
[16,67,83,136],
[17,68,85,139],
[18,69,87,142],
[19,70,89,145],
[20,71,91,111],
[21,72,93,114],
[22,73,95,117],
[23,37,97,120],
[24,38,99,123,149],
[25,39,101,126],
[26,40,103,129],
[27,41,105,132],
[28,42,107,135],
[29,43,109,138],
[30,44,74,141],
[31,45,76,144],
[32,46,78,147],
[33,47,80,113,148],
[34,48,82,116],
[35,49,84,119],
[36,50,86,122]],

[[0,52,89,126],
[1,53,91,129],
[2,54,93,132],
[3,55,95,135],
[4,56,97,138],
[5,57,99,141,148],
[6,58,101,144],
[7,59,103,147],
[8,60,105,113],
[9,61,107,116],
[10,62,109,119],
[11,63,74,122],
[12,64,76,125],
[13,65,78,128],
[14,66,80,131],
[15,67,82,134],
[16,68,84,137],
[17,69,86,140],
[18,70,88,143],
[19,71,90,146],
[20,72,92,112],
[21,73,94,115],
[22,37,96,118],
[23,38,98,121],
[24,39,100,124],
[25,40,102,127],
[26,41,104,130],
[27,42,106,133],
[28,43,108,136],
[29,44,110,139],
[30,45,75,142],
[31,46,77,145],
[32,47,79,111],
[33,48,81,114,149],
[34,49,83,117],
[35,50,85,120],
[36,51,87,123]],

[[0,53,90,127],
[1,54,92,130],
[2,55,94,133],
[3,56,96,136],
[4,57,98,139],
[5,58,100,142,149],
[6,59,102,145],
[7,60,104,111],
[8,61,106,114],
[9,62,108,117],
[10,63,110,120],
[11,64,75,123],
[12,65,77,126],
[13,66,79,129],
[14,67,81,132,148],
[15,68,83,135],
[16,69,85,138],
[17,70,87,141],
[18,71,89,144],
[19,72,91,147],
[20,73,93,113],
[21,37,95,116],
[22,38,97,119],
[23,39,99,122],
[24,40,101,125],
[25,41,103,128],
[26,42,105,131],
[27,43,107,134],
[28,44,109,137],
[29,45,74,140],
[30,46,76,143],
[31,47,78,146],
[32,48,80,112],
[33,49,82,115],
[34,50,84,118],
[35,51,86,121],
[36,52,88,124]],

[[0,54,91,128],
[1,55,93,131],
[2,56,95,134],
[3,57,97,137],
[4,58,99,140],
[5,59,101,143],
[6,60,103,146],
[7,61,105,112],
[8,62,107,115],
[9,63,109,118],
[10,64,74,121],
[11,65,76,124],
[12,66,78,127],
[13,67,80,130],
[14,68,82,133,149],
[15,69,84,136],
[16,70,86,139],
[17,71,88,142],
[18,72,90,145],
[19,73,92,111],
[20,37,94,114],
[21,38,96,117],
[22,39,98,120],
[23,40,100,123,148],
[24,41,102,126],
[25,42,104,129],
[26,43,106,132],
[27,44,108,135],
[28,45,110,138],
[29,46,75,141],
[30,47,77,144],
[31,48,79,147],
[32,49,81,113],
[33,50,83,116],
[34,51,85,119],
[35,52,87,122],
[36,53,89,125]],

[[0,55,92,129],
[1,56,94,132],
[2,57,96,135],
[3,58,98,138],
[4,59,100,141],
[5,60,102,144],
[6,61,104,147],
[7,62,106,113],
[8,63,108,116],
[9,64,110,119],
[10,65,75,122],
[11,66,77,125],
[12,67,79,128],
[13,68,81,131],
[14,69,83,134],
[15,70,85,137],
[16,71,87,140],
[17,72,89,143],
[18,73,91,146],
[19,37,93,112],
[20,38,95,115],
[21,39,97,118],
[22,40,99,121],
[23,41,101,124,149],
[24,42,103,127],
[25,43,105,130],
[26,44,107,133],
[27,45,109,136],
[28,46,74,139],
[29,47,76,142],
[30,48,78,145],
[31,49,80,111],
[32,50,82,114,148],
[33,51,84,117],
[34,52,86,120],
[35,53,88,123],
[36,54,90,126]],

[[0,56,93,130],
[1,57,95,133],
[2,58,97,136],
[3,59,99,139],
[4,60,101,142,148],
[5,61,103,145],
[6,62,105,111],
[7,63,107,114],
[8,64,109,117],
[9,65,74,120],
[10,66,76,123],
[11,67,78,126],
[12,68,80,129],
[13,69,82,132],
[14,70,84,135],
[15,71,86,138],
[16,72,88,141],
[17,73,90,144],
[18,37,92,147],
[19,38,94,113],
[20,39,96,116],
[21,40,98,119],
[22,41,100,122],
[23,42,102,125],
[24,43,104,128],
[25,44,106,131],
[26,45,108,134],
[27,46,110,137],
[28,47,75,140],
[29,48,77,143],
[30,49,79,146],
[31,50,81,112],
[32,51,83,115,149],
[33,52,85,118],
[34,53,87,121],
[35,54,89,124],
[36,55,91,127]],

[[0,57,94,131],
[1,58,96,134],
[2,59,98,137],
[3,60,100,140],
[4,61,102,143,149],
[5,62,104,146],
[6,63,106,112],
[7,64,108,115],
[8,65,110,118],
[9,66,75,121],
[10,67,77,124],
[11,68,79,127],
[12,69,81,130],
[13,70,83,133,148],
[14,71,85,136],
[15,72,87,139],
[16,73,89,142],
[17,37,91,145],
[18,38,93,111],
[19,39,95,114],
[20,40,97,117],
[21,41,99,120],
[22,42,101,123],
[23,43,103,126],
[24,44,105,129],
[25,45,107,132],
[26,46,109,135],
[27,47,74,138],
[28,48,76,141],
[29,49,78,144],
[30,50,80,147],
[31,51,82,113],
[32,52,84,116],
[33,53,86,119],
[34,54,88,122],
[35,55,90,125],
[36,56,92,128]],

[[0,58,95,132],
[1,59,97,135],
[2,60,99,138],
[3,61,101,141],
[4,62,103,144],
[5,63,105,147],
[6,64,107,113],
[7,65,109,116],
[8,66,74,119],
[9,67,76,122],
[10,68,78,125],
[11,69,80,128],
[12,70,82,131],
[13,71,84,134,149],
[14,72,86,137],
[15,73,88,140],
[16,37,90,143],
[17,38,92,146],
[18,39,94,112],
[19,40,96,115],
[20,41,98,118],
[21,42,100,121],
[22,43,102,124,148],
[23,44,104,127],
[24,45,106,130],
[25,46,108,133],
[26,47,110,136],
[27,48,75,139],
[28,49,77,142],
[29,50,79,145],
[30,51,81,111],
[31,52,83,114],
[32,53,85,117],
[33,54,87,120],
[34,55,89,123],
[35,56,91,126],
[36,57,93,129]],

[[0,59,96,133],
[1,60,98,136],
[2,61,100,139],
[3,62,102,142],
[4,63,104,145],
[5,64,106,111],
[6,65,108,114],
[7,66,110,117],
[8,67,75,120],
[9,68,77,123],
[10,69,79,126],
[11,70,81,129],
[12,71,83,132],
[13,72,85,135],
[14,73,87,138],
[15,37,89,141],
[16,38,91,144],
[17,39,93,147],
[18,40,95,113],
[19,41,97,116],
[20,42,99,119],
[21,43,101,122],
[22,44,103,125,149],
[23,45,105,128],
[24,46,107,131],
[25,47,109,134],
[26,48,74,137],
[27,49,76,140],
[28,50,78,143],
[29,51,80,146],
[30,52,82,112],
[31,53,84,115,148],
[32,54,86,118],
[33,55,88,121],
[34,56,90,124],
[35,57,92,127],
[36,58,94,130]],

[[0,60,97,134],
[1,61,99,137],
[2,62,101,140],
[3,63,103,143,148],
[4,64,105,146],
[5,65,107,112],
[6,66,109,115],
[7,67,74,118],
[8,68,76,121],
[9,69,78,124],
[10,70,80,127],
[11,71,82,130],
[12,72,84,133],
[13,73,86,136],
[14,37,88,139],
[15,38,90,142],
[16,39,92,145],
[17,40,94,111],
[18,41,96,114],
[19,42,98,117],
[20,43,100,120],
[21,44,102,123],
[22,45,104,126],
[23,46,106,129],
[24,47,108,132],
[25,48,110,135],
[26,49,75,138],
[27,50,77,141],
[28,51,79,144],
[29,52,81,147],
[30,53,83,113],
[31,54,85,116,149],
[32,55,87,119],
[33,56,89,122],
[34,57,91,125],
[35,58,93,128],
[36,59,95,131]],

[[0,61,98,135],
[1,62,100,138],
[2,63,102,141],
[3,64,104,144,149],
[4,65,106,147],
[5,66,108,113],
[6,67,110,116],
[7,68,75,119],
[8,69,77,122],
[9,70,79,125],
[10,71,81,128],
[11,72,83,131],
[12,73,85,134,148],
[13,37,87,137],
[14,38,89,140],
[15,39,91,143],
[16,40,93,146],
[17,41,95,112],
[18,42,97,115],
[19,43,99,118],
[20,44,101,121],
[21,45,103,124],
[22,46,105,127],
[23,47,107,130],
[24,48,109,133],
[25,49,74,136],
[26,50,76,139],
[27,51,78,142],
[28,52,80,145],
[29,53,82,111],
[30,54,84,114],
[31,55,86,117],
[32,56,88,120],
[33,57,90,123],
[34,58,92,126],
[35,59,94,129],
[36,60,96,132]],

[[0,62,99,136],
[1,63,101,139],
[2,64,103,142],
[3,65,105,145],
[4,66,107,111],
[5,67,109,114],
[6,68,74,117],
[7,69,76,120],
[8,70,78,123],
[9,71,80,126],
[10,72,82,129],
[11,73,84,132],
[12,37,86,135,149],
[13,38,88,138],
[14,39,90,141],
[15,40,92,144],
[16,41,94,147],
[17,42,96,113],
[18,43,98,116],
[19,44,100,119],
[20,45,102,122],
[21,46,104,125,148],
[22,47,106,128],
[23,48,108,131],
[24,49,110,134],
[25,50,75,137],
[26,51,77,140],
[27,52,79,143],
[28,53,81,146],
[29,54,83,112],
[30,55,85,115],
[31,56,87,118],
[32,57,89,121],
[33,58,91,124],
[34,59,93,127],
[35,60,95,130],
[36,61,97,133]],

[[0,63,100,137],
[1,64,102,140],
[2,65,104,143],
[3,66,106,146],
[4,67,108,112],
[5,68,110,115],
[6,69,75,118],
[7,70,77,121],
[8,71,79,124],
[9,72,81,127],
[10,73,83,130],
[11,37,85,133],
[12,38,87,136],
[13,39,89,139],
[14,40,91,142],
[15,41,93,145],
[16,42,95,111],
[17,43,97,114],
[18,44,99,117],
[19,45,101,120],
[20,46,103,123],
[21,47,105,126,149],
[22,48,107,129],
[23,49,109,132],
[24,50,74,135],
[25,51,76,138],
[26,52,78,141],
[27,53,80,144],
[28,54,82,147],
[29,55,84,113],
[30,56,86,116,148],
[31,57,88,119],
[32,58,90,122],
[33,59,92,125],
[34,60,94,128],
[35,61,96,131],
[36,62,98,134]],

[[0,64,101,138],
[1,65,103,141],
[2,66,105,144,148],
[3,67,107,147],
[4,68,109,113],
[5,69,74,116],
[6,70,76,119],
[7,71,78,122],
[8,72,80,125],
[9,73,82,128],
[10,37,84,131],
[11,38,86,134],
[12,39,88,137],
[13,40,90,140],
[14,41,92,143],
[15,42,94,146],
[16,43,96,112],
[17,44,98,115],
[18,45,100,118],
[19,46,102,121],
[20,47,104,124],
[21,48,106,127],
[22,49,108,130],
[23,50,110,133],
[24,51,75,136],
[25,52,77,139],
[26,53,79,142],
[27,54,81,145],
[28,55,83,111],
[29,56,85,114],
[30,57,87,117,149],
[31,58,89,120],
[32,59,91,123],
[33,60,93,126],
[34,61,95,129],
[35,62,97,132],
[36,63,99,135]],

[[0,65,102,139],
[1,66,104,142],
[2,67,106,145,149],
[3,68,108,111],
[4,69,110,114],
[5,70,75,117],
[6,71,77,120],
[7,72,79,123],
[8,73,81,126],
[9,37,83,129],
[10,38,85,132],
[11,39,87,135,148],
[12,40,89,138],
[13,41,91,141],
[14,42,93,144],
[15,43,95,147],
[16,44,97,113],
[17,45,99,116],
[18,46,101,119],
[19,47,103,122],
[20,48,105,125],
[21,49,107,128],
[22,50,109,131],
[23,51,74,134],
[24,52,76,137],
[25,53,78,140],
[26,54,80,143],
[27,55,82,146],
[28,56,84,112],
[29,57,86,115],
[30,58,88,118],
[31,59,90,121],
[32,60,92,124],
[33,61,94,127],
[34,62,96,130],
[35,63,98,133],
[36,64,100,136]],

[[0,66,103,140],
[1,67,105,143],
[2,68,107,146],
[3,69,109,112],
[4,70,74,115],
[5,71,76,118],
[6,72,78,121],
[7,73,80,124],
[8,37,82,127],
[9,38,84,130],
[10,39,86,133],
[11,40,88,136,149],
[12,41,90,139],
[13,42,92,142],
[14,43,94,145],
[15,44,96,111],
[16,45,98,114],
[17,46,100,117],
[18,47,102,120],
[19,48,104,123],
[20,49,106,126,148],
[21,50,108,129],
[22,51,110,132],
[23,52,75,135],
[24,53,77,138],
[25,54,79,141],
[26,55,81,144],
[27,56,83,147],
[28,57,85,113],
[29,58,87,116],
[30,59,89,119],
[31,60,91,122],
[32,61,93,125],
[33,62,95,128],
[34,63,97,131],
[35,64,99,134],
[36,65,101,137]],

[[0,67,104,141],
[1,68,106,144],
[2,69,108,147],
[3,70,110,113],
[4,71,75,116],
[5,72,77,119],
[6,73,79,122],
[7,37,81,125],
[8,38,83,128],
[9,39,85,131],
[10,40,87,134],
[11,41,89,137],
[12,42,91,140],
[13,43,93,143],
[14,44,95,146],
[15,45,97,112],
[16,46,99,115],
[17,47,101,118],
[18,48,103,121],
[19,49,105,124],
[20,50,107,127,149],
[21,51,109,130],
[22,52,74,133],
[23,53,76,136],
[24,54,78,139],
[25,55,80,142],
[26,56,82,145],
[27,57,84,111],
[28,58,86,114],
[29,59,88,117,148],
[30,60,90,120],
[31,61,92,123],
[32,62,94,126],
[33,63,96,129],
[34,64,98,132],
[35,65,100,135],
[36,66,102,138]],

[[0,68,105,142],
[1,69,107,145,148],
[2,70,109,111],
[3,71,74,114],
[4,72,76,117],
[5,73,78,120],
[6,37,80,123],
[7,38,82,126],
[8,39,84,129],
[9,40,86,132],
[10,41,88,135],
[11,42,90,138],
[12,43,92,141],
[13,44,94,144],
[14,45,96,147],
[15,46,98,113],
[16,47,100,116],
[17,48,102,119],
[18,49,104,122],
[19,50,106,125],
[20,51,108,128],
[21,52,110,131],
[22,53,75,134],
[23,54,77,137],
[24,55,79,140],
[25,56,81,143],
[26,57,83,146],
[27,58,85,112],
[28,59,87,115],
[29,60,89,118,149],
[30,61,91,121],
[31,62,93,124],
[32,63,95,127],
[33,64,97,130],
[34,65,99,133],
[35,66,101,136],
[36,67,103,139]],

[[0,69,106,143],
[1,70,108,146,149],
[2,71,110,112],
[3,72,75,115],
[4,73,77,118],
[5,37,79,121],
[6,38,81,124],
[7,39,83,127],
[8,40,85,130],
[9,41,87,133],
[10,42,89,136,148],
[11,43,91,139],
[12,44,93,142],
[13,45,95,145],
[14,46,97,111],
[15,47,99,114],
[16,48,101,117],
[17,49,103,120],
[18,50,105,123],
[19,51,107,126],
[20,52,109,129],
[21,53,74,132],
[22,54,76,135],
[23,55,78,138],
[24,56,80,141],
[25,57,82,144],
[26,58,84,147],
[27,59,86,113],
[28,60,88,116],
[29,61,90,119],
[30,62,92,122],
[31,63,94,125],
[32,64,96,128],
[33,65,98,131],
[34,66,100,134],
[35,67,102,137],
[36,68,104,140]],

[[0,70,107,144],
[1,71,109,147],
[2,72,74,113],
[3,73,76,116],
[4,37,78,119],
[5,38,80,122],
[6,39,82,125],
[7,40,84,128],
[8,41,86,131],
[9,42,88,134],
[10,43,90,137,149],
[11,44,92,140],
[12,45,94,143],
[13,46,96,146],
[14,47,98,112],
[15,48,100,115],
[16,49,102,118],
[17,50,104,121],
[18,51,106,124],
[19,52,108,127,148],
[20,53,110,130],
[21,54,75,133],
[22,55,77,136],
[23,56,79,139],
[24,57,81,142],
[25,58,83,145],
[26,59,85,111],
[27,60,87,114],
[28,61,89,117],
[29,62,91,120],
[30,63,93,123],
[31,64,95,126],
[32,65,97,129],
[33,66,99,132],
[34,67,101,135],
[35,68,103,138],
[36,69,105,141]],

[[0,71,108,145],
[1,72,110,111],
[2,73,75,114],
[3,37,77,117],
[4,38,79,120],
[5,39,81,123],
[6,40,83,126],
[7,41,85,129],
[8,42,87,132],
[9,43,89,135],
[10,44,91,138],
[11,45,93,141],
[12,46,95,144],
[13,47,97,147],
[14,48,99,113],
[15,49,101,116],
[16,50,103,119],
[17,51,105,122],
[18,52,107,125],
[19,53,109,128,149],
[20,54,74,131],
[21,55,76,134],
[22,56,78,137],
[23,57,80,140],
[24,58,82,143],
[25,59,84,146],
[26,60,86,112],
[27,61,88,115],
[28,62,90,118,148],
[29,63,92,121],
[30,64,94,124],
[31,65,96,127],
[32,66,98,130],
[33,67,100,133],
[34,68,102,136],
[35,69,104,139],
[36,70,106,142]],

[[0,72,109,146,148],
[1,73,74,112],
[2,37,76,115],
[3,38,78,118],
[4,39,80,121],
[5,40,82,124],
[6,41,84,127],
[7,42,86,130],
[8,43,88,133],
[9,44,90,136],
[10,45,92,139],
[11,46,94,142],
[12,47,96,145],
[13,48,98,111],
[14,49,100,114],
[15,50,102,117],
[16,51,104,120],
[17,52,106,123],
[18,53,108,126],
[19,54,110,129],
[20,55,75,132],
[21,56,77,135],
[22,57,79,138],
[23,58,81,141],
[24,59,83,144],
[25,60,85,147],
[26,61,87,113],
[27,62,89,116],
[28,63,91,119,149],
[29,64,93,122],
[30,65,95,125],
[31,66,97,128],
[32,67,99,131],
[33,68,101,134],
[34,69,103,137],
[35,70,105,140],
[36,71,107,143]],

[[0,73,110,147,149],
[1,37,75,113],
[2,38,77,116],
[3,39,79,119],
[4,40,81,122],
[5,41,83,125],
[6,42,85,128],
[7,43,87,131],
[8,44,89,134],
[9,45,91,137,148],
[10,46,93,140],
[11,47,95,143],
[12,48,97,146],
[13,49,99,112],
[14,50,101,115],
[15,51,103,118],
[16,52,105,121],
[17,53,107,124],
[18,54,109,127],
[19,55,74,130],
[20,56,76,133],
[21,57,78,136],
[22,58,80,139],
[23,59,82,142],
[24,60,84,145],
[25,61,86,111],
[26,62,88,114],
[27,63,90,117],
[28,64,92,120],
[29,65,94,123],
[30,66,96,126],
[31,67,98,129],
[32,68,100,132],
[33,69,102,135],
[34,70,104,138],
[35,71,106,141],
[36,72,108,144]]

]
