[[[0,1,2,3,4,5],
[6,7,8,9,10,11],
[12,13,14,15,16,17],
[18,19,20,21,22,23],
[24,25,26,27,28,29],
[30,31,32,33,34,35],
[36,37,38,39,40,41],
[42,43,44,45,46,47],
[48,49,50,51,52,53],
[54,55,56,57,58,59],
[60,61,62,63,64,65],
[66,67,68,69,70,71],
[72,73,74,75,76,77],
[78,79,80,81,82,83],
[84,85,86,87,88,89],
[90,91,92,93,94],
[95,96,97,98,99],
[100,101,102,103,104],
[105,106,107,108,109],
[110,111,112,113,114],
[115,116,117,118,119],
[120,121,122,123,124],
[125,126,127,128,129],
[130,131,132,133,134],
[135,136,137,138,139],
[140,141,142,143,144]],

[[0,7,14,21,28,35],
[6,13,20,27,34,41],
[12,19,26,33,40,47],
[18,25,32,39,46,53],
[24,31,38,45,52,59],
[30,37,44,51,58,65],
[36,43,50,57,64,71],
[42,49,56,63,70,77],
[48,55,62,69,76,83],
[54,61,68,75,82,89],
[60,67,74,81,88,94],
[66,73,80,87,93,99],
[72,79,86,92,98,104],
[78,85,91,97,103,109],
[84,90,96,102,108,114],
[95,101,107,113,119],
[100,106,112,118,124],
[105,111,117,123,129],
[110,116,122,128,134],
[115,121,127,133,139],
[120,126,132,138,144],
[5,125,131,137,143],
[4,11,130,136,142],
[3,10,17,135,141],
[2,9,16,23,140],
[1,8,15,22,29]],

[[0,8,13,23,33,46],
[6,14,19,29,39,52],
[12,20,25,35,45,58],
[18,26,31,41,51,64],
[24,32,37,47,57,70],
[30,38,43,53,63,76],
[36,44,49,59,69,82],
[42,50,55,65,75,88],
[48,56,61,71,81,93],
[54,62,67,77,87,98],
[60,68,73,83,92,103],
[66,74,79,89,97,108],
[72,80,85,94,102,113],
[78,86,90,99,107,118],
[84,91,95,104,112,123],
[96,100,109,117,128],
[101,105,114,122,133],
[106,110,119,127,138],
[111,115,124,132,143],
[4,116,120,129,137],
[10,121,125,134,142],
[3,16,126,130,139],
[9,22,131,135,144],
[5,15,28,136,140],
[1,11,21,34,141],
[2,7,17,27,40]],

[[0,9,17,19,32,58],
[6,15,23,25,38,64],
[12,21,29,31,44,70],
[18,27,35,37,50,76],
[24,33,41,43,56,82],
[30,39,47,49,62,88],
[36,45,53,55,68,93],
[42,51,59,61,74,98],
[48,57,65,67,80,103],
[54,63,71,73,86,108],
[60,69,77,79,91,113],
[66,75,83,85,96,118],
[72,81,89,90,101,123],
[78,87,94,95,106,128],
[84,92,99,100,111,133],
[97,104,105,116,138],
[102,109,110,121,143],
[4,107,114,115,126],
[10,112,119,120,131],
[16,117,124,125,136],
[22,122,129,130,141],
[2,28,127,134,135],
[8,34,132,139,140],
[1,14,40,137,144],
[5,7,20,46,142],
[3,11,13,26,52]],

[[0,10,15,20,31,47],
[6,16,21,26,37,53],
[12,22,27,32,43,59],
[18,28,33,38,49,65],
[24,34,39,44,55,71],
[30,40,45,50,61,77],
[36,46,51,56,67,83],
[42,52,57,62,73,89],
[48,58,63,68,79,94],
[54,64,69,74,85,99],
[60,70,75,80,90,104],
[66,76,81,86,95,109],
[72,82,87,91,100,114],
[78,88,92,96,105,119],
[84,93,97,101,110,124],
[98,102,106,115,129],
[103,107,111,120,134],
[108,112,116,125,139],
[113,117,121,130,144],
[5,118,122,126,135],
[11,123,127,131,140],
[1,17,128,132,136],
[7,23,133,137,141],
[2,13,29,138,142],
[3,8,19,35,143],
[4,9,14,25,41]],

[[0,11,16,25,44,57],
[6,17,22,31,50,63],
[12,23,28,37,56,69],
[18,29,34,43,62,75],
[24,35,40,49,68,81],
[30,41,46,55,74,87],
[36,47,52,61,80,92],
[42,53,58,67,86,97],
[48,59,64,73,91,102],
[54,65,70,79,96,107],
[60,71,76,85,101,112],
[66,77,82,90,106,117],
[72,83,88,95,111,122],
[78,89,93,100,116,127],
[84,94,98,105,121,132],
[99,103,110,126,137],
[104,108,115,131,142],
[3,109,113,120,136],
[9,114,118,125,141],
[2,15,119,123,130],
[8,21,124,128,135],
[14,27,129,133,140],
[1,20,33,134,138],
[7,26,39,139,143],
[4,13,32,45,144],
[5,10,19,38,51]],

[[0,22,26,45,49,71],
[6,28,32,51,55,77],
[12,34,38,57,61,83],
[18,40,44,63,67,89],
[24,46,50,69,73,94],
[30,52,56,75,79,99],
[36,58,62,81,85,104],
[42,64,68,87,90,109],
[48,70,74,92,95,114],
[54,76,80,97,100,119],
[60,82,86,102,105,124],
[66,88,91,107,110,129],
[72,93,96,112,115,134],
[78,98,101,117,120,139],
[84,103,106,122,125,144],
[5,108,111,127,130],
[11,113,116,132,135],
[17,118,121,137,140],
[1,23,123,126,142],
[3,7,29,128,131],
[9,13,35,133,136],
[15,19,41,138,141],
[2,21,25,47,143],
[4,8,27,31,53],
[10,14,33,37,59],
[16,20,39,43,65]],

[[0,27,38,55,70,89],
[6,33,44,61,76,94],
[12,39,50,67,82,99],
[18,45,56,73,88,104],
[24,51,62,79,93,109],
[30,57,68,85,98,114],
[36,63,74,90,103,119],
[42,69,80,95,108,124],
[48,75,86,100,113,129],
[54,81,91,105,118,134],
[60,87,96,110,123,139],
[66,92,101,115,128,144],
[5,72,97,106,120,133],
[11,78,102,111,125,138],
[17,84,107,116,130,143],
[4,23,112,121,135],
[10,29,117,126,140],
[1,16,35,122,131],
[7,22,41,127,136],
[13,28,47,132,141],
[2,19,34,53,137],
[8,25,40,59,142],
[3,14,31,46,65],
[9,20,37,52,71],
[15,26,43,58,77],
[21,32,49,64,83]],

[[0,29,37,63,80,88],
[6,35,43,69,86,93],
[12,41,49,75,91,98],
[18,47,55,81,96,103],
[24,53,61,87,101,108],
[30,59,67,92,106,113],
[36,65,73,97,111,118],
[42,71,79,102,116,123],
[48,77,85,107,121,128],
[54,83,90,112,126,133],
[60,89,95,117,131,138],
[66,94,100,122,136,143],
[4,72,99,105,127,141],
[2,10,78,104,110,132],
[8,16,84,109,115,137],
[14,22,114,120,142],
[3,20,28,119,125],
[9,26,34,124,130],
[15,32,40,129,135],
[21,38,46,134,140],
[1,27,44,52,139],
[7,33,50,58,144],
[5,13,39,56,64],
[11,19,45,62,70],
[17,25,51,68,76],
[23,31,57,74,82]],

[[0,34,50,59,79,87],
[6,40,56,65,85,92],
[12,46,62,71,90,97],
[18,52,68,77,95,102],
[24,58,74,83,100,107],
[30,64,80,89,105,112],
[36,70,86,94,110,117],
[42,76,91,99,115,122],
[48,82,96,104,120,127],
[54,88,101,109,125,132],
[60,93,106,114,130,137],
[66,98,111,119,135,142],
[3,72,103,116,124,140],
[1,9,78,108,121,129],
[7,15,84,113,126,134],
[13,21,118,131,139],
[19,27,123,136,144],
[5,25,33,128,141],
[2,11,31,39,133],
[8,17,37,45,138],
[14,23,43,51,143],
[4,20,29,49,57],
[10,26,35,55,63],
[16,32,41,61,69],
[22,38,47,67,75],
[28,44,53,73,81]],

[[0,39,61,86,103,114],
[6,45,67,91,108,119],
[12,51,73,96,113,124],
[18,57,79,101,118,129],
[24,63,85,106,123,134],
[30,69,90,111,128,139],
[36,75,95,116,133,144],
[5,42,81,100,121,138],
[11,48,87,105,126,143],
[4,17,54,92,110,131],
[10,23,60,97,115,136],
[16,29,66,102,120,141],
[2,22,35,72,107,125],
[8,28,41,78,112,130],
[14,34,47,84,117,135],
[20,40,53,122,140],
[1,26,46,59,127],
[7,32,52,65,132],
[13,38,58,71,137],
[19,44,64,77,142],
[3,25,50,70,83],
[9,31,56,76,89],
[15,37,62,82,94],
[21,43,68,88,99],
[27,49,74,93,104],
[33,55,80,98,109]],

[[0,40,43,74,102,134],
[6,46,49,80,107,139],
[12,52,55,86,112,144],
[5,18,58,61,91,117],
[11,24,64,67,96,122],
[17,30,70,73,101,127],
[23,36,76,79,106,132],
[29,42,82,85,111,137],
[35,48,88,90,116,142],
[3,41,54,93,95,121],
[9,47,60,98,100,126],
[15,53,66,103,105,131],
[21,59,72,108,110,136],
[27,65,78,113,115,141],
[2,33,71,84,118,120],
[8,39,77,123,125],
[14,45,83,128,130],
[20,51,89,133,135],
[26,57,94,138,140],
[1,32,63,99,143],
[4,7,38,69,104],
[10,13,44,75,109],
[16,19,50,81,114],
[22,25,56,87,119],
[28,31,62,92,124],
[34,37,68,97,129]],

[[0,41,52,67,101,137],
[6,47,58,73,106,142],
[3,12,53,64,79,111],
[9,18,59,70,85,116],
[15,24,65,76,90,121],
[21,30,71,82,95,126],
[27,36,77,88,100,131],
[33,42,83,93,105,136],
[39,48,89,98,110,141],
[2,45,54,94,103,115],
[8,51,60,99,108,120],
[14,57,66,104,113,125],
[20,63,72,109,118,130],
[26,69,78,114,123,135],
[32,75,84,119,128,140],
[1,38,81,124,133],
[7,44,87,129,138],
[13,50,92,134,143],
[4,19,56,97,139],
[10,25,62,102,144],
[5,16,31,68,107],
[11,22,37,74,112],
[17,28,43,80,117],
[23,34,49,86,122],
[29,40,55,91,127],
[35,46,61,96,132]],

[[0,53,56,95,118,127],
[6,59,62,100,123,132],
[12,65,68,105,128,137],
[18,71,74,110,133,142],
[3,24,77,80,115,138],
[9,30,83,86,120,143],
[4,15,36,89,91,125],
[10,21,42,94,96,130],
[16,27,48,99,101,135],
[22,33,54,104,106,140],
[1,28,39,60,109,111],
[7,34,45,66,114,116],
[13,40,51,72,119,121],
[19,46,57,78,124,126],
[25,52,63,84,129,131],
[31,58,69,134,136],
[37,64,75,139,141],
[2,43,70,81,144],
[5,8,49,76,87],
[11,14,55,82,92],
[17,20,61,88,97],
[23,26,67,93,102],
[29,32,73,98,107],
[35,38,79,103,112],
[41,44,85,108,117],
[47,50,90,113,122]],

[[0,62,105,113,139,142],
[3,6,68,110,118,144],
[5,9,12,74,115,123],
[11,15,18,80,120,128],
[17,21,24,86,125,133],
[23,27,30,91,130,138],
[29,33,36,96,135,143],
[4,35,39,42,101,140],
[1,10,41,45,48,106],
[7,16,47,51,54,111],
[13,22,53,57,60,116],
[19,28,59,63,66,121],
[25,34,65,69,72,126],
[31,40,71,75,78,131],
[37,46,77,81,84,136],
[43,52,83,87,141],
[2,49,58,89,92],
[8,55,64,94,97],
[14,61,70,99,102],
[20,67,76,104,107],
[26,73,82,109,112],
[32,79,88,114,117],
[38,85,93,119,122],
[44,90,98,124,127],
[50,95,103,129,132],
[56,100,108,134,137]]

]