[[[0,1,2,3,4,5],
[6,7,8,9,10,11],
[12,13,14,15,16,17],
[18,19,20,21,22,23],
[24,25,26,27,28,29],
[30,31,32,33,34,35],
[36,37,38,39,40,41],
[42,43,44,45,46,47],
[48,49,50,51,52,53],
[54,55,56,57,58,59],
[60,61,62,63,64,65],
[66,67,68,69,70,71],
[72,73,74,75,76],
[77,78,79,80,81],
[82,83,84,85,86],
[87,88,89,90,91],
[92,93,94,95,96],
[97,98,99,100,101],
[102,103,104,105,106],
[107,108,109,110,111],
[112,113,114,115,116],
[117,118,119,120,121],
[122,123,124,125,126],
[127,128,129,130,131],
[132,133,134,135,136],
[137,138,139,140,141]],

[[0,7,14,21,28,35],
[6,13,20,27,34,41],
[12,19,26,33,40,47],
[18,25,32,39,46,53],
[24,31,38,45,52,59],
[30,37,44,51,58,65],
[36,43,50,57,64,71],
[42,49,56,63,70,76],
[48,55,62,69,75,81],
[54,61,68,74,80,86],
[60,67,73,79,85,91],
[66,72,78,84,90,96],
[77,83,89,95,101],
[82,88,94,100,106],
[87,93,99,105,111],
[92,98,104,110,116],
[97,103,109,115,121],
[102,108,114,120,126],
[107,113,119,125,131],
[112,118,124,130,136],
[117,123,129,135,141],
[5,122,128,134,140],
[4,11,127,133,139],
[3,10,17,132,138],
[2,9,16,23,137],
[1,8,15,22,29]],

[[0,8,13,23,33,46],
[6,14,19,29,39,52],
[12,20,25,35,45,58],
[18,26,31,41,51,64],
[24,32,37,47,57,70],
[30,38,43,53,63,75],
[36,44,49,59,69,80],
[42,50,55,65,74,85],
[48,56,61,71,79,90],
[54,62,67,76,84,95],
[60,68,72,81,89,100],
[66,73,77,86,94,105],
[78,82,91,99,110],
[83,87,96,104,115],
[88,92,101,109,120],
[93,97,106,114,125],
[98,102,111,119,130],
[103,107,116,124,135],
[108,112,121,129,140],
[4,113,117,126,134],
[10,118,122,131,139],
[3,16,123,127,136],
[9,22,128,132,141],
[5,15,28,133,137],
[1,11,21,34,138],
[2,7,17,27,40]],

[[0,9,17,19,32,58],
[6,15,23,25,38,64],
[12,21,29,31,44,70],
[18,27,35,37,50,75],
[24,33,41,43,56,80],
[30,39,47,49,62,85],
[36,45,53,55,68,90],
[42,51,59,61,73,95],
[48,57,65,67,78,100],
[54,63,71,72,83,105],
[60,69,76,77,88,110],
[66,74,81,82,93,115],
[79,86,87,98,120],
[84,91,92,103,125],
[89,96,97,108,130],
[94,101,102,113,135],
[99,106,107,118,140],
[4,104,111,112,123],
[10,109,116,117,128],
[16,114,121,122,133],
[22,119,126,127,138],
[2,28,124,131,132],
[8,34,129,136,137],
[1,14,40,134,141],
[5,7,20,46,139],
[3,11,13,26,52]],

[[0,10,15,20,31,47],
[6,16,21,26,37,53],
[12,22,27,32,43,59],
[18,28,33,38,49,65],
[24,34,39,44,55,71],
[30,40,45,50,61,76],
[36,46,51,56,67,81],
[42,52,57,62,72,86],
[48,58,63,68,77,91],
[54,64,69,73,82,96],
[60,70,74,78,87,101],
[66,75,79,83,92,106],
[80,84,88,97,111],
[85,89,93,102,116],
[90,94,98,107,121],
[95,99,103,112,126],
[100,104,108,117,131],
[105,109,113,122,136],
[110,114,118,127,141],
[5,115,119,123,132],
[11,120,124,128,137],
[1,17,125,129,133],
[7,23,130,134,138],
[2,13,29,135,139],
[3,8,19,35,140],
[4,9,14,25,41]],

[[0,11,16,25,44,57],
[6,17,22,31,50,63],
[12,23,28,37,56,69],
[18,29,34,43,62,74],
[24,35,40,49,68,79],
[30,41,46,55,73,84],
[36,47,52,61,78,89],
[42,53,58,67,83,94],
[48,59,64,72,88,99],
[54,65,70,77,93,104],
[60,71,75,82,98,109],
[66,76,80,87,103,114],
[81,85,92,108,119],
[86,90,97,113,124],
[91,95,102,118,129],
[96,100,107,123,134],
[101,105,112,128,139],
[3,106,110,117,133],
[9,111,115,122,138],
[2,15,116,120,127],
[8,21,121,125,132],
[14,27,126,130,137],
[1,20,33,131,135],
[7,26,39,136,140],
[4,13,32,45,141],
[5,10,19,38,51]],

[[0,22,26,45,49,71],
[6,28,32,51,55,76],
[12,34,38,57,61,81],
[18,40,44,63,67,86],
[24,46,50,69,72,91],
[30,52,56,74,77,96],
[36,58,62,79,82,101],
[42,64,68,84,87,106],
[48,70,73,89,92,111],
[54,75,78,94,97,116],
[60,80,83,99,102,121],
[66,85,88,104,107,126],
[90,93,109,112,131],
[95,98,114,117,136],
[100,103,119,122,141],
[5,105,108,124,127],
[11,110,113,129,132],
[17,115,118,134,137],
[1,23,120,123,139],
[3,7,29,125,128],
[9,13,35,130,133],
[15,19,41,135,138],
[2,21,25,47,140],
[4,8,27,31,53],
[10,14,33,37,59],
[16,20,39,43,65]],

[[0,27,38,55,70,86],
[6,33,44,61,75,91],
[12,39,50,67,80,96],
[18,45,56,72,85,101],
[24,51,62,77,90,106],
[30,57,68,82,95,111],
[36,63,73,87,100,116],
[42,69,78,92,105,121],
[48,74,83,97,110,126],
[54,79,88,102,115,131],
[60,84,93,107,120,136],
[66,89,98,112,125,141],
[5,94,103,117,130],
[11,99,108,122,135],
[17,104,113,127,140],
[4,23,109,118,132],
[10,29,114,123,137],
[1,16,35,119,128],
[7,22,41,124,133],
[13,28,47,129,138],
[2,19,34,53,134],
[8,25,40,59,139],
[3,14,31,46,65],
[9,20,37,52,71],
[15,26,43,58,76],
[21,32,49,64,81]],

[[0,29,37,63,78,85],
[6,35,43,69,83,90],
[12,41,49,74,88,95],
[18,47,55,79,93,100],
[24,53,61,84,98,105],
[30,59,67,89,103,110],
[36,65,72,94,108,115],
[42,71,77,99,113,120],
[48,76,82,104,118,125],
[54,81,87,109,123,130],
[60,86,92,114,128,135],
[66,91,97,119,133,140],
[4,96,102,124,138],
[2,10,101,107,129],
[8,16,106,112,134],
[14,22,111,117,139],
[3,20,28,116,122],
[9,26,34,121,127],
[15,32,40,126,132],
[21,38,46,131,137],
[1,27,44,52,136],
[7,33,50,58,141],
[5,13,39,56,64],
[11,19,45,62,70],
[17,25,51,68,75],
[23,31,57,73,80]],

[[0,34,50,59,77,84],
[6,40,56,65,82,89],
[12,46,62,71,87,94],
[18,52,68,76,92,99],
[24,58,73,81,97,104],
[30,64,78,86,102,109],
[36,70,83,91,107,114],
[42,75,88,96,112,119],
[48,80,93,101,117,124],
[54,85,98,106,122,129],
[60,90,103,111,127,134],
[66,95,108,116,132,139],
[3,100,113,121,137],
[1,9,105,118,126],
[7,15,110,123,131],
[13,21,115,128,136],
[19,27,120,133,141],
[5,25,33,125,138],
[2,11,31,39,130],
[8,17,37,45,135],
[14,23,43,51,140],
[4,20,29,49,57],
[10,26,35,55,63],
[16,32,41,61,69],
[22,38,47,67,74],
[28,44,53,72,79]],

[[0,39,61,83,100,111],
[6,45,67,88,105,116],
[12,51,72,93,110,121],
[18,57,77,98,115,126],
[24,63,82,103,120,131],
[30,69,87,108,125,136],
[36,74,92,113,130,141],
[5,42,79,97,118,135],
[11,48,84,102,123,140],
[4,17,54,89,107,128],
[10,23,60,94,112,133],
[16,29,66,99,117,138],
[2,22,35,104,122],
[8,28,41,109,127],
[14,34,47,114,132],
[20,40,53,119,137],
[1,26,46,59,124],
[7,32,52,65,129],
[13,38,58,71,134],
[19,44,64,76,139],
[3,25,50,70,81],
[9,31,56,75,86],
[15,37,62,80,91],
[21,43,68,85,96],
[27,49,73,90,101],
[33,55,78,95,106]],

[[0,40,43,73,99,131],
[6,46,49,78,104,136],
[12,52,55,83,109,141],
[5,18,58,61,88,114],
[11,24,64,67,93,119],
[17,30,70,72,98,124],
[23,36,75,77,103,129],
[29,42,80,82,108,134],
[35,48,85,87,113,139],
[3,41,54,90,92,118],
[9,47,60,95,97,123],
[15,53,66,100,102,128],
[21,59,105,107,133],
[27,65,110,112,138],
[2,33,71,115,117],
[8,39,76,120,122],
[14,45,81,125,127],
[20,51,86,130,132],
[26,57,91,135,137],
[1,32,63,96,140],
[4,7,38,69,101],
[10,13,44,74,106],
[16,19,50,79,111],
[22,25,56,84,116],
[28,31,62,89,121],
[34,37,68,94,126]],

[[0,41,52,67,98,134],
[6,47,58,72,103,139],
[3,12,53,64,77,108],
[9,18,59,70,82,113],
[15,24,65,75,87,118],
[21,30,71,80,92,123],
[27,36,76,85,97,128],
[33,42,81,90,102,133],
[39,48,86,95,107,138],
[2,45,54,91,100,112],
[8,51,60,96,105,117],
[14,57,66,101,110,122],
[20,63,106,115,127],
[26,69,111,120,132],
[32,74,116,125,137],
[1,38,79,121,130],
[7,44,84,126,135],
[13,50,89,131,140],
[4,19,56,94,136],
[10,25,62,99,141],
[5,16,31,68,104],
[11,22,37,73,109],
[17,28,43,78,114],
[23,34,49,83,119],
[29,40,55,88,124],
[35,46,61,93,129]],

[[0,53,56,92,115,124],
[6,59,62,97,120,129],
[12,65,68,102,125,134],
[18,71,73,107,130,139],
[3,24,76,78,112,135],
[9,30,81,83,117,140],
[4,15,36,86,88,122],
[10,21,42,91,93,127],
[16,27,48,96,98,132],
[22,33,54,101,103,137],
[1,28,39,60,106,108],
[7,34,45,66,111,113],
[13,40,51,116,118],
[19,46,57,121,123],
[25,52,63,126,128],
[31,58,69,131,133],
[37,64,74,136,138],
[2,43,70,79,141],
[5,8,49,75,84],
[11,14,55,80,89],
[17,20,61,85,94],
[23,26,67,90,99],
[29,32,72,95,104],
[35,38,77,100,109],
[41,44,82,105,114],
[47,50,87,110,119]],

[[0,62,102,110,136,139],
[3,6,68,107,115,141],
[5,9,12,73,112,120],
[11,15,18,78,117,125],
[17,21,24,83,122,130],
[23,27,30,88,127,135],
[29,33,36,93,132,140],
[4,35,39,42,98,137],
[1,10,41,45,48,103],
[7,16,47,51,54,108],
[13,22,53,57,60,113],
[19,28,59,63,66,118],
[25,34,65,69,123],
[31,40,71,74,128],
[37,46,76,79,133],
[43,52,81,84,138],
[2,49,58,86,89],
[8,55,64,91,94],
[14,61,70,96,99],
[20,67,75,101,104],
[26,72,80,106,109],
[32,77,85,111,114],
[38,82,90,116,119],
[44,87,95,121,124],
[50,92,100,126,129],
[56,97,105,131,134]]

]