[[[0,25,50,75,100,125],
[1,26,52,78,104,130],
[2,27,53,79,105,131],
[3,28,54,80,106,132],
[4,29,55,81,107,133],
[5,30,56,82,108,134],
[6,31,57,83,109,135],
[7,32,58,84,110,136],
[8,33,59,85,111,137],
[9,34,60,86,112,138],
[10,35,61,87,113,139],
[11,36,62,88,114,140],
[12,37,63,89,115,141],
[13,38,64,90,116,142],
[14,39,65,91,117,143],
[15,40,66,92,118,144],
[16,41,67,93,119,145],
[17,42,68,94,120,146],
[18,43,69,95,121,147],
[19,44,70,96,122,148],
[20,45,71,97,123],
[21,46,72,98,124,126],
[22,47,73,99,101,127],
[23,48,74,76,102,128],
[24,49,51,77,103,129]],

[[0,26,51,76,101,126],
[1,32,68,81,103,137],
[2,43,56,78,112,139],
[3,31,53,87,114,144],
[4,28,62,89,119,147],
[5,37,64,94,122,130],
[6,39,69,97,105,145],
[7,44,72,80,120,127],
[8,47,55,95,102,135],
[9,30,70,77,110,125],
[10,45,52,85,100,148],
[11,27,60,75,123,141],
[12,35,50,98,116,136],
[13,25,73,91,111,146],
[14,48,66,86,121,140],
[15,41,61,96,115,138],
[16,36,71,90,113,134],
[17,46,65,88,109,133],
[18,40,63,84,108],
[19,38,59,83,124,129],
[20,34,58,99,104,142],
[21,33,74,79,117,132],
[22,49,54,92,107,143],
[23,29,67,82,118,131],
[24,42,57,93,106,128]],

[[0,27,52,77,102,127],
[1,43,58,94,107,129],
[2,33,69,82,104,138],
[3,44,57,79,113,140],
[4,32,54,88,115,145],
[5,29,63,90,120,148],
[6,38,65,95,123,131],
[7,40,70,98,106,146],
[8,45,73,81,121,128],
[9,48,56,96,103,136],
[10,31,71,78,111,125],
[11,46,53,86,100],
[12,28,61,75,124,142],
[13,36,50,99,117,137],
[14,25,74,92,112,147],
[15,49,67,87,122,141],
[16,42,62,97,116,139],
[17,37,72,91,114,135],
[18,47,66,89,110,134],
[19,41,64,85,109,126],
[20,39,60,84,101,130],
[21,35,59,76,105,143],
[22,34,51,80,118,133],
[23,26,55,93,108,144],
[24,30,68,83,119,132]],

[[0,28,53,78,103,128],
[1,31,69,84,120,133],
[2,44,59,95,108,130],
[3,34,70,83,105,139],
[4,45,58,80,114,141],
[5,33,55,89,116,146],
[6,30,64,91,121],
[7,39,66,96,124,132],
[8,41,71,99,107,147],
[9,46,74,82,122,129],
[10,49,57,97,104,137],
[11,32,72,79,112,125],
[12,47,54,87,100,126],
[13,29,62,75,101,143],
[14,37,50,76,118,138],
[15,25,51,93,113,148],
[16,26,68,88,123,142],
[17,43,63,98,117,140],
[18,38,73,92,115,136],
[19,48,67,90,111,135],
[20,42,65,86,110,127],
[21,40,61,85,102,131],
[22,36,60,77,106,144],
[23,35,52,81,119,134],
[24,27,56,94,109,145]],

[[0,29,54,79,104,129],
[1,28,57,95,110,146],
[2,32,70,85,121,134],
[3,45,60,96,109,131],
[4,35,71,84,106,140],
[5,46,59,81,115,142],
[6,34,56,90,117,147],
[7,31,65,92,122,126],
[8,40,67,97,101,133],
[9,42,72,76,108,148],
[10,47,51,83,123,130],
[11,26,58,98,105,138],
[12,33,73,80,113,125],
[13,48,55,88,100,127],
[14,30,63,75,102,144],
[15,38,50,77,119,139],
[16,25,52,94,114],
[17,27,69,89,124,143],
[18,44,64,99,118,141],
[19,39,74,93,116,137],
[20,49,68,91,112,136],
[21,43,66,87,111,128],
[22,41,62,86,103,132],
[23,37,61,78,107,145],
[24,36,53,82,120,135]],

[[0,30,55,80,105,130],
[1,37,54,83,121,136],
[2,29,58,96,111,147],
[3,33,71,86,122,135],
[4,46,61,97,110,132],
[5,36,72,85,107,141],
[6,47,60,82,116,143],
[7,35,57,91,118,148],
[8,32,66,93,123,127],
[9,41,68,98,102,134],
[10,43,73,77,109],
[11,48,52,84,124,131],
[12,27,59,99,106,139],
[13,34,74,81,114,125],
[14,49,56,89,100,128],
[15,31,64,75,103,145],
[16,39,50,78,120,140],
[17,25,53,95,115,126],
[18,28,70,90,101,144],
[19,45,65,76,119,142],
[20,40,51,94,117,138],
[21,26,69,92,113,137],
[22,44,67,88,112,129],
[23,42,63,87,104,133],
[24,38,62,79,108,146]],

[[0,31,56,81,106,131],
[1,39,63,80,109,147],
[2,38,55,84,122,137],
[3,30,59,97,112,148],
[4,34,72,87,123,136],
[5,47,62,98,111,133],
[6,37,73,86,108,142],
[7,48,61,83,117,144],
[8,36,58,92,119],
[9,33,67,94,124,128],
[10,42,69,99,103,135],
[11,44,74,78,110,126],
[12,49,53,85,101,132],
[13,28,60,76,107,140],
[14,35,51,82,115,125],
[15,26,57,90,100,129],
[16,32,65,75,104,146],
[17,40,50,79,121,141],
[18,25,54,96,116,127],
[19,29,71,91,102,145],
[20,46,66,77,120,143],
[21,41,52,95,118,139],
[22,27,70,93,114,138],
[23,45,68,89,113,130],
[24,43,64,88,105,134]],

[[0,32,57,82,107,132],
[1,44,65,89,106,135],
[2,40,64,81,110,148],
[3,39,56,85,123,138],
[4,31,60,98,113],
[5,35,73,88,124,137],
[6,48,63,99,112,134],
[7,38,74,87,109,143],
[8,49,62,84,118,145],
[9,37,59,93,120,126],
[10,34,68,95,101,129],
[11,43,70,76,104,136],
[12,45,51,79,111,127],
[13,26,54,86,102,133],
[14,29,61,77,108,141],
[15,36,52,83,116,125],
[16,27,58,91,100,130],
[17,33,66,75,105,147],
[18,41,50,80,122,142],
[19,25,55,97,117,128],
[20,30,72,92,103,146],
[21,47,67,78,121,144],
[22,42,53,96,119,140],
[23,28,71,94,115,139],
[24,46,69,90,114,131]],

[[0,33,58,83,108,133],
[1,47,70,91,115,132],
[2,45,66,90,107,136],
[3,41,65,82,111],
[4,40,57,86,124,139],
[5,32,61,99,114,126],
[6,36,74,89,101,138],
[7,49,64,76,113,135],
[8,39,51,88,110,144],
[9,26,63,85,119,146],
[10,38,60,94,121,127],
[11,35,69,96,102,130],
[12,44,71,77,105,137],
[13,46,52,80,112,128],
[14,27,55,87,103,134],
[15,30,62,78,109,142],
[16,37,53,84,117,125],
[17,28,59,92,100,131],
[18,34,67,75,106,148],
[19,42,50,81,123,143],
[20,25,56,98,118,129],
[21,31,73,93,104,147],
[22,48,68,79,122,145],
[23,43,54,97,120,141],
[24,29,72,95,116,140]],

[[0,34,59,84,109,134],
[1,30,73,96,117,141],
[2,48,71,92,116,133],
[3,46,67,91,108,137],
[4,42,66,83,112,126],
[5,41,58,87,101,140],
[6,33,62,76,115,127],
[7,37,51,90,102,139],
[8,26,65,77,114,136],
[9,40,52,89,111,145],
[10,27,64,86,120,147],
[11,39,61,95,122,128],
[12,36,70,97,103,131],
[13,45,72,78,106,138],
[14,47,53,81,113,129],
[15,28,56,88,104,135],
[16,31,63,79,110,143],
[17,38,54,85,118,125],
[18,29,60,93,100,132],
[19,35,68,75,107],
[20,43,50,82,124,144],
[21,25,57,99,119,130],
[22,32,74,94,105,148],
[23,49,69,80,123,146],
[24,44,55,98,121,142]],

[[0,35,60,85,110,135],
[1,45,56,99,122,143],
[2,31,74,97,118,142],
[3,49,72,93,117,134],
[4,47,68,92,109,138],
[5,43,67,84,113,127],
[6,42,59,88,102,141],
[7,34,63,77,116,128],
[8,38,52,91,103,140],
[9,27,66,78,115,137],
[10,41,53,90,112,146],
[11,28,65,87,121,148],
[12,40,62,96,123,129],
[13,37,71,98,104,132],
[14,46,73,79,107,139],
[15,48,54,82,114,130],
[16,29,57,89,105,136],
[17,32,64,80,111,144],
[18,39,55,86,119,125],
[19,30,61,94,100,133],
[20,36,69,75,108,126],
[21,44,50,83,101,145],
[22,25,58,76,120,131],
[23,33,51,95,106],
[24,26,70,81,124,147]],

[[0,36,61,86,111,136],
[1,27,71,82,101,148],
[2,46,57,76,123,144],
[3,32,51,98,119,143],
[4,26,73,94,118,135],
[5,48,69,93,110,139],
[6,44,68,85,114,128],
[7,43,60,89,103,142],
[8,35,64,78,117,129],
[9,39,53,92,104,141],
[10,28,67,79,116,138],
[11,42,54,91,113,147],
[12,29,66,88,122],
[13,41,63,97,124,130],
[14,38,72,99,105,133],
[15,47,74,80,108,140],
[16,49,55,83,115,131],
[17,30,58,90,106,137],
[18,33,65,81,112,145],
[19,40,56,87,120,125],
[20,31,62,95,100,134],
[21,37,70,75,109,127],
[22,45,50,84,102,146],
[23,25,59,77,121,132],
[24,34,52,96,107,126]],

[[0,37,62,87,112,137],
[1,35,53,97,108,127],
[2,28,72,83,102],
[3,47,58,77,124,145],
[4,33,52,99,120,144],
[5,27,74,95,119,136],
[6,49,70,94,111,140],
[7,45,69,86,115,129],
[8,44,61,90,104,143],
[9,36,65,79,118,130],
[10,40,54,93,105,142],
[11,29,68,80,117,139],
[12,43,55,92,114,148],
[13,30,67,89,123,126],
[14,42,64,98,101,131],
[15,39,73,76,106,134],
[16,48,51,81,109,141],
[17,26,56,84,116,132],
[18,31,59,91,107,138],
[19,34,66,82,113,146],
[20,41,57,88,121,125],
[21,32,63,96,100,135],
[22,38,71,75,110,128],
[23,46,50,85,103,147],
[24,25,60,78,122,133]],

[[0,38,63,88,113,138],
[1,25,61,79,123,134],
[2,36,54,98,109,128],
[3,29,73,84,103,126],
[4,48,59,78,101,146],
[5,34,53,76,121,145],
[6,28,51,96,120,137],
[7,26,71,95,112,141],
[8,46,70,87,116,130],
[9,45,62,91,105,144],
[10,37,66,80,119,131],
[11,41,55,94,106,143],
[12,30,69,81,118,140],
[13,44,56,93,115],
[14,31,68,90,124,127],
[15,43,65,99,102,132],
[16,40,74,77,107,135],
[17,49,52,82,110,142],
[18,27,57,85,117,133],
[19,32,60,92,108,139],
[20,35,67,83,114,147],
[21,42,58,89,122,125],
[22,33,64,97,100,136],
[23,39,72,75,111,129],
[24,47,50,86,104,148]],

[[0,39,64,89,114,139],
[1,48,50,87,105],
[2,25,62,80,124,135],
[3,37,55,99,110,129],
[4,30,74,85,104,127],
[5,49,60,79,102,147],
[6,35,54,77,122,146],
[7,29,52,97,121,138],
[8,27,72,96,113,142],
[9,47,71,88,117,131],
[10,46,63,92,106,145],
[11,38,67,81,120,132],
[12,42,56,95,107,144],
[13,31,70,82,119,141],
[14,45,57,94,116,126],
[15,32,69,91,101,128],
[16,44,66,76,103,133],
[17,41,51,78,108,136],
[18,26,53,83,111,143],
[19,28,58,86,118,134],
[20,33,61,93,109,140],
[21,36,68,84,115,148],
[22,43,59,90,123,125],
[23,34,65,98,100,137],
[24,40,73,75,112,130]],

[[0,40,65,90,115,140],
[1,41,74,75,113,131],
[2,49,50,88,106,126],
[3,25,63,81,101,136],
[4,38,56,76,111,130],
[5,31,51,86,105,128],
[6,26,61,80,103,148],
[7,36,55,78,123,147],
[8,30,53,98,122,139],
[9,28,73,97,114,143],
[10,48,72,89,118,132],
[11,47,64,93,107,146],
[12,39,68,82,121,133],
[13,43,57,96,108,145],
[14,32,71,83,120,142],
[15,46,58,95,117,127],
[16,33,70,92,102,129],
[17,45,67,77,104,134],
[18,42,52,79,109,137],
[19,27,54,84,112,144],
[20,29,59,87,119,135],
[21,34,62,94,110,141],
[22,37,69,85,116],
[23,44,60,91,124,125],
[24,35,66,99,100,138]],

[[0,41,66,91,116,141],
[1,36,67,76,100,139],
[2,42,51,75,114,132],
[3,26,50,89,107,127],
[4,25,64,82,102,137],
[5,39,57,77,112,131],
[6,32,52,87,106,129],
[7,27,62,81,104],
[8,37,56,79,124,148],
[9,31,54,99,123,140],
[10,29,74,98,115,144],
[11,49,73,90,119,133],
[12,48,65,94,108,147],
[13,40,69,83,122,134],
[14,44,58,97,109,146],
[15,33,72,84,121,143],
[16,47,59,96,118,128],
[17,34,71,93,103,130],
[18,46,68,78,105,135],
[19,43,53,80,110,138],
[20,28,55,85,113,145],
[21,30,60,88,120,136],
[22,35,63,95,111,142],
[23,38,70,86,117,126],
[24,45,61,92,101,125]],

[[0,42,67,92,117,142],
[1,46,62,93,102,125],
[2,37,68,77,100,140],
[3,43,52,75,115,133],
[4,27,50,90,108,128],
[5,25,65,83,103,138],
[6,40,58,78,113,132],
[7,33,53,88,107,130],
[8,28,63,82,105,126],
[9,38,57,80,101],
[10,32,55,76,124,141],
[11,30,51,99,116,145],
[12,26,74,91,120,134],
[13,49,66,95,109,148],
[14,41,70,84,123,135],
[15,45,59,98,110,147],
[16,34,73,85,122,144],
[17,48,60,97,119,129],
[18,35,72,94,104,131],
[19,47,69,79,106,136],
[20,44,54,81,111,139],
[21,29,56,86,114,146],
[22,31,61,89,121,137],
[23,36,64,96,112,143],
[24,39,71,87,118,127]],

[[0,43,68,93,118,143],
[1,40,72,88,119,128],
[2,47,63,94,103,125],
[3,38,69,78,100,141],
[4,44,53,75,116,134],
[5,28,50,91,109,129],
[6,25,66,84,104,139],
[7,41,59,79,114,133],
[8,34,54,89,108,131],
[9,29,64,83,106,127],
[10,39,58,81,102,126],
[11,33,56,77,101,142],
[12,31,52,76,117,146],
[13,27,51,92,121,135],
[14,26,67,96,110],
[15,42,71,85,124,136],
[16,46,60,99,111,148],
[17,35,74,86,123,145],
[18,49,61,98,120,130],
[19,36,73,95,105,132],
[20,48,70,80,107,137],
[21,45,55,82,112,140],
[22,30,57,87,115,147],
[23,32,62,90,122,138],
[24,37,65,97,113,144]],

[[0,44,69,94,119,144],
[1,38,66,98,114,145],
[2,41,73,89,120,129],
[3,48,64,95,104,125],
[4,39,70,79,100,142],
[5,45,54,75,117,135],
[6,29,50,92,110,130],
[7,25,67,85,105,140],
[8,42,60,80,115,134],
[9,35,55,90,109,132],
[10,30,65,84,107,128],
[11,40,59,82,103,127],
[12,34,57,78,102,143],
[13,32,53,77,118,147],
[14,28,52,93,122,136],
[15,27,68,97,111,126],
[16,43,72,86,101,137],
[17,47,61,76,112],
[18,36,51,87,124,146],
[19,26,62,99,121,131],
[20,37,74,96,106,133],
[21,49,71,81,108,138],
[22,46,56,83,113,141],
[23,31,58,88,116,148],
[24,33,63,91,123,139]],

[[0,45,70,95,120,145],
[1,34,64,92,124,140],
[2,39,67,99,115,146],
[3,42,74,90,121,130],
[4,49,65,96,105,125],
[5,40,71,80,100,143],
[6,46,55,75,118,136],
[7,30,50,93,111,131],
[8,25,68,86,106,141],
[9,43,61,81,116,135],
[10,36,56,91,110,133],
[11,31,66,85,108,129],
[12,41,60,83,104,128],
[13,35,58,79,103,144],
[14,33,54,78,119,148],
[15,29,53,94,123,137],
[16,28,69,98,112,127],
[17,44,73,87,102,138],
[18,48,62,77,113,126],
[19,37,52,88,101,147],
[20,27,63,76,122,132],
[21,38,51,97,107,134],
[22,26,72,82,109,139],
[23,47,57,84,114,142],
[24,32,59,89,117]],

[[0,46,71,96,121,146],
[1,33,60,90,118,126],
[2,35,65,93,101,141],
[3,40,68,76,116,147],
[4,43,51,91,122,131],
[5,26,66,97,106,125],
[6,41,72,81,100,144],
[7,47,56,75,119,137],
[8,31,50,94,112,132],
[9,25,69,87,107,142],
[10,44,62,82,117,136],
[11,37,57,92,111,134],
[12,32,67,86,109,130],
[13,42,61,84,105,129],
[14,36,59,80,104,145],
[15,34,55,79,120],
[16,30,54,95,124,138],
[17,29,70,99,113,128],
[18,45,74,88,103,139],
[19,49,63,78,114,127],
[20,38,53,89,102,148],
[21,28,64,77,123,133],
[22,39,52,98,108,135],
[23,27,73,83,110,140],
[24,48,58,85,115,143]],

[[0,47,72,97,122,147],
[1,49,59,86,116,144],
[2,34,61,91,119,127],
[3,36,66,94,102,142],
[4,41,69,77,117,148],
[5,44,52,92,123,132],
[6,27,67,98,107,125],
[7,42,73,82,100,145],
[8,48,57,75,120,138],
[9,32,50,95,113,133],
[10,25,70,88,108,143],
[11,45,63,83,118,137],
[12,38,58,93,112,135],
[13,33,68,87,110,131],
[14,43,62,85,106,130],
[15,37,60,81,105,146],
[16,35,56,80,121,126],
[17,31,55,96,101,139],
[18,30,71,76,114,129],
[19,46,51,89,104,140],
[20,26,64,79,115,128],
[21,39,54,90,103],
[22,29,65,78,124,134],
[23,40,53,99,109,136],
[24,28,74,84,111,141]],

[[0,48,73,98,123,148],
[1,29,51,85,112,142],
[2,26,60,87,117,145],
[3,35,62,92,120,128],
[4,37,67,95,103,143],
[5,42,70,78,118],
[6,45,53,93,124,133],
[7,28,68,99,108,125],
[8,43,74,83,100,146],
[9,49,58,75,121,139],
[10,33,50,96,114,134],
[11,25,71,89,109,144],
[12,46,64,84,119,138],
[13,39,59,94,113,136],
[14,34,69,88,111,132],
[15,44,63,86,107,131],
[16,38,61,82,106,147],
[17,36,57,81,122,127],
[18,32,56,97,102,140],
[19,31,72,77,115,130],
[20,47,52,90,105,141],
[21,27,65,80,116,129],
[22,40,55,91,104,126],
[23,30,66,79,101,135],
[24,41,54,76,110,137]],

[[0,49,74,99,124],
[1,42,55,77,111,138],
[2,30,52,86,113,143],
[3,27,61,88,118,146],
[4,36,63,93,121,129],
[5,38,68,96,104,144],
[6,43,71,79,119,126],
[7,46,54,94,101,134],
[8,29,69,76,109,125],
[9,44,51,84,100,147],
[10,26,59,75,122,140],
[11,34,50,97,115,135],
[12,25,72,90,110,145],
[13,47,65,85,120,139],
[14,40,60,95,114,137],
[15,35,70,89,112,133],
[16,45,64,87,108,132],
[17,39,62,83,107,148],
[18,37,58,82,123,128],
[19,33,57,98,103,141],
[20,32,73,78,116,131],
[21,48,53,91,106,142],
[22,28,66,81,117,130],
[23,41,56,92,105,127],
[24,31,67,80,102,136]]

]
