[[[0,36,72,108],
[1,51,99,132],
[2,66,105,120],
[3,42,73,110],
[4,48,100,134],
[5,63,106,122],
[6,39,74,109],
[7,45,101,133,146],
[8,69,107,121],
[9,68,75,123],
[10,47,96,129],
[11,62,78,135],
[12,65,76,125],
[13,53,97,131],
[14,59,79,137],
[15,71,77,124],
[16,50,98,130],
[17,56,80,136],
[18,43,93,111],
[19,67,90,117,147],
[20,55,102,141],
[21,40,94,113],
[22,64,91,119],
[23,61,103,143],
[24,37,95,112],
[25,70,92,118],
[26,58,104,142],
[27,41,81,138,145],
[28,49,87,114],
[29,57,84,126],
[30,38,82,140],
[31,46,88,116],
[32,54,85,128],
[33,44,83,139,144],
[34,52,89,115],
[35,60,86,127]],

[[0,67,106,121],
[1,37,73,109],
[2,52,100,133],
[3,64,107,120],
[4,43,74,108],
[5,49,101,132],
[6,70,105,122],
[7,40,72,110],
[8,46,99,134,147],
[9,60,79,136],
[10,66,76,124],
[11,45,97,130],
[12,57,80,135],
[13,63,77,123],
[14,51,98,129],
[15,54,78,137],
[16,69,75,125],
[17,48,96,131],
[18,56,103,142],
[19,44,94,112],
[20,68,91,118,145],
[21,62,104,141],
[22,41,95,111],
[23,65,92,117],
[24,59,102,143],
[25,38,93,113],
[26,71,90,119,144],
[27,58,85,127],
[28,39,82,139,146],
[29,50,88,115],
[30,55,86,126],
[31,36,83,138],
[32,47,89,114],
[33,61,84,128],
[34,42,81,140],
[35,53,87,116]],

[[0,53,101,134],
[1,68,107,122],
[2,38,74,110],
[3,50,99,133,144],
[4,65,105,121],
[5,44,72,109],
[6,47,100,132,145],
[7,71,106,120],
[8,41,73,108],
[9,46,98,131],
[10,61,80,137],
[11,67,77,125],
[12,52,96,130],
[13,58,78,136],
[14,64,75,124],
[15,49,97,129],
[16,55,79,135],
[17,70,76,123],
[18,66,92,119,146],
[19,54,104,143],
[20,42,95,113],
[21,63,90,118],
[22,60,102,142],
[23,39,93,112],
[24,69,91,117],
[25,57,103,141],
[26,36,94,111],
[27,48,89,116],
[28,59,86,128],
[29,40,83,140,147],
[30,45,87,115],
[31,56,84,127],
[32,37,81,139],
[33,51,88,114],
[34,62,85,126],
[35,43,82,138]],

[[0,42,77,112],
[1,48,104,127],
[2,63,101,124],
[3,39,75,111],
[4,45,102,126,144],
[5,69,99,123],
[6,36,76,113],
[7,51,103,128,145],
[8,66,100,125],
[9,65,80,118],
[10,53,92,133],
[11,59,74,139],
[12,71,78,117],
[13,50,90,132],
[14,56,72,138],
[15,68,79,119],
[16,47,91,134],
[17,62,73,140],
[18,40,98,115],
[19,64,95,121,146],
[20,61,107,136],
[21,37,96,114],
[22,70,93,120],
[23,58,105,135],
[24,43,97,116],
[25,67,94,122],
[26,55,106,137],
[27,38,86,142,147],
[28,46,83,109],
[29,54,89,130],
[30,44,84,141],
[31,52,81,108],
[32,60,87,129],
[33,41,85,143],
[34,49,82,110],
[35,57,88,131]],

[[0,64,99,125],
[1,43,75,113],
[2,49,102,128],
[3,70,100,124],
[4,40,76,112],
[5,46,103,127],
[6,67,101,123],
[7,37,77,111],
[8,52,104,126,146],
[9,57,72,140],
[10,63,78,119],
[11,51,90,134],
[12,54,73,139],
[13,69,79,118],
[14,48,91,133],
[15,60,74,138],
[16,66,80,117],
[17,45,92,132],
[18,62,105,137],
[19,41,96,116],
[20,65,93,122,147],
[21,59,106,136],
[22,38,97,115],
[23,71,94,121],
[24,56,107,135],
[25,44,98,114],
[26,68,95,120],
[27,55,87,131],
[28,36,84,143,145],
[29,47,81,110],
[30,61,88,130],
[31,42,85,142],
[32,53,82,109],
[33,58,89,129],
[34,39,86,141,144],
[35,50,83,108]],

[[0,50,103,126],
[1,65,100,123],
[2,44,76,111],
[3,47,104,128],
[4,71,101,125],
[5,41,77,113],
[6,53,102,127,147],
[7,68,99,124],
[8,38,75,112],
[9,52,91,132],
[10,58,73,138],
[11,64,79,117],
[12,49,92,134],
[13,55,74,140],
[14,70,80,119],
[15,46,90,133],
[16,61,72,139],
[17,67,78,118],
[18,63,94,120,145],
[19,60,106,135],
[20,39,97,114],
[21,69,95,122],
[22,57,107,137],
[23,36,98,116],
[24,66,93,121,144],
[25,54,105,136],
[26,42,96,115],
[27,45,82,108],
[28,56,88,129],
[29,37,85,141,146],
[30,51,83,110],
[31,62,89,131],
[32,43,86,143],
[33,48,81,109],
[34,59,87,130],
[35,40,84,142]],

[[0,39,79,116],
[1,45,106,131],
[2,69,103,119],
[3,36,80,115],
[4,51,107,130],
[5,66,104,118],
[6,42,78,114],
[7,48,105,129,147],
[8,63,102,117],
[9,71,73,122],
[10,50,94,128],
[11,56,76,143],
[12,68,74,121],
[13,47,95,127],
[14,62,77,142],
[15,65,72,120],
[16,53,93,126],
[17,59,75,141],
[18,37,91,110],
[19,70,97,125,145],
[20,58,100,140],
[21,43,92,109],
[22,67,98,124],
[23,55,101,139],
[24,40,90,108],
[25,64,96,123,144],
[26,61,99,138],
[27,44,88,137,146],
[28,52,85,113],
[29,60,82,134],
[30,41,89,136],
[31,49,86,112],
[32,57,83,133],
[33,38,87,135],
[34,46,84,111],
[35,54,81,132]],

[[0,70,104,117],
[1,40,80,114],
[2,46,107,129],
[3,67,102,119],
[4,37,78,116],
[5,52,105,131,144],
[6,64,103,118],
[7,43,79,115],
[8,49,106,130,145],
[9,54,77,141],
[10,69,74,120],
[11,48,95,126],
[12,60,75,143],
[13,66,72,122],
[14,45,93,128],
[15,57,76,142],
[16,63,73,121],
[17,51,94,127],
[18,59,101,138],
[19,38,92,108],
[20,71,98,123,146],
[21,56,99,140],
[22,44,90,110],
[23,68,96,125],
[24,62,100,139],
[25,41,91,109],
[26,65,97,124],
[27,61,83,132],
[28,42,89,135,147],
[29,53,86,111],
[30,58,81,134],
[31,39,87,137],
[32,50,84,113],
[33,55,82,133],
[34,36,88,136],
[35,47,85,112]],

[[0,47,105,130],
[1,71,102,118],
[2,41,78,115],
[3,53,106,129],
[4,68,103,117],
[5,38,79,114],
[6,50,107,131,146],
[7,65,104,119],
[8,44,80,116],
[9,49,93,127],
[10,55,75,142],
[11,70,72,121],
[12,46,94,126],
[13,61,76,141],
[14,67,73,120],
[15,52,95,128],
[16,58,77,143],
[17,64,74,122],
[18,69,96,124,147],
[19,57,99,139],
[20,36,90,109],
[21,66,97,123],
[22,54,100,138],
[23,42,91,108],
[24,63,98,125],
[25,60,101,140],
[26,39,92,110],
[27,51,84,112],
[28,62,81,133],
[29,43,87,136,145],
[30,48,85,111],
[31,59,82,132],
[32,40,88,135],
[33,45,86,113],
[34,56,83,134],
[35,37,89,137,144]],

[[0,59,84,114],
[1,38,105,138],
[2,71,87,126],
[3,56,85,116],
[4,44,106,140],
[5,68,88,128,147],
[6,62,86,115],
[7,41,107,139],
[8,65,89,127],
[9,45,81,117],
[10,42,90,141],
[11,57,96,111],
[12,51,82,119],
[13,39,91,143],
[14,54,97,113,144],
[15,48,83,118],
[16,36,92,142],
[17,60,98,112,145],
[18,50,72,129],
[19,40,78,123],
[20,66,75,135],
[21,47,73,131],
[22,37,79,125],
[23,63,76,137],
[24,53,74,130],
[25,43,80,124,146],
[26,69,77,136],
[27,52,102,120],
[28,58,99,108],
[29,64,93,132],
[30,49,103,122],
[31,55,100,110],
[32,70,94,134],
[33,46,104,121],
[34,61,101,109],
[35,67,95,133]],

[[0,69,88,127,144],
[1,57,85,115],
[2,36,106,139],
[3,66,89,126,145],
[4,54,86,114],
[5,42,107,138],
[6,63,87,128],
[7,60,84,116],
[8,39,105,140],
[9,58,97,112],
[10,46,82,118],
[11,43,91,142],
[12,55,98,111],
[13,52,83,117],
[14,40,92,141],
[15,61,96,113,146],
[16,49,81,119],
[17,37,90,143],
[18,67,76,136],
[19,48,73,130],
[20,41,79,124],
[21,64,77,135],
[22,45,74,129],
[23,38,80,123],
[24,70,75,137],
[25,51,72,131],
[26,44,78,125,147],
[27,65,94,133],
[28,53,103,121],
[29,59,100,109],
[30,71,95,132],
[31,50,104,120],
[32,56,101,108],
[33,68,93,134],
[34,47,102,122],
[35,62,99,110]],

[[0,37,107,140],
[1,70,89,128],
[2,58,86,116],
[3,43,105,139],
[4,67,87,127,146],
[5,55,84,115],
[6,40,106,138],
[7,64,88,126],
[8,61,85,114],
[9,44,92,143],
[10,59,98,113],
[11,47,83,119],
[12,41,90,142],
[13,56,96,112],
[14,53,81,118],
[15,38,91,141],
[16,62,97,111,147],
[17,50,82,117],
[18,39,80,125],
[19,68,77,137],
[20,49,74,131],
[21,36,78,124,144],
[22,65,75,136],
[23,46,72,130],
[24,42,79,123,145],
[25,71,76,135],
[26,52,73,129],
[27,57,101,110],
[28,63,95,134],
[29,51,104,122],
[30,54,99,109],
[31,69,93,133],
[32,48,102,121],
[33,60,100,108],
[34,66,94,132],
[35,45,103,120]],

[[0,56,89,109],
[1,44,101,142],
[2,68,83,130],
[3,62,87,108],
[4,41,99,141],
[5,65,81,129,146],
[6,59,88,110],
[7,38,100,143],
[8,71,82,131],
[9,51,86,121],
[10,39,95,136],
[11,54,92,115],
[12,48,84,120],
[13,36,93,135],
[14,60,90,114],
[15,45,85,122],
[16,42,94,137],
[17,57,91,116,147],
[18,47,77,133],
[19,37,74,118],
[20,63,80,139],
[21,53,75,132],
[22,43,72,117,144],
[23,69,78,138],
[24,50,76,134],
[25,40,73,119,145],
[26,66,79,140],
[27,49,107,124],
[28,55,104,112],
[29,70,98,127],
[30,46,105,123],
[31,61,102,111],
[32,67,96,126],
[33,52,106,125],
[34,58,103,113],
[35,64,97,128]],

[[0,66,81,131],
[1,54,87,110],
[2,42,99,143],
[3,63,82,130,147],
[4,60,88,109],
[5,39,100,142],
[6,69,83,129],
[7,57,89,108],
[8,36,101,141],
[9,55,90,116],
[10,52,84,122],
[11,40,93,137],
[12,61,91,115,144],
[13,49,85,121],
[14,37,94,136],
[15,58,92,114,145],
[16,46,86,120],
[17,43,95,135],
[18,64,78,140],
[19,45,75,134],
[20,38,72,119],
[21,70,79,139],
[22,51,76,133],
[23,44,73,118],
[24,67,80,138],
[25,48,77,132],
[26,41,74,117,146],
[27,71,96,128],
[28,50,105,125],
[29,56,102,113],
[30,68,97,127],
[31,47,106,124],
[32,62,103,112],
[33,65,98,126],
[34,53,107,123],
[35,59,104,111]],

[[0,43,100,141],
[1,67,82,129,144],
[2,55,88,108],
[3,40,101,143],
[4,64,83,131,145],
[5,61,89,110],
[6,37,99,142],
[7,70,81,130],
[8,58,87,109],
[9,41,94,135],
[10,56,91,114],
[11,53,85,120],
[12,38,95,137],
[13,62,92,116],
[14,50,86,122],
[15,44,93,136],
[16,59,90,115,146],
[17,47,84,121],
[18,36,73,117],
[19,65,79,138],
[20,46,76,132],
[21,42,74,119],
[22,71,80,140],
[23,52,77,134],
[24,39,72,118,147],
[25,68,78,139],
[26,49,75,133],
[27,54,103,111],
[28,69,97,126],
[29,48,106,123],
[30,60,104,113],
[31,66,98,128],
[32,45,107,125],
[33,57,102,112],
[34,63,96,127],
[35,51,105,124]],

[[0,62,82,113],
[1,41,103,137],
[2,65,85,134,144],
[3,59,83,112],
[4,38,104,136],
[5,71,86,133,145],
[6,56,81,111],
[7,44,102,135],
[8,68,84,132],
[9,48,88,125],
[10,36,97,140],
[11,60,94,110],
[12,45,89,124],
[13,42,98,139],
[14,57,95,109],
[15,51,87,123],
[16,39,96,138],
[17,54,93,108,146],
[18,53,79,128],
[19,43,76,122],
[20,69,73,143],
[21,50,80,127],
[22,40,77,121],
[23,66,74,142],
[24,47,78,126],
[25,37,75,120,147],
[26,63,72,141],
[27,46,100,119],
[28,61,106,116],
[29,67,91,131],
[30,52,101,118],
[31,58,107,115],
[32,64,92,130],
[33,49,99,117],
[34,55,105,114],
[35,70,90,129]],

[[0,63,86,132],
[1,60,83,111],
[2,39,104,135],
[3,69,84,134,146],
[4,57,81,113],
[5,36,102,137],
[6,66,85,133],
[7,54,82,112],
[8,42,103,136],
[9,61,95,108],
[10,49,89,123],
[11,37,98,138],
[12,58,93,110],
[13,46,87,125],
[14,43,96,140],
[15,55,94,109,147],
[16,52,88,124],
[17,40,97,139],
[18,70,74,141],
[19,51,80,126],
[20,44,77,120],
[21,67,72,143],
[22,48,78,128],
[23,41,75,122,144],
[24,64,73,142],
[25,45,79,127],
[26,38,76,121,145],
[27,68,92,129],
[28,47,101,117],
[29,62,107,114],
[30,65,90,131],
[31,53,99,119],
[32,59,105,116],
[33,71,91,130],
[34,50,100,118],
[35,56,106,115]],

[[0,40,102,136],
[1,64,84,133],
[2,61,81,112],
[3,37,103,135],
[4,70,85,132,147],
[5,58,82,111],
[6,43,104,137],
[7,67,86,134],
[8,55,83,113],
[9,38,96,139],
[10,62,93,109],
[11,50,87,124],
[12,44,97,138],
[13,59,94,108,144],
[14,47,88,123],
[15,41,98,140],
[16,56,95,110,145],
[17,53,89,125],
[18,42,75,121],
[19,71,72,142],
[20,52,78,127],
[21,39,76,120],
[22,68,73,141],
[23,49,79,126],
[24,36,77,122,146],
[25,65,74,143],
[26,46,80,128],
[27,60,105,115],
[28,66,90,130],
[29,45,99,118],
[30,57,106,114],
[31,63,91,129],
[32,51,100,117],
[33,54,107,116],
[34,69,92,131],
[35,48,101,119]],

[[0,61,75,129,145],
[1,49,72,135],
[2,37,84,123],
[3,58,76,131],
[4,46,73,137],
[5,43,85,125],
[6,55,77,130,144],
[7,52,74,136],
[8,40,86,124],
[9,59,99,120],
[10,67,105,132],
[11,39,102,108],
[12,56,100,122],
[13,64,106,134],
[14,36,103,110,147],
[15,62,101,121],
[16,70,107,133],
[17,42,104,109],
[18,54,90,126],
[19,69,81,114],
[20,48,87,138],
[21,60,91,128],
[22,66,82,116],
[23,45,88,140],
[24,57,92,127],
[25,63,83,115],
[26,51,89,139],
[27,50,93,141],
[28,65,78,111],
[29,44,96,117],
[30,47,94,143,146],
[31,71,79,113],
[32,41,97,119],
[33,53,95,142],
[34,68,80,112],
[35,38,98,118]],

[[0,38,85,124],
[1,62,76,130,146],
[2,50,73,136],
[3,44,86,123],
[4,59,77,129],
[5,47,74,135],
[6,41,84,125],
[7,56,75,131],
[8,53,72,137],
[9,40,103,109,144],
[10,57,100,121],
[11,68,106,133],
[12,37,104,108,145],
[13,54,101,120],
[14,65,107,132],
[15,43,102,110],
[16,60,99,122],
[17,71,105,134],
[18,49,88,139],
[19,55,91,127],
[20,70,82,115],
[21,46,89,138],
[22,61,92,126],
[23,67,83,114],
[24,52,87,140],
[25,58,90,128],
[26,64,81,116],
[27,42,97,118],
[28,48,94,142],
[29,63,79,112],
[30,39,98,117],
[31,45,95,141,147],
[32,69,80,111],
[33,36,96,119],
[34,51,93,143],
[35,66,78,113]],

[[0,48,74,137],
[1,36,86,125],
[2,60,77,131,147],
[3,45,72,136],
[4,42,84,124],
[5,57,75,130],
[6,51,73,135],
[7,39,85,123],
[8,54,76,129],
[9,66,107,134],
[10,41,104,110],
[11,58,101,122],
[12,63,105,133],
[13,38,102,109,146],
[14,55,99,121],
[15,69,106,132],
[16,44,103,108],
[17,61,100,120],
[18,71,83,116],
[19,50,89,140],
[20,56,92,128],
[21,68,81,115],
[22,47,87,139],
[23,62,90,127],
[24,65,82,114],
[25,53,88,138],
[26,59,91,126],
[27,64,80,113],
[28,43,98,119],
[29,49,95,143,144],
[30,70,78,112],
[31,40,96,118],
[32,46,93,142,145],
[33,67,79,111],
[34,37,97,117],
[35,52,94,141]],

[[0,58,80,133,147],
[1,46,77,139],
[2,43,89,118],
[3,55,78,132],
[4,52,75,138],
[5,40,87,117],
[6,61,79,134],
[7,49,76,140],
[8,37,88,119],
[9,56,104,124],
[10,64,101,127],
[11,36,107,112],
[12,62,102,123],
[13,70,99,126],
[14,42,105,111,146],
[15,59,103,125],
[16,67,100,128],
[17,39,106,113],
[18,60,95,130],
[19,66,86,109],
[20,45,83,142],
[21,57,93,129],
[22,63,84,108],
[23,51,81,141],
[24,54,94,131],
[25,69,85,110],
[26,48,82,143],
[27,47,98,136,144],
[28,71,74,115],
[29,41,92,121],
[30,53,96,135,145],
[31,68,72,114],
[32,38,90,120],
[33,50,97,137],
[34,65,73,116],
[35,44,91,122]],

[[0,44,87,119],
[1,59,78,134,145],
[2,47,75,140],
[3,41,88,118],
[4,56,79,133],
[5,53,76,139],
[6,38,89,117],
[7,62,80,132,144],
[8,50,77,138],
[9,37,105,113],
[10,54,102,125],
[11,65,99,128],
[12,43,106,112,147],
[13,60,103,124],
[14,71,100,127],
[15,40,107,111],
[16,57,104,123],
[17,68,101,126],
[18,46,81,143],
[19,61,93,131],
[20,67,84,110],
[21,52,82,142],
[22,58,94,130],
[23,64,85,109],
[24,49,83,141],
[25,55,95,129],
[26,70,86,108],
[27,39,90,122],
[28,45,96,137],
[29,69,72,116],
[30,36,91,121],
[31,51,97,136,146],
[32,66,73,115],
[33,42,92,120],
[34,48,98,135],
[35,63,74,114]],

[[0,45,76,138],
[1,42,88,117],
[2,57,79,132,146],
[3,51,77,140],
[4,39,89,119],
[5,54,80,134],
[6,48,75,139],
[7,36,87,118],
[8,60,78,133],
[9,63,100,126],
[10,38,106,111,144],
[11,55,103,123],
[12,69,101,128],
[13,44,107,113,145],
[14,61,104,125],
[15,66,99,127],
[16,41,105,112],
[17,58,102,124],
[18,68,85,108],
[19,47,82,141],
[20,62,94,129],
[21,65,86,110],
[22,53,83,143],
[23,59,95,131],
[24,71,84,109],
[25,50,81,142],
[26,56,93,130],
[27,70,73,114],
[28,40,91,120],
[29,46,97,135],
[30,67,74,116],
[31,37,92,122],
[32,52,98,137,147],
[33,64,72,115],
[34,43,90,121],
[35,49,96,136]],

[[0,55,73,128,146],
[1,52,79,143],
[2,40,82,122],
[3,61,74,127],
[4,49,80,142],
[5,37,83,121],
[6,58,72,126],
[7,46,78,141],
[8,43,81,120],
[9,62,106,119],
[10,70,103,131],
[11,42,100,116,144],
[12,59,107,118],
[13,67,104,130],
[14,39,101,115,145],
[15,56,105,117],
[16,64,102,129],
[17,36,99,114],
[18,57,97,134],
[19,63,88,113],
[20,51,85,137],
[21,54,98,133],
[22,69,89,112],
[23,48,86,136],
[24,60,96,132],
[25,66,87,111],
[26,45,84,135],
[27,53,91,140],
[28,68,76,110],
[29,38,94,125],
[30,50,92,139,147],
[31,65,77,109],
[32,44,95,124],
[33,47,90,138],
[34,71,75,108],
[35,41,93,123]],

[[0,41,83,120],
[1,56,74,126,147],
[2,53,80,141],
[3,38,81,122],
[4,62,72,128],
[5,50,78,143],
[6,44,82,121],
[7,59,73,127],
[8,47,79,142],
[9,43,101,114],
[10,60,107,117],
[11,71,104,129],
[12,40,99,116,146],
[13,57,105,119],
[14,68,102,131],
[15,37,100,115],
[16,54,106,118],
[17,65,103,130],
[18,52,86,135],
[19,58,98,132],
[20,64,89,111],
[21,49,84,137],
[22,55,96,134],
[23,70,87,113],
[24,46,85,136],
[25,61,97,133],
[26,67,88,112],
[27,36,95,123],
[28,51,92,138,144],
[29,66,77,108],
[30,42,93,125],
[31,48,90,140,145],
[32,63,75,110],
[33,39,94,124],
[34,45,91,139],
[35,69,76,109]],

[[0,51,78,142],
[1,39,81,121],
[2,54,72,127,145],
[3,48,79,141],
[4,36,82,120],
[5,60,73,126],
[6,45,80,143],
[7,42,83,122],
[8,57,74,128,144],
[9,69,102,130],
[10,44,99,115],
[11,61,105,118],
[12,66,103,129],
[13,41,100,114,147],
[14,58,106,117],
[15,63,104,131],
[16,38,101,116],
[17,55,107,119],
[18,65,87,112],
[19,53,84,136],
[20,59,96,133],
[21,71,88,111],
[22,50,85,135],
[23,56,97,132],
[24,68,89,113],
[25,47,86,137],
[26,62,98,134],
[27,67,75,109],
[28,37,93,124],
[29,52,90,139],
[30,64,76,108],
[31,43,94,123],
[32,49,91,138,146],
[33,70,77,110],
[34,40,95,125],
[35,46,92,140]],

[[0,68,90,111],
[1,58,96,141],
[2,48,93,117],
[3,65,91,113],
[4,55,97,143],
[5,45,94,119],
[6,71,92,112],
[7,61,98,142],
[8,51,95,118],
[9,70,84,138],
[10,40,81,126],
[11,46,75,114,146],
[12,67,85,140],
[13,37,82,128],
[14,52,76,116],
[15,64,86,139],
[16,43,83,127],
[17,49,77,115],
[18,41,102,132],
[19,56,87,120,144],
[20,53,105,108],
[21,38,103,134],
[22,62,88,122,145],
[23,50,106,110],
[24,44,104,133],
[25,59,89,121],
[26,47,107,109],
[27,63,99,135],
[28,60,72,123],
[29,39,78,129],
[30,69,100,137],
[31,57,73,125],
[32,36,79,131],
[33,66,101,136,147],
[34,54,74,124],
[35,42,80,130]],

[[0,49,94,118],
[1,66,91,112],
[2,59,97,142],
[3,46,95,117],
[4,63,92,111],
[5,56,98,141],
[6,52,93,119],
[7,69,90,113],
[8,62,96,143],
[9,47,76,115,147],
[10,71,85,139],
[11,41,82,127],
[12,53,77,114],
[13,68,86,138],
[14,38,83,126],
[15,50,75,116],
[16,65,84,140],
[17,44,81,128],
[18,51,106,109],
[19,39,103,133],
[20,54,88,121],
[21,48,107,108],
[22,36,104,132],
[23,60,89,120,146],
[24,45,105,110],
[25,42,102,134],
[26,57,87,122],
[27,40,79,130],
[28,64,100,136],
[29,61,73,124],
[30,37,80,129],
[31,70,101,135,144],
[32,58,74,123],
[33,43,78,131],
[34,67,99,137,145],
[35,55,72,125]],

[[0,57,98,143],
[1,50,95,119],
[2,67,92,113],
[3,54,96,142],
[4,47,93,118],
[5,64,90,112],
[6,60,97,141],
[7,53,94,117],
[8,70,91,111],
[9,39,83,128],
[10,45,77,116,145],
[11,69,86,140],
[12,36,81,127],
[13,51,75,115],
[14,66,84,139],
[15,42,82,126],
[16,48,76,114,144],
[17,63,85,138],
[18,55,89,122],
[19,52,107,110],
[20,40,104,134],
[21,61,87,121,147],
[22,49,105,109],
[23,37,102,133],
[24,58,88,120],
[25,46,106,108],
[26,43,103,132],
[27,62,74,125],
[28,41,80,131],
[29,65,101,137],
[30,59,72,124],
[31,38,78,130],
[32,71,99,136],
[33,56,73,123],
[34,44,79,129],
[35,68,100,135,146]],

[[0,65,95,115],
[1,55,92,136],
[2,45,98,121],
[3,71,93,114],
[4,61,90,135],
[5,51,96,120],
[6,68,94,116],
[7,58,91,137],
[8,48,97,122],
[9,67,89,142],
[10,37,86,130],
[11,52,80,109,145],
[12,64,87,141],
[13,43,84,129],
[14,49,78,108],
[15,70,88,143],
[16,40,85,131],
[17,46,79,110,144],
[18,38,107,127],
[19,62,83,124],
[20,50,101,112],
[21,44,105,126],
[22,59,81,123,147],
[23,47,99,111],
[24,41,106,128],
[25,56,82,125],
[26,53,100,113],
[27,69,104,139],
[28,57,77,118],
[29,36,74,133],
[30,66,102,138],
[31,54,75,117],
[32,42,72,132],
[33,63,103,140,146],
[34,60,76,119],
[35,39,73,134]],

[[0,46,96,122],
[1,63,93,116],
[2,56,90,137],
[3,52,97,121],
[4,69,94,115],
[5,62,91,136],
[6,49,98,120],
[7,66,95,114],
[8,59,92,135],
[9,53,78,110,146],
[10,68,87,143],
[11,38,84,131],
[12,50,79,109],
[13,65,88,142],
[14,44,85,130],
[15,47,80,108],
[16,71,89,141],
[17,41,86,129],
[18,48,99,113],
[19,36,105,128],
[20,60,81,125,144],
[21,45,100,112],
[22,42,106,127],
[23,57,82,124,145],
[24,51,101,111],
[25,39,107,126],
[26,54,83,123],
[27,37,72,134],
[28,70,102,140],
[29,58,75,119],
[30,43,73,133],
[31,67,103,139],
[32,55,76,118],
[33,40,74,132],
[34,64,104,138,147],
[35,61,77,117]],

[[0,54,91,135],
[1,47,97,120],
[2,64,94,114],
[3,60,92,137],
[4,53,98,122],
[5,70,95,116],
[6,57,90,136],
[7,50,96,121],
[8,67,93,115],
[9,36,85,129],
[10,51,79,108,147],
[11,66,88,141],
[12,42,86,131],
[13,48,80,110],
[14,63,89,143],
[15,39,84,130],
[16,45,78,109],
[17,69,87,142],
[18,61,82,123],
[19,49,100,111],
[20,37,106,126],
[21,58,83,125,146],
[22,46,101,113],
[23,43,107,128],
[24,55,81,124],
[25,52,99,112],
[26,40,105,127],
[27,59,76,117],
[28,38,73,132],
[29,71,103,138],
[30,56,77,119],
[31,44,74,134],
[32,68,104,140,144],
[33,62,75,118],
[34,41,72,133],
[35,65,102,139,145]],

[[0,71,97,110],
[1,61,94,140],
[2,51,91,125],
[3,68,98,109],
[4,58,95,139],
[5,48,92,124],
[6,65,96,108],
[7,55,93,138],
[8,45,90,123],
[9,64,82,137],
[10,43,88,134],
[11,49,73,113,147],
[12,70,83,136],
[13,40,89,133],
[14,46,74,112],
[15,67,81,135],
[16,37,87,132],
[17,52,72,111],
[18,44,100,131],
[19,59,85,119],
[20,47,103,116],
[21,41,101,130],
[22,56,86,118,146],
[23,53,104,115],
[24,38,99,129],
[25,62,84,117],
[26,50,102,114],
[27,66,106,143],
[28,54,79,122],
[29,42,76,128],
[30,63,107,142,144],
[31,60,80,121],
[32,39,77,127],
[33,69,105,141,145],
[34,57,78,120],
[35,36,75,126]],

[[0,52,92,123],
[1,69,98,108],
[2,62,95,138],
[3,49,90,125],
[4,66,96,110],
[5,59,93,140],
[6,46,91,124],
[7,63,97,109],
[8,56,94,139],
[9,50,74,111,145],
[10,65,83,135],
[11,44,89,132],
[12,47,72,113],
[13,71,81,137],
[14,41,87,134],
[15,53,73,112,144],
[16,68,82,136],
[17,38,88,133],
[18,45,104,114],
[19,42,101,129],
[20,57,86,117],
[21,51,102,116],
[22,39,99,131],
[23,54,84,119,147],
[24,48,103,115],
[25,36,100,130],
[26,60,85,118],
[27,43,77,126],
[28,67,107,141],
[29,55,80,120],
[30,40,75,128],
[31,64,105,143],
[32,61,78,122],
[33,37,76,127],
[34,70,106,142,146],
[35,58,79,121]],

[[0,60,93,139],
[1,53,90,124],
[2,70,96,109],
[3,57,94,138],
[4,50,91,123],
[5,67,97,108],
[6,54,95,140],
[7,47,92,125],
[8,64,98,110],
[9,42,87,133],
[10,48,72,112,146],
[11,63,81,136],
[12,39,88,132],
[13,45,73,111],
[14,69,82,135],
[15,36,89,134],
[16,51,74,113],
[17,66,83,137],
[18,58,84,118,144],
[19,46,102,115],
[20,43,99,130],
[21,55,85,117,145],
[22,52,103,114],
[23,40,100,129],
[24,61,86,119],
[25,49,104,116],
[26,37,101,131],
[27,56,78,121],
[28,44,75,127],
[29,68,105,142],
[30,62,79,120],
[31,41,76,126],
[32,65,106,141],
[33,59,80,122],
[34,38,77,128],
[35,71,107,143,147]]

]
