[[[0,1,2,3,4,5],
[6,7,8,9,10,11],
[12,13,14,15,16,17],
[18,19,20,21,22,23],
[24,25,26,27,28,29],
[30,31,32,33,34,35],
[36,37,38,39,40,41],
[42,43,44,45,46,47],
[48,49,50,51,52,53],
[54,55,56,57,58,59],
[60,61,62,63,64,65],
[66,67,68,69,70,71],
[72,73,74,75,76,77],
[78,79,80,81,82,83],
[84,85,86,87,88,89],
[90,91,92,93,94,95],
[96,97,98,99,100,101],
[102,103,104,105,106,107],
[108,109,110,111,112],
[113,114,115,116,117],
[118,119,120,121,122],
[123,124,125,126,127],
[128,129,130,131,132],
[133,134,135,136,137],
[138,139,140,141,142],
[143,144,145,146,147]],

[[0,7,14,21,28,35],
[6,13,20,27,34,41],
[12,19,26,33,40,47],
[18,25,32,39,46,53],
[24,31,38,45,52,59],
[30,37,44,51,58,65],
[36,43,50,57,64,71],
[42,49,56,63,70,77],
[48,55,62,69,76,83],
[54,61,68,75,82,89],
[60,67,74,81,88,95],
[66,73,80,87,94,101],
[72,79,86,93,100,107],
[78,85,92,99,106,112],
[84,91,98,105,111,117],
[90,97,104,110,116,122],
[96,103,109,115,121,127],
[102,108,114,120,126,132],
[113,119,125,131,137],
[118,124,130,136,142],
[123,129,135,141,147],
[5,128,134,140,146],
[4,11,133,139,145],
[3,10,17,138,144],
[2,9,16,23,143],
[1,8,15,22,29]],

[[0,8,13,23,33,46],
[6,14,19,29,39,52],
[12,20,25,35,45,58],
[18,26,31,41,51,64],
[24,32,37,47,57,70],
[30,38,43,53,63,76],
[36,44,49,59,69,82],
[42,50,55,65,75,88],
[48,56,61,71,81,94],
[54,62,67,77,87,100],
[60,68,73,83,93,106],
[66,74,79,89,99,111],
[72,80,85,95,105,116],
[78,86,91,101,110,121],
[84,92,97,107,115,126],
[90,98,103,112,120,131],
[96,104,108,117,125,136],
[102,109,113,122,130,141],
[114,118,127,135,146],
[4,119,123,132,140],
[10,124,128,137,145],
[3,16,129,133,142],
[9,22,134,138,147],
[5,15,28,139,143],
[1,11,21,34,144],
[2,7,17,27,40]],

[[0,9,17,19,32,58],
[6,15,23,25,38,64],
[12,21,29,31,44,70],
[18,27,35,37,50,76],
[24,33,41,43,56,82],
[30,39,47,49,62,88],
[36,45,53,55,68,94],
[42,51,59,61,74,100],
[48,57,65,67,80,106],
[54,63,71,73,86,111],
[60,69,77,79,92,116],
[66,75,83,85,98,121],
[72,81,89,91,104,126],
[78,87,95,97,109,131],
[84,93,101,103,114,136],
[90,99,107,108,119,141],
[96,105,112,113,124,146],
[4,102,110,117,118,129],
[10,115,122,123,134],
[16,120,127,128,139],
[22,125,132,133,144],
[2,28,130,137,138],
[8,34,135,142,143],
[1,14,40,140,147],
[5,7,20,46,145],
[3,11,13,26,52]],

[[0,10,15,20,31,47],
[6,16,21,26,37,53],
[12,22,27,32,43,59],
[18,28,33,38,49,65],
[24,34,39,44,55,71],
[30,40,45,50,61,77],
[36,46,51,56,67,83],
[42,52,57,62,73,89],
[48,58,63,68,79,95],
[54,64,69,74,85,101],
[60,70,75,80,91,107],
[66,76,81,86,97,112],
[72,82,87,92,103,117],
[78,88,93,98,108,122],
[84,94,99,104,113,127],
[90,100,105,109,118,132],
[96,106,110,114,123,137],
[102,111,115,119,128,142],
[116,120,124,133,147],
[5,121,125,129,138],
[11,126,130,134,143],
[1,17,131,135,139],
[7,23,136,140,144],
[2,13,29,141,145],
[3,8,19,35,146],
[4,9,14,25,41]],

[[0,11,16,25,44,57],
[6,17,22,31,50,63],
[12,23,28,37,56,69],
[18,29,34,43,62,75],
[24,35,40,49,68,81],
[30,41,46,55,74,87],
[36,47,52,61,80,93],
[42,53,58,67,86,99],
[48,59,64,73,92,105],
[54,65,70,79,98,110],
[60,71,76,85,104,115],
[66,77,82,91,109,120],
[72,83,88,97,114,125],
[78,89,94,103,119,130],
[84,95,100,108,124,135],
[90,101,106,113,129,140],
[96,107,111,118,134,145],
[3,102,112,116,123,139],
[9,117,121,128,144],
[2,15,122,126,133],
[8,21,127,131,138],
[14,27,132,136,143],
[1,20,33,137,141],
[7,26,39,142,146],
[4,13,32,45,147],
[5,10,19,38,51]],

[[0,22,26,45,49,71],
[6,28,32,51,55,77],
[12,34,38,57,61,83],
[18,40,44,63,67,89],
[24,46,50,69,73,95],
[30,52,56,75,79,101],
[36,58,62,81,85,107],
[42,64,68,87,91,112],
[48,70,74,93,97,117],
[54,76,80,99,103,122],
[60,82,86,105,108,127],
[66,88,92,110,113,132],
[72,94,98,115,118,137],
[78,100,104,120,123,142],
[84,106,109,125,128,147],
[5,90,111,114,130,133],
[11,96,116,119,135,138],
[17,102,121,124,140,143],
[1,23,126,129,145],
[3,7,29,131,134],
[9,13,35,136,139],
[15,19,41,141,144],
[2,21,25,47,146],
[4,8,27,31,53],
[10,14,33,37,59],
[16,20,39,43,65]],

[[0,27,38,55,70,89],
[6,33,44,61,76,95],
[12,39,50,67,82,101],
[18,45,56,73,88,107],
[24,51,62,79,94,112],
[30,57,68,85,100,117],
[36,63,74,91,106,122],
[42,69,80,97,111,127],
[48,75,86,103,116,132],
[54,81,92,108,121,137],
[60,87,98,113,126,142],
[66,93,104,118,131,147],
[5,72,99,109,123,136],
[11,78,105,114,128,141],
[17,84,110,119,133,146],
[4,23,90,115,124,138],
[10,29,96,120,129,143],
[1,16,35,102,125,134],
[7,22,41,130,139],
[13,28,47,135,144],
[2,19,34,53,140],
[8,25,40,59,145],
[3,14,31,46,65],
[9,20,37,52,71],
[15,26,43,58,77],
[21,32,49,64,83]],

[[0,29,37,63,80,88],
[6,35,43,69,86,94],
[12,41,49,75,92,100],
[18,47,55,81,98,106],
[24,53,61,87,104,111],
[30,59,67,93,109,116],
[36,65,73,99,114,121],
[42,71,79,105,119,126],
[48,77,85,110,124,131],
[54,83,91,115,129,136],
[60,89,97,120,134,141],
[66,95,103,125,139,146],
[4,72,101,108,130,144],
[2,10,78,107,113,135],
[8,16,84,112,118,140],
[14,22,90,117,123,145],
[3,20,28,96,122,128],
[9,26,34,102,127,133],
[15,32,40,132,138],
[21,38,46,137,143],
[1,27,44,52,142],
[7,33,50,58,147],
[5,13,39,56,64],
[11,19,45,62,70],
[17,25,51,68,76],
[23,31,57,74,82]],

[[0,34,50,59,79,87],
[6,40,56,65,85,93],
[12,46,62,71,91,99],
[18,52,68,77,97,105],
[24,58,74,83,103,110],
[30,64,80,89,108,115],
[36,70,86,95,113,120],
[42,76,92,101,118,125],
[48,82,98,107,123,130],
[54,88,104,112,128,135],
[60,94,109,117,133,140],
[66,100,114,122,138,145],
[3,72,106,119,127,143],
[1,9,78,111,124,132],
[7,15,84,116,129,137],
[13,21,90,121,134,142],
[19,27,96,126,139,147],
[5,25,33,102,131,144],
[2,11,31,39,136],
[8,17,37,45,141],
[14,23,43,51,146],
[4,20,29,49,57],
[10,26,35,55,63],
[16,32,41,61,69],
[22,38,47,67,75],
[28,44,53,73,81]],

[[0,39,61,86,106,117],
[6,45,67,92,111,122],
[12,51,73,98,116,127],
[18,57,79,104,121,132],
[24,63,85,109,126,137],
[30,69,91,114,131,142],
[36,75,97,119,136,147],
[5,42,81,103,124,141],
[11,48,87,108,129,146],
[4,17,54,93,113,134],
[10,23,60,99,118,139],
[16,29,66,105,123,144],
[2,22,35,72,110,128],
[8,28,41,78,115,133],
[14,34,47,84,120,138],
[20,40,53,90,125,143],
[1,26,46,59,96,130],
[7,32,52,65,102,135],
[13,38,58,71,140],
[19,44,64,77,145],
[3,25,50,70,83],
[9,31,56,76,89],
[15,37,62,82,95],
[21,43,68,88,101],
[27,49,74,94,107],
[33,55,80,100,112]],

[[0,40,43,74,105,137],
[6,46,49,80,110,142],
[12,52,55,86,115,147],
[5,18,58,61,92,120],
[11,24,64,67,98,125],
[17,30,70,73,104,130],
[23,36,76,79,109,135],
[29,42,82,85,114,140],
[35,48,88,91,119,145],
[3,41,54,94,97,124],
[9,47,60,100,103,129],
[15,53,66,106,108,134],
[21,59,72,111,113,139],
[27,65,78,116,118,144],
[2,33,71,84,121,123],
[8,39,77,90,126,128],
[14,45,83,96,131,133],
[20,51,89,102,136,138],
[26,57,95,141,143],
[1,32,63,101,146],
[4,7,38,69,107],
[10,13,44,75,112],
[16,19,50,81,117],
[22,25,56,87,122],
[28,31,62,93,127],
[34,37,68,99,132]],

[[0,41,52,67,104,140],
[6,47,58,73,109,145],
[3,12,53,64,79,114],
[9,18,59,70,85,119],
[15,24,65,76,91,124],
[21,30,71,82,97,129],
[27,36,77,88,103,134],
[33,42,83,94,108,139],
[39,48,89,100,113,144],
[2,45,54,95,106,118],
[8,51,60,101,111,123],
[14,57,66,107,116,128],
[20,63,72,112,121,133],
[26,69,78,117,126,138],
[32,75,84,122,131,143],
[1,38,81,90,127,136],
[7,44,87,96,132,141],
[13,50,93,102,137,146],
[4,19,56,99,142],
[10,25,62,105,147],
[5,16,31,68,110],
[11,22,37,74,115],
[17,28,43,80,120],
[23,34,49,86,125],
[29,40,55,92,130],
[35,46,61,98,135]],

[[0,53,56,97,121,130],
[6,59,62,103,126,135],
[12,65,68,108,131,140],
[18,71,74,113,136,145],
[3,24,77,80,118,141],
[9,30,83,86,123,146],
[4,15,36,89,92,128],
[10,21,42,95,98,133],
[16,27,48,101,104,138],
[22,33,54,107,109,143],
[1,28,39,60,112,114],
[7,34,45,66,117,119],
[13,40,51,72,122,124],
[19,46,57,78,127,129],
[25,52,63,84,132,134],
[31,58,69,90,137,139],
[37,64,75,96,142,144],
[2,43,70,81,102,147],
[5,8,49,76,87],
[11,14,55,82,93],
[17,20,61,88,99],
[23,26,67,94,105],
[29,32,73,100,110],
[35,38,79,106,115],
[41,44,85,111,120],
[47,50,91,116,125]],

[[0,62,108,116,142,145],
[3,6,68,113,121,147],
[5,9,12,74,118,126],
[11,15,18,80,123,131],
[17,21,24,86,128,136],
[23,27,30,92,133,141],
[29,33,36,98,138,146],
[4,35,39,42,104,143],
[1,10,41,45,48,109],
[7,16,47,51,54,114],
[13,22,53,57,60,119],
[19,28,59,63,66,124],
[25,34,65,69,72,129],
[31,40,71,75,78,134],
[37,46,77,81,84,139],
[43,52,83,87,90,144],
[2,49,58,89,93,96],
[8,55,64,95,99,102],
[14,61,70,101,105],
[20,67,76,107,110],
[26,73,82,112,115],
[32,79,88,117,120],
[38,85,94,122,125],
[44,91,100,127,130],
[50,97,106,132,135],
[56,103,111,137,140]]

]