[[[0,33,66,99],
[1,43,81,120],
[2,58,77,109],
[3,48,96,123,137],
[4,65,90,106],
[5,54,67,101],
[6,61,95,104,148],
[7,38,75,131,132],
[8,51,72,113],
[9,56,80,124,140],
[10,42,82,100,138],
[11,40,85,111,144],
[12,64,94,116],
[13,37,92,129],
[14,60,68,115],
[15,52,88,108],
[16,50,97,122,143],
[17,55,87,125,135],
[18,62,79,127,147],
[19,49,84,130],
[20,59,70,105],
[21,39,78,102,142],
[22,47,74,114,139],
[23,44,86,117],
[24,41,69,119,146],
[25,45,76,128],
[26,34,93,103,133],
[27,53,71,107],
[28,63,83,112],
[29,36,98,126,134],
[30,57,73,118,136],
[31,46,89,110,141],
[32,35,91,121,145]],

[[0,36,92,122,146],
[1,34,67,100],
[2,44,82,121],
[3,59,78,110],
[4,49,97,124,138],
[5,33,91,107],
[6,55,68,102],
[7,62,96,105],
[8,39,76,99,133],
[9,52,73,114],
[10,57,81,125,141],
[11,43,83,101,139],
[12,41,86,112,145],
[13,65,95,117,132],
[14,38,93,130],
[15,61,69,116],
[16,53,89,109],
[17,51,98,123,144],
[18,56,88,126,136],
[19,63,80,128,148],
[20,50,85,131],
[21,60,71,106],
[22,40,79,103,143],
[23,48,75,115,140],
[24,45,87,118],
[25,42,70,120,147],
[26,46,77,129],
[27,35,94,104,134],
[28,54,72,108],
[29,64,84,113],
[30,37,66,127,135],
[31,58,74,119,137],
[32,47,90,111,142]],

[[0,48,91,112,143],
[1,37,93,123,147],
[2,35,68,101],
[3,45,83,122],
[4,60,79,111],
[5,50,98,125,139],
[6,34,92,108],
[7,56,69,103],
[8,63,97,106],
[9,40,77,100,134],
[10,53,74,115],
[11,58,82,126,142],
[12,44,84,102,140],
[13,42,87,113,146],
[14,33,96,118,133],
[15,39,94,131],
[16,62,70,117],
[17,54,90,110,132],
[18,52,66,124,145],
[19,57,89,127,137],
[20,64,81,129],
[21,51,86,99],
[22,61,72,107],
[23,41,80,104,144],
[24,49,76,116,141],
[25,46,88,119],
[26,43,71,121,148],
[27,47,78,130],
[28,36,95,105,135],
[29,55,73,109],
[30,65,85,114],
[31,38,67,128,136],
[32,59,75,120,138]],

[[0,60,76,121,139],
[1,49,92,113,144],
[2,38,94,124,148],
[3,36,69,102],
[4,46,84,123],
[5,61,80,112],
[6,51,66,126,140],
[7,35,93,109],
[8,57,70,104,132],
[9,64,98,107],
[10,41,78,101,135],
[11,54,75,116],
[12,59,83,127,143],
[13,45,85,103,141],
[14,43,88,114,147],
[15,34,97,119,134],
[16,40,95,99],
[17,63,71,118],
[18,55,91,111,133],
[19,53,67,125,146],
[20,58,90,128,138],
[21,65,82,130],
[22,52,87,100],
[23,62,73,108],
[24,42,81,105,145],
[25,50,77,117,142],
[26,47,89,120],
[27,44,72,122],
[28,48,79,131],
[29,37,96,106,136],
[30,56,74,110],
[31,33,86,115],
[32,39,68,129,137]],

[[0,40,69,130,138],
[1,61,77,122,140],
[2,50,93,114,145],
[3,39,95,125],
[4,37,70,103],
[5,47,85,124],
[6,62,81,113],
[7,52,67,127,141],
[8,36,94,110],
[9,58,71,105,133],
[10,65,66,108],
[11,42,79,102,136],
[12,55,76,117],
[13,60,84,128,144],
[14,46,86,104,142],
[15,44,89,115,148],
[16,35,98,120,135],
[17,41,96,100],
[18,64,72,119],
[19,56,92,112,134],
[20,54,68,126,147],
[21,59,91,129,139],
[22,33,83,131],
[23,53,88,101],
[24,63,74,109,132],
[25,43,82,106,146],
[26,51,78,118,143],
[27,48,90,121],
[28,45,73,123],
[29,49,80,99],
[30,38,97,107,137],
[31,57,75,111],
[32,34,87,116]],

[[0,35,88,117],
[1,41,70,131,139],
[2,62,78,123,141],
[3,51,94,115,146],
[4,40,96,126],
[5,38,71,104],
[6,48,86,125],
[7,63,82,114],
[8,53,68,128,142],
[9,37,95,111],
[10,59,72,106,134],
[11,33,67,109],
[12,43,80,103,137],
[13,56,77,118],
[14,61,85,129,145],
[15,47,87,105,143],
[16,45,90,116],
[17,36,66,121,136],
[18,42,97,101],
[19,65,73,120],
[20,57,93,113,135],
[21,55,69,127,148],
[22,60,92,130,140],
[23,34,84,99],
[24,54,89,102],
[25,64,75,110,133],
[26,44,83,107,147],
[27,52,79,119,144],
[28,49,91,122],
[29,46,74,124],
[30,50,81,100,132],
[31,39,98,108,138],
[32,58,76,112]],

[[0,59,77,113,132],
[1,36,89,118],
[2,42,71,99,140],
[3,63,79,124,142],
[4,52,95,116,147],
[5,41,97,127],
[6,39,72,105],
[7,49,87,126],
[8,64,83,115],
[9,54,69,129,143],
[10,38,96,112],
[11,60,73,107,135],
[12,34,68,110],
[13,44,81,104,138],
[14,57,78,119],
[15,62,86,130,146],
[16,48,88,106,144],
[17,46,91,117],
[18,37,67,122,137],
[19,43,98,102],
[20,33,74,121],
[21,58,94,114,136],
[22,56,70,128],
[23,61,93,131,141],
[24,35,85,100],
[25,55,90,103],
[26,65,76,111,134],
[27,45,84,108,148],
[28,53,80,120,145],
[29,50,92,123],
[30,47,75,125],
[31,51,82,101,133],
[32,40,66,109,139]],

[[0,41,67,110,140],
[1,60,78,114,133],
[2,37,90,119],
[3,43,72,100,141],
[4,64,80,125,143],
[5,53,96,117,148],
[6,42,98,128],
[7,40,73,106],
[8,50,88,127],
[9,65,84,116],
[10,55,70,130,144],
[11,39,97,113],
[12,61,74,108,136],
[13,35,69,111],
[14,45,82,105,139],
[15,58,79,120],
[16,63,87,131,147],
[17,49,89,107,145],
[18,47,92,118],
[19,38,68,123,138],
[20,44,66,103,132],
[21,34,75,122],
[22,59,95,115,137],
[23,57,71,129],
[24,62,94,99,142],
[25,36,86,101],
[26,56,91,104],
[27,33,77,112,135],
[28,46,85,109],
[29,54,81,121,146],
[30,51,93,124],
[31,48,76,126],
[32,52,83,102,134]],

[[0,53,84,103,135],
[1,42,68,111,141],
[2,61,79,115,134],
[3,38,91,120],
[4,44,73,101,142],
[5,65,81,126,144],
[6,54,97,118],
[7,43,66,129],
[8,41,74,107],
[9,51,89,128,132],
[10,33,85,117],
[11,56,71,131,145],
[12,40,98,114],
[13,62,75,109,137],
[14,36,70,112],
[15,46,83,106,140],
[16,59,80,121],
[17,64,88,99,148],
[18,50,90,108,146],
[19,48,93,119],
[20,39,69,124,139],
[21,45,67,104,133],
[22,35,76,123],
[23,60,96,116,138],
[24,58,72,130],
[25,63,95,100,143],
[26,37,87,102],
[27,57,92,105],
[28,34,78,113,136],
[29,47,86,110],
[30,55,82,122,147],
[31,52,94,125],
[32,49,77,127]],

[[0,50,78,128],
[1,54,85,104,136],
[2,43,69,112,142],
[3,62,80,116,135],
[4,39,92,121],
[5,45,74,102,143],
[6,33,82,127,145],
[7,55,98,119],
[8,44,67,130],
[9,42,75,108],
[10,52,90,129,133],
[11,34,86,118],
[12,57,72,99,146],
[13,41,66,115],
[14,63,76,110,138],
[15,37,71,113],
[16,47,84,107,141],
[17,60,81,122],
[18,65,89,100],
[19,51,91,109,147],
[20,49,94,120],
[21,40,70,125,140],
[22,46,68,105,134],
[23,36,77,124],
[24,61,97,117,139],
[25,59,73,131],
[26,64,96,101,144],
[27,38,88,103],
[28,58,93,106,132],
[29,35,79,114,137],
[30,48,87,111],
[31,56,83,123,148],
[32,53,95,126]],

[[0,54,96,127],
[1,51,79,129],
[2,55,86,105,137],
[3,44,70,113,143],
[4,63,81,117,136],
[5,40,93,122],
[6,46,75,103,144],
[7,34,83,128,146],
[8,56,66,120],
[9,45,68,131],
[10,43,76,109],
[11,53,91,130,134],
[12,35,87,119,132],
[13,58,73,100,147],
[14,42,67,116],
[15,64,77,111,139],
[16,38,72,114],
[17,48,85,108,142],
[18,61,82,123],
[19,33,90,101],
[20,52,92,110,148],
[21,50,95,121],
[22,41,71,126,141],
[23,47,69,106,135],
[24,37,78,125],
[25,62,98,118,140],
[26,60,74,99],
[27,65,97,102,145],
[28,39,89,104],
[29,59,94,107,133],
[30,36,80,115,138],
[31,49,88,112],
[32,57,84,124]],

[[0,58,85,125],
[1,55,97,128],
[2,52,80,130],
[3,56,87,106,138],
[4,45,71,114,144],
[5,64,82,118,137],
[6,41,94,123,132],
[7,47,76,104,145],
[8,35,84,129,147],
[9,57,67,121],
[10,46,69,99],
[11,44,77,110],
[12,54,92,131,135],
[13,36,88,120,133],
[14,59,74,101,148],
[15,43,68,117],
[16,65,78,112,140],
[17,39,73,115],
[18,49,86,109,143],
[19,62,83,124],
[20,34,91,102],
[21,53,93,111],
[22,51,96,122],
[23,42,72,127,142],
[24,48,70,107,136],
[25,38,79,126],
[26,63,66,119,141],
[27,61,75,100],
[28,33,98,103,146],
[29,40,90,105],
[30,60,95,108,134],
[31,37,81,116,139],
[32,50,89,113]],

[[0,51,90,114],
[1,59,86,126],
[2,56,98,129,132],
[3,53,81,131],
[4,57,88,107,139],
[5,46,72,115,145],
[6,65,83,119,138],
[7,42,95,124,133],
[8,48,77,105,146],
[9,36,85,130,148],
[10,58,68,122],
[11,47,70,100],
[12,45,78,111],
[13,55,93,99,136],
[14,37,89,121,134],
[15,60,75,102],
[16,44,69,118],
[17,33,79,113,141],
[18,40,74,116],
[19,50,87,110,144],
[20,63,84,125],
[21,35,92,103],
[22,54,94,112],
[23,52,97,123],
[24,43,73,128,143],
[25,49,71,108,137],
[26,39,80,127],
[27,64,67,120,142],
[28,62,76,101],
[29,34,66,104,147],
[30,41,91,106],
[31,61,96,109,135],
[32,38,82,117,140]],

[[0,39,83,118,141],
[1,52,91,115],
[2,60,87,127],
[3,57,66,130,133],
[4,54,82,99],
[5,58,89,108,140],
[6,47,73,116,146],
[7,33,84,120,139],
[8,43,96,125,134],
[9,49,78,106,147],
[10,37,86,131],
[11,59,69,123],
[12,48,71,101],
[13,46,79,112],
[14,56,94,100,137],
[15,38,90,122,135],
[16,61,76,103],
[17,45,70,119],
[18,34,80,114,142],
[19,41,75,117],
[20,51,88,111,145],
[21,64,85,126,132],
[22,36,93,104],
[23,55,95,113],
[24,53,98,124],
[25,44,74,129,144],
[26,50,72,109,138],
[27,40,81,128],
[28,65,68,121,143],
[29,63,77,102],
[30,35,67,105,148],
[31,42,92,107],
[32,62,97,110,136]],

[[0,63,98,111,137],
[1,40,84,119,142],
[2,53,92,116],
[3,61,88,128],
[4,58,67,131,134],
[5,55,83,100],
[6,59,90,109,141],
[7,48,74,117,147],
[8,34,85,121,140],
[9,44,97,126,135],
[10,50,79,107,148],
[11,38,87,99],
[12,60,70,124],
[13,49,72,102],
[14,47,80,113],
[15,57,95,101,138],
[16,39,91,123,136],
[17,62,77,104],
[18,46,71,120,132],
[19,35,81,115,143],
[20,42,76,118],
[21,52,89,112,146],
[22,65,86,127,133],
[23,37,94,105],
[24,56,96,114],
[25,54,66,125],
[26,45,75,130,145],
[27,51,73,110,139],
[28,41,82,129],
[29,33,69,122,144],
[30,64,78,103],
[31,36,68,106],
[32,43,93,108]],

[[0,44,94,109],
[1,64,66,112,138],
[2,41,85,120,143],
[3,54,93,117],
[4,62,89,129],
[5,59,68,99,135],
[6,56,84,101],
[7,60,91,110,142],
[8,49,75,118,148],
[9,35,86,122,141],
[10,45,98,127,136],
[11,51,80,108],
[12,39,88,100],
[13,61,71,125],
[14,50,73,103],
[15,48,81,114],
[16,58,96,102,139],
[17,40,92,124,137],
[18,63,78,105],
[19,47,72,121,133],
[20,36,82,116,144],
[21,43,77,119],
[22,53,90,113,147],
[23,33,87,128,134],
[24,38,95,106],
[25,57,97,115],
[26,55,67,126],
[27,46,76,131,146],
[28,52,74,111,140],
[29,42,83,130,132],
[30,34,70,123,145],
[31,65,79,104],
[32,37,69,107]],

[[0,38,70,108],
[1,45,95,110],
[2,65,67,113,139],
[3,42,86,121,144],
[4,55,94,118],
[5,63,90,130],
[6,60,69,100,136],
[7,57,85,102],
[8,61,92,111,143],
[9,50,76,119],
[10,36,87,123,142],
[11,46,66,128,137],
[12,52,81,109],
[13,40,89,101],
[14,62,72,126],
[15,51,74,104],
[16,49,82,115,132],
[17,59,97,103,140],
[18,41,93,125,138],
[19,64,79,106],
[20,48,73,122,134],
[21,37,83,117,145],
[22,44,78,120],
[23,54,91,114,148],
[24,34,88,129,135],
[25,39,96,107],
[26,58,98,116],
[27,56,68,127],
[28,47,77,99,147],
[29,53,75,112,141],
[30,43,84,131,133],
[31,35,71,124,146],
[32,33,80,105]],

[[0,34,81,106],
[1,39,71,109],
[2,46,96,111],
[3,33,68,114,140],
[4,43,87,122,145],
[5,56,95,119],
[6,64,91,131],
[7,61,70,101,137],
[8,58,86,103],
[9,62,93,112,144],
[10,51,77,120],
[11,37,88,124,143],
[12,47,67,129,138],
[13,53,82,110],
[14,41,90,102],
[15,63,73,127],
[16,52,75,105],
[17,50,83,116,133],
[18,60,98,104,141],
[19,42,94,126,139],
[20,65,80,107],
[21,49,74,123,135],
[22,38,84,118,146],
[23,45,79,121,132],
[24,55,92,115],
[25,35,89,130,136],
[26,40,97,108],
[27,59,66,117],
[28,57,69,128],
[29,48,78,100,148],
[30,54,76,113,142],
[31,44,85,99,134],
[32,36,72,125,147]],

[[0,37,73,126,148],
[1,35,82,107],
[2,40,72,110],
[3,47,97,112,132],
[4,34,69,115,141],
[5,44,88,123,146],
[6,57,96,120],
[7,65,92,99],
[8,62,71,102,138],
[9,59,87,104],
[10,63,94,113,145],
[11,52,78,121],
[12,38,89,125,144],
[13,48,68,130,139],
[14,54,83,111],
[15,42,91,103],
[16,64,74,128],
[17,53,76,106],
[18,51,84,117,134],
[19,61,66,105,142],
[20,43,95,127,140],
[21,33,81,108],
[22,50,75,124,136],
[23,39,85,119,147],
[24,46,80,122,133],
[25,56,93,116],
[26,36,90,131,137],
[27,41,98,109],
[28,60,67,118],
[29,58,70,129],
[30,49,79,101],
[31,55,77,114,143],
[32,45,86,100,135]],

[[0,46,87,101,136],
[1,38,74,127],
[2,36,83,108],
[3,41,73,111],
[4,48,98,113,133],
[5,35,70,116,142],
[6,45,89,124,147],
[7,58,97,121],
[8,33,93,100],
[9,63,72,103,139],
[10,60,88,105,132],
[11,64,95,114,146],
[12,53,79,122],
[13,39,90,126,145],
[14,49,69,131,140],
[15,55,84,112],
[16,43,92,104],
[17,65,75,129],
[18,54,77,107],
[19,52,85,118,135],
[20,62,67,106,143],
[21,44,96,128,141],
[22,34,82,109],
[23,51,76,125,137],
[24,40,86,120,148],
[25,47,81,123,134],
[26,57,94,117],
[27,37,91,99,138],
[28,42,66,110],
[29,61,68,119],
[30,59,71,130],
[31,50,80,102],
[32,56,78,115,144]],

[[0,57,79,116,145],
[1,47,88,102,137],
[2,39,75,128],
[3,37,84,109],
[4,42,74,112],
[5,49,66,114,134],
[6,36,71,117,143],
[7,46,90,125,148],
[8,59,98,122],
[9,34,94,101],
[10,64,73,104,140],
[11,61,89,106,133],
[12,65,96,115,147],
[13,54,80,123],
[14,40,91,127,146],
[15,50,70,99,141],
[16,56,85,113],
[17,44,93,105],
[18,33,76,130],
[19,55,78,108,132],
[20,53,86,119,136],
[21,63,68,107,144],
[22,45,97,129,142],
[23,35,83,110],
[24,52,77,126,138],
[25,41,87,121],
[26,48,82,124,135],
[27,58,95,118],
[28,38,92,100,139],
[29,43,67,111],
[30,62,69,120],
[31,60,72,131],
[32,51,81,103]],

[[0,52,82,104],
[1,58,80,117,146],
[2,48,89,103,138],
[3,40,76,129],
[4,38,85,110],
[5,43,75,113],
[6,50,67,115,135],
[7,37,72,118,144],
[8,47,91,126],
[9,60,66,123],
[10,35,95,102],
[11,65,74,105,141],
[12,62,90,107,134],
[13,33,97,116,148],
[14,55,81,124],
[15,41,92,128,147],
[16,51,71,100,142],
[17,57,86,114],
[18,45,94,106],
[19,34,77,131],
[20,56,79,109,133],
[21,54,87,120,137],
[22,64,69,108,145],
[23,46,98,130,143],
[24,36,84,111],
[25,53,78,127,139],
[26,42,88,122],
[27,49,83,125,136],
[28,59,96,119],
[29,39,93,101,140],
[30,44,68,112],
[31,63,70,121],
[32,61,73,99,132]],

[[0,62,74,100,133],
[1,53,83,105],
[2,59,81,118,147],
[3,49,90,104,139],
[4,41,77,130],
[5,39,86,111,132],
[6,44,76,114],
[7,51,68,116,136],
[8,38,73,119,145],
[9,48,92,127],
[10,61,67,124],
[11,36,96,103],
[12,33,75,106,142],
[13,63,91,108,135],
[14,34,98,117],
[15,56,82,125],
[16,42,93,129,148],
[17,52,72,101,143],
[18,58,87,115],
[19,46,95,107],
[20,35,78,99],
[21,57,80,110,134],
[22,55,88,121,138],
[23,65,70,109,146],
[24,47,66,131,144],
[25,37,85,112],
[26,54,79,128,140],
[27,43,89,123],
[28,50,84,126,137],
[29,60,97,120],
[30,40,94,102,141],
[31,45,69,113],
[32,64,71,122]],

[[0,65,72,123],
[1,63,75,101,134],
[2,54,84,106],
[3,60,82,119,148],
[4,50,91,105,140],
[5,42,78,131],
[6,40,87,112,133],
[7,45,77,115],
[8,52,69,117,137],
[9,39,74,120,146],
[10,49,93,128],
[11,62,68,125,132],
[12,37,97,104],
[13,34,76,107,143],
[14,64,92,109,136],
[15,35,66,118],
[16,57,83,126],
[17,43,94,130],
[18,53,73,102,144],
[19,59,88,116],
[20,47,96,108],
[21,36,79,100],
[22,58,81,111,135],
[23,56,89,122,139],
[24,33,71,110,147],
[25,48,67,99,145],
[26,38,86,113],
[27,55,80,129,141],
[28,44,90,124],
[29,51,85,127,138],
[30,61,98,121],
[31,41,95,103,142],
[32,46,70,114]],

[[0,47,71,115],
[1,33,73,124],
[2,64,76,102,135],
[3,55,85,107],
[4,61,83,120],
[5,51,92,106,141],
[6,43,79,99],
[7,41,88,113,134],
[8,46,78,116],
[9,53,70,118,138],
[10,40,75,121,147],
[11,50,94,129],
[12,63,69,126,133],
[13,38,98,105],
[14,35,77,108,144],
[15,65,93,110,137],
[16,36,67,119],
[17,58,84,127],
[18,44,95,131],
[19,54,74,103,145],
[20,60,89,117],
[21,48,97,109],
[22,37,80,101,132],
[23,59,82,112,136],
[24,57,90,123,140],
[25,34,72,111,148],
[26,49,68,100,146],
[27,39,87,114],
[28,56,81,130,142],
[29,45,91,125],
[30,52,86,128,139],
[31,62,66,122],
[32,42,96,104,143]],

[[0,43,97,105,144],
[1,48,72,116,132],
[2,34,74,125],
[3,65,77,103,136],
[4,56,86,108],
[5,62,84,121],
[6,52,93,107,142],
[7,44,80,100],
[8,42,89,114,135],
[9,47,79,117],
[10,54,71,119,139],
[11,41,76,122,148],
[12,51,95,130],
[13,64,70,127,134],
[14,39,66,106],
[15,36,78,109,145],
[16,33,94,111,138],
[17,37,68,120],
[18,59,85,128],
[19,45,96,99],
[20,55,75,104,146],
[21,61,90,118],
[22,49,98,110],
[23,38,81,102,133],
[24,60,83,113,137],
[25,58,91,124,141],
[26,35,73,112],
[27,50,69,101,147],
[28,40,88,115],
[29,57,82,131,143],
[30,46,92,126],
[31,53,87,129,140],
[32,63,67,123]],

[[0,64,68,124],
[1,44,98,106,145],
[2,49,73,117,133],
[3,35,75,126],
[4,33,78,104,137],
[5,57,87,109],
[6,63,85,122],
[7,53,94,108,143],
[8,45,81,101],
[9,43,90,115,136],
[10,48,80,118],
[11,55,72,120,140],
[12,42,77,123],
[13,52,96,131],
[14,65,71,128,135],
[15,40,67,107,132],
[16,37,79,110,146],
[17,34,95,112,139],
[18,38,69,121],
[19,60,86,129],
[20,46,97,100],
[21,56,76,105,147],
[22,62,91,119],
[23,50,66,111],
[24,39,82,103,134],
[25,61,84,114,138],
[26,59,92,125,142],
[27,36,74,113],
[28,51,70,102,148],
[29,41,89,116],
[30,58,83,99,144],
[31,47,93,127],
[32,54,88,130,141]],

[[0,55,89,131,142],
[1,65,69,125],
[2,45,66,107,146],
[3,50,74,118,134],
[4,36,76,127,132],
[5,34,79,105,138],
[6,58,88,110],
[7,64,86,123],
[8,54,95,109,144],
[9,46,82,102],
[10,44,91,116,137],
[11,49,81,119],
[12,56,73,121,141],
[13,43,78,124],
[14,53,97,99],
[15,33,72,129,136],
[16,41,68,108,133],
[17,38,80,111,147],
[18,35,96,113,140],
[19,39,70,122],
[20,61,87,130],
[21,47,98,101],
[22,57,77,106,148],
[23,63,92,120],
[24,51,67,112],
[25,40,83,104,135],
[26,62,85,115,139],
[27,60,93,126,143],
[28,37,75,114],
[29,52,71,103],
[30,42,90,117],
[31,59,84,100,145],
[32,48,94,128]],

[[0,49,95,129],
[1,56,90,99,143],
[2,33,70,126],
[3,46,67,108,147],
[4,51,75,119,135],
[5,37,77,128,133],
[6,35,80,106,139],
[7,59,89,111],
[8,65,87,124],
[9,55,96,110,145],
[10,47,83,103],
[11,45,92,117,138],
[12,50,82,120],
[13,57,74,122,142],
[14,44,79,125],
[15,54,98,100],
[16,34,73,130,137],
[17,42,69,109,134],
[18,39,81,112,148],
[19,36,97,114,141],
[20,40,71,123],
[21,62,88,131],
[22,48,66,102],
[23,58,78,107],
[24,64,93,121],
[25,52,68,113],
[26,41,84,105,136],
[27,63,86,116,140],
[28,61,94,127,144],
[29,38,76,115],
[30,53,72,104],
[31,43,91,118,132],
[32,60,85,101,146]],

[[0,61,86,102,147],
[1,50,96,130],
[2,57,91,100,144],
[3,34,71,127],
[4,47,68,109,148],
[5,52,76,120,136],
[6,38,78,129,134],
[7,36,81,107,140],
[8,60,90,112],
[9,33,88,125],
[10,56,97,111,146],
[11,48,84,104],
[12,46,93,118,139],
[13,51,83,121],
[14,58,75,123,143],
[15,45,80,126],
[16,55,66,101],
[17,35,74,131,138],
[18,43,70,110,135],
[19,40,82,113],
[20,37,98,115,142],
[21,41,72,124],
[22,63,89,99],
[23,49,67,103],
[24,59,79,108],
[25,65,94,122],
[26,53,69,114,132],
[27,42,85,106,137],
[28,64,87,117,141],
[29,62,95,128,145],
[30,39,77,116],
[31,54,73,105],
[32,44,92,119,133]],

[[0,45,93,120,134],
[1,62,87,103,148],
[2,51,97,131],
[3,58,92,101,145],
[4,35,72,128],
[5,48,69,110],
[6,53,77,121,137],
[7,39,79,130,135],
[8,37,82,108,141],
[9,61,91,113],
[10,34,89,126],
[11,57,98,112,147],
[12,49,85,105],
[13,47,94,119,140],
[14,52,84,122,132],
[15,59,76,124,144],
[16,46,81,127],
[17,56,67,102],
[18,36,75,99,139],
[19,44,71,111,136],
[20,41,83,114],
[21,38,66,116,143],
[22,42,73,125],
[23,64,90,100],
[24,50,68,104],
[25,60,80,109],
[26,33,95,123],
[27,54,70,115,133],
[28,43,86,107,138],
[29,65,88,118,142],
[30,63,96,129,146],
[31,40,78,117],
[32,55,74,106]],

[[0,56,75,107],
[1,46,94,121,135],
[2,63,88,104],
[3,52,98,99],
[4,59,93,102,146],
[5,36,73,129],
[6,49,70,111],
[7,54,78,122,138],
[8,40,80,131,136],
[9,38,83,109,142],
[10,62,92,114],
[11,35,90,127],
[12,58,66,113,148],
[13,50,86,106],
[14,48,95,120,141],
[15,53,85,123,133],
[16,60,77,125,145],
[17,47,82,128],
[18,57,68,103],
[19,37,76,100,140],
[20,45,72,112,137],
[21,42,84,115],
[22,39,67,117,144],
[23,43,74,126],
[24,65,91,101],
[25,51,69,105],
[26,61,81,110],
[27,34,96,124,132],
[28,55,71,116,134],
[29,44,87,108,139],
[30,33,89,119,143],
[31,64,97,130,147],
[32,41,79,118]],

[[0,42,80,119],
[1,57,76,108],
[2,47,95,122,136],
[3,64,89,105],
[4,53,66,100],
[5,60,94,103,147],
[6,37,74,130],
[7,50,71,112],
[8,55,79,123,139],
[9,41,81,99,137],
[10,39,84,110,143],
[11,63,93,115],
[12,36,91,128],
[13,59,67,114],
[14,51,87,107],
[15,49,96,121,142],
[16,54,86,124,134],
[17,61,78,126,146],
[18,48,83,129],
[19,58,69,104],
[20,38,77,101,141],
[21,46,73,113,138],
[22,43,85,116],
[23,40,68,118,145],
[24,44,75,127],
[25,33,92,102,132],
[26,52,70,106],
[27,62,82,111],
[28,35,97,125,133],
[29,56,72,117,135],
[30,45,88,109,140],
[31,34,90,120,144],
[32,65,98,131,148]]

]
