[[[0,1,2,3,4,5],
[6,7,8,9,10,11],
[12,13,14,15,16,17],
[18,19,20,21,22,23],
[24,25,26,27,28,29],
[30,31,32,33,34,35],
[36,37,38,39,40,41],
[42,43,44,45,46,47],
[48,49,50,51,52,53],
[54,55,56,57,58,59],
[60,61,62,63,64,65],
[66,67,68,69,70],
[71,72,73,74,75],
[76,77,78,79,80],
[81,82,83,84,85],
[86,87,88,89,90],
[91,92,93,94,95],
[96,97,98,99,100],
[101,102,103,104,105],
[106,107,108,109,110],
[111,112,113,114,115],
[116,117,118,119,120],
[121,122,123,124,125],
[126,127,128,129,130],
[131,132,133,134,135],
[136,137,138,139,140]],

[[0,7,14,21,28,35],
[6,13,20,27,34,41],
[12,19,26,33,40,47],
[18,25,32,39,46,53],
[24,31,38,45,52,59],
[30,37,44,51,58,65],
[36,43,50,57,64,70],
[42,49,56,63,69,75],
[48,55,62,68,74,80],
[54,61,67,73,79,85],
[60,66,72,78,84,90],
[71,77,83,89,95],
[76,82,88,94,100],
[81,87,93,99,105],
[86,92,98,104,110],
[91,97,103,109,115],
[96,102,108,114,120],
[101,107,113,119,125],
[106,112,118,124,130],
[111,117,123,129,135],
[116,122,128,134,140],
[5,121,127,133,139],
[4,11,126,132,138],
[3,10,17,131,137],
[2,9,16,23,136],
[1,8,15,22,29]],

[[0,8,13,23,33,46],
[6,14,19,29,39,52],
[12,20,25,35,45,58],
[18,26,31,41,51,64],
[24,32,37,47,57,69],
[30,38,43,53,63,74],
[36,44,49,59,68,79],
[42,50,55,65,73,84],
[48,56,61,70,78,89],
[54,62,66,75,83,94],
[60,67,71,80,88,99],
[72,76,85,93,104],
[77,81,90,98,109],
[82,86,95,103,114],
[87,91,100,108,119],
[92,96,105,113,124],
[97,101,110,118,129],
[102,106,115,123,134],
[107,111,120,128,139],
[4,112,116,125,133],
[10,117,121,130,138],
[3,16,122,126,135],
[9,22,127,131,140],
[5,15,28,132,136],
[1,11,21,34,137],
[2,7,17,27,40]],

[[0,9,17,19,32,58],
[6,15,23,25,38,64],
[12,21,29,31,44,69],
[18,27,35,37,50,74],
[24,33,41,43,56,79],
[30,39,47,49,62,84],
[36,45,53,55,67,89],
[42,51,59,61,72,94],
[48,57,65,66,77,99],
[54,63,70,71,82,104],
[60,68,75,76,87,109],
[73,80,81,92,114],
[78,85,86,97,119],
[83,90,91,102,124],
[88,95,96,107,129],
[93,100,101,112,134],
[98,105,106,117,139],
[4,103,110,111,122],
[10,108,115,116,127],
[16,113,120,121,132],
[22,118,125,126,137],
[2,28,123,130,131],
[8,34,128,135,136],
[1,14,40,133,140],
[5,7,20,46,138],
[3,11,13,26,52]],

[[0,10,15,20,31,47],
[6,16,21,26,37,53],
[12,22,27,32,43,59],
[18,28,33,38,49,65],
[24,34,39,44,55,70],
[30,40,45,50,61,75],
[36,46,51,56,66,80],
[42,52,57,62,71,85],
[48,58,63,67,76,90],
[54,64,68,72,81,95],
[60,69,73,77,86,100],
[74,78,82,91,105],
[79,83,87,96,110],
[84,88,92,101,115],
[89,93,97,106,120],
[94,98,102,111,125],
[99,103,107,116,130],
[104,108,112,121,135],
[109,113,117,126,140],
[5,114,118,122,131],
[11,119,123,127,136],
[1,17,124,128,132],
[7,23,129,133,137],
[2,13,29,134,138],
[3,8,19,35,139],
[4,9,14,25,41]],

[[0,11,16,25,44,57],
[6,17,22,31,50,63],
[12,23,28,37,56,68],
[18,29,34,43,62,73],
[24,35,40,49,67,78],
[30,41,46,55,72,83],
[36,47,52,61,77,88],
[42,53,58,66,82,93],
[48,59,64,71,87,98],
[54,65,69,76,92,103],
[60,70,74,81,97,108],
[75,79,86,102,113],
[80,84,91,107,118],
[85,89,96,112,123],
[90,94,101,117,128],
[95,99,106,122,133],
[100,104,111,127,138],
[3,105,109,116,132],
[9,110,114,121,137],
[2,15,115,119,126],
[8,21,120,124,131],
[14,27,125,129,136],
[1,20,33,130,134],
[7,26,39,135,139],
[4,13,32,45,140],
[5,10,19,38,51]],

[[0,22,26,45,49,70],
[6,28,32,51,55,75],
[12,34,38,57,61,80],
[18,40,44,63,66,85],
[24,46,50,68,71,90],
[30,52,56,73,76,95],
[36,58,62,78,81,100],
[42,64,67,83,86,105],
[48,69,72,88,91,110],
[54,74,77,93,96,115],
[60,79,82,98,101,120],
[84,87,103,106,125],
[89,92,108,111,130],
[94,97,113,116,135],
[99,102,118,121,140],
[5,104,107,123,126],
[11,109,112,128,131],
[17,114,117,133,136],
[1,23,119,122,138],
[3,7,29,124,127],
[9,13,35,129,132],
[15,19,41,134,137],
[2,21,25,47,139],
[4,8,27,31,53],
[10,14,33,37,59],
[16,20,39,43,65]],

[[0,27,38,55,69,85],
[6,33,44,61,74,90],
[12,39,50,66,79,95],
[18,45,56,71,84,100],
[24,51,62,76,89,105],
[30,57,67,81,94,110],
[36,63,72,86,99,115],
[42,68,77,91,104,120],
[48,73,82,96,109,125],
[54,78,87,101,114,130],
[60,83,92,106,119,135],
[88,97,111,124,140],
[5,93,102,116,129],
[11,98,107,121,134],
[17,103,112,126,139],
[4,23,108,117,131],
[10,29,113,122,136],
[1,16,35,118,127],
[7,22,41,123,132],
[13,28,47,128,137],
[2,19,34,53,133],
[8,25,40,59,138],
[3,14,31,46,65],
[9,20,37,52,70],
[15,26,43,58,75],
[21,32,49,64,80]],

[[0,29,37,63,77,84],
[6,35,43,68,82,89],
[12,41,49,73,87,94],
[18,47,55,78,92,99],
[24,53,61,83,97,104],
[30,59,66,88,102,109],
[36,65,71,93,107,114],
[42,70,76,98,112,119],
[48,75,81,103,117,124],
[54,80,86,108,122,129],
[60,85,91,113,127,134],
[90,96,118,132,139],
[4,95,101,123,137],
[2,10,100,106,128],
[8,16,105,111,133],
[14,22,110,116,138],
[3,20,28,115,121],
[9,26,34,120,126],
[15,32,40,125,131],
[21,38,46,130,136],
[1,27,44,52,135],
[7,33,50,58,140],
[5,13,39,56,64],
[11,19,45,62,69],
[17,25,51,67,74],
[23,31,57,72,79]],

[[0,34,50,59,76,83],
[6,40,56,65,81,88],
[12,46,62,70,86,93],
[18,52,67,75,91,98],
[24,58,72,80,96,103],
[30,64,77,85,101,108],
[36,69,82,90,106,113],
[42,74,87,95,111,118],
[48,79,92,100,116,123],
[54,84,97,105,121,128],
[60,89,102,110,126,133],
[94,107,115,131,138],
[3,99,112,120,136],
[1,9,104,117,125],
[7,15,109,122,130],
[13,21,114,127,135],
[19,27,119,132,140],
[5,25,33,124,137],
[2,11,31,39,129],
[8,17,37,45,134],
[14,23,43,51,139],
[4,20,29,49,57],
[10,26,35,55,63],
[16,32,41,61,68],
[22,38,47,66,73],
[28,44,53,71,78]],

[[0,39,61,82,99,110],
[6,45,66,87,104,115],
[12,51,71,92,109,120],
[18,57,76,97,114,125],
[24,63,81,102,119,130],
[30,68,86,107,124,135],
[36,73,91,112,129,140],
[5,42,78,96,117,134],
[11,48,83,101,122,139],
[4,17,54,88,106,127],
[10,23,60,93,111,132],
[16,29,98,116,137],
[2,22,35,103,121],
[8,28,41,108,126],
[14,34,47,113,131],
[20,40,53,118,136],
[1,26,46,59,123],
[7,32,52,65,128],
[13,38,58,70,133],
[19,44,64,75,138],
[3,25,50,69,80],
[9,31,56,74,85],
[15,37,62,79,90],
[21,43,67,84,95],
[27,49,72,89,100],
[33,55,77,94,105]],

[[0,40,43,72,98,130],
[6,46,49,77,103,135],
[12,52,55,82,108,140],
[5,18,58,61,87,113],
[11,24,64,66,92,118],
[17,30,69,71,97,123],
[23,36,74,76,102,128],
[29,42,79,81,107,133],
[35,48,84,86,112,138],
[3,41,54,89,91,117],
[9,47,60,94,96,122],
[15,53,99,101,127],
[21,59,104,106,132],
[27,65,109,111,137],
[2,33,70,114,116],
[8,39,75,119,121],
[14,45,80,124,126],
[20,51,85,129,131],
[26,57,90,134,136],
[1,32,63,95,139],
[4,7,38,68,100],
[10,13,44,73,105],
[16,19,50,78,110],
[22,25,56,83,115],
[28,31,62,88,120],
[34,37,67,93,125]],

[[0,41,52,66,97,133],
[6,47,58,71,102,138],
[3,12,53,64,76,107],
[9,18,59,69,81,112],
[15,24,65,74,86,117],
[21,30,70,79,91,122],
[27,36,75,84,96,127],
[33,42,80,89,101,132],
[39,48,85,94,106,137],
[2,45,54,90,99,111],
[8,51,60,95,104,116],
[14,57,100,109,121],
[20,63,105,114,126],
[26,68,110,119,131],
[32,73,115,124,136],
[1,38,78,120,129],
[7,44,83,125,134],
[13,50,88,130,139],
[4,19,56,93,135],
[10,25,62,98,140],
[5,16,31,67,103],
[11,22,37,72,108],
[17,28,43,77,113],
[23,34,49,82,118],
[29,40,55,87,123],
[35,46,61,92,128]],

[[0,53,56,91,114,123],
[6,59,62,96,119,128],
[12,65,67,101,124,133],
[18,70,72,106,129,138],
[3,24,75,77,111,134],
[9,30,80,82,116,139],
[4,15,36,85,87,121],
[10,21,42,90,92,126],
[16,27,48,95,97,131],
[22,33,54,100,102,136],
[1,28,39,60,105,107],
[7,34,45,110,112],
[13,40,51,115,117],
[19,46,57,120,122],
[25,52,63,125,127],
[31,58,68,130,132],
[37,64,73,135,137],
[2,43,69,78,140],
[5,8,49,74,83],
[11,14,55,79,88],
[17,20,61,84,93],
[23,26,66,89,98],
[29,32,71,94,103],
[35,38,76,99,108],
[41,44,81,104,113],
[47,50,86,109,118]],

[[0,62,101,109,135,138],
[3,6,67,106,114,140],
[5,9,12,72,111,119],
[11,15,18,77,116,124],
[17,21,24,82,121,129],
[23,27,30,87,126,134],
[29,33,36,92,131,139],
[4,35,39,42,97,136],
[1,10,41,45,48,102],
[7,16,47,51,54,107],
[13,22,53,57,60,112],
[19,28,59,63,117],
[25,34,65,68,122],
[31,40,70,73,127],
[37,46,75,78,132],
[43,52,80,83,137],
[2,49,58,85,88],
[8,55,64,90,93],
[14,61,69,95,98],
[20,66,74,100,103],
[26,71,79,105,108],
[32,76,84,110,113],
[38,81,89,115,118],
[44,86,94,120,123],
[50,91,99,125,128],
[56,96,104,130,133]]

]