[[[0,30,60,90,120],
[1,40,63,94,145],
[2,50,85,100,133],
[3,35,61,115,137],
[4,55,67,112,123],
[5,34,79,103,138],
[6,44,77,102,146],
[7,54,86,113,121],
[8,39,75,116,125],
[9,56,81,95,136],
[10,33,68,111,126],
[11,43,66,110,147],
[12,53,87,96,139],
[13,38,69,117,143],
[14,57,70,108,129],
[15,32,82,99,144],
[16,42,80,98,148],
[17,52,88,109,127],
[18,37,83,118,131],
[19,58,64,91,142],
[20,31,71,107,132],
[21,41,74,106],
[22,51,89,92,140],
[23,36,72,119,124],
[24,59,78,104,130],
[25,45,62,97,134],
[26,49,76,105,122],
[27,48,65,93,135],
[28,47,84,101,128],
[29,46,73,114,141]],

[[0,55,68,113,124],
[1,31,61,91,121],
[2,41,64,90,145],
[3,51,85,101,134],
[4,36,62,115,138],
[5,56,82,96,137],
[6,30,75,104,139],
[7,40,78,103,146],
[8,50,86,114,122],
[9,35,76,116,126],
[10,57,71,109,125],
[11,34,69,112,127],
[12,44,67,111,147],
[13,54,87,97,135],
[14,39,65,117,144],
[15,58,60,92,143],
[16,33,83,95,140],
[17,43,81,99,148],
[18,53,88,105,128],
[19,38,84,118,132],
[20,59,79,100,131],
[21,32,72,108,133],
[22,42,70,107],
[23,52,89,93,141],
[24,37,73,119,120],
[25,46,63,98,130],
[26,45,77,106,123],
[27,49,66,94,136],
[28,48,80,102,129],
[29,47,74,110,142]],

[[0,37,63,115,139],
[1,55,69,114,120],
[2,32,62,92,122],
[3,42,60,91,145],
[4,52,85,102,130],
[5,36,77,116,127],
[6,56,83,97,138],
[7,31,76,100,135],
[8,41,79,104,146],
[9,51,86,110,123],
[10,35,66,117,140],
[11,57,72,105,126],
[12,30,65,113,128],
[13,40,68,112,147],
[14,50,87,98,136],
[15,39,80,118,133],
[16,58,61,93,144],
[17,34,84,96,141],
[18,44,82,95,148],
[19,54,88,106,129],
[20,38,74,119,121],
[21,59,75,101,132],
[22,33,73,109,134],
[23,43,71,108],
[24,53,89,94,142],
[25,47,64,99,131],
[26,46,78,107,124],
[27,45,67,90,137],
[28,49,81,103,125],
[29,48,70,111,143]],

[[0,53,85,103,131],
[1,38,64,115,135],
[2,55,65,110,121],
[3,33,63,93,123],
[4,43,61,92,145],
[5,52,86,111,124],
[6,37,78,116,128],
[7,56,84,98,139],
[8,32,77,101,136],
[9,42,75,100,146],
[10,51,87,99,137],
[11,36,67,117,141],
[12,57,73,106,127],
[13,31,66,114,129],
[14,41,69,113,147],
[15,50,88,107,125],
[16,35,81,118,134],
[17,58,62,94,140],
[18,30,80,97,142],
[19,40,83,96,148],
[20,54,89,90,143],
[21,39,70,119,122],
[22,59,76,102,133],
[23,34,74,105,130],
[24,44,72,109],
[25,48,60,95,132],
[26,47,79,108,120],
[27,46,68,91,138],
[28,45,82,104,126],
[29,49,71,112,144]],

[[0,44,62,93,145],
[1,54,85,104,132],
[2,39,60,115,136],
[3,55,66,111,122],
[4,34,64,94,124],
[5,43,76,101,146],
[6,53,86,112,120],
[7,38,79,116,129],
[8,56,80,99,135],
[9,33,78,102,137],
[10,42,65,114,147],
[11,52,87,95,138],
[12,37,68,117,142],
[13,57,74,107,128],
[14,32,67,110,125],
[15,41,84,97,148],
[16,51,88,108,126],
[17,36,82,118,130],
[18,58,63,90,141],
[19,31,81,98,143],
[20,40,73,105],
[21,50,89,91,144],
[22,35,71,119,123],
[23,59,77,103,134],
[24,30,70,106,131],
[25,49,61,96,133],
[26,48,75,109,121],
[27,47,69,92,139],
[28,46,83,100,127],
[29,45,72,113,140]],

[[0,36,76,112,137],
[1,46,79,111],
[2,31,89,97,120],
[3,41,77,119,129],
[4,59,83,109,135],
[5,35,65,95,125],
[6,45,68,99,145],
[7,30,85,105,138],
[8,40,66,115,142],
[9,55,72,92,128],
[10,39,84,108,143],
[11,49,82,107,146],
[12,34,86,93,126],
[13,44,80,116,130],
[14,56,61,100,141],
[15,38,73,91,131],
[16,48,71,90,147],
[17,33,87,101,144],
[18,43,74,117,123],
[19,57,75,113,134],
[20,37,62,104,124],
[21,47,60,103,148],
[22,32,88,114,132],
[23,42,63,118,136],
[24,58,69,96,122],
[25,50,67,102,139],
[26,54,81,110,127],
[27,53,70,98,140],
[28,52,64,106,133],
[29,51,78,94,121]],

[[0,59,84,105,136],
[1,37,77,113,138],
[2,47,75,112],
[3,32,89,98,121],
[4,42,78,119,125],
[5,55,73,93,129],
[6,36,66,96,126],
[7,46,69,95,145],
[8,31,85,106,139],
[9,41,67,115,143],
[10,56,62,101,142],
[11,35,80,109,144],
[12,45,83,108,146],
[13,30,86,94,127],
[14,40,81,116,131],
[15,57,76,114,130],
[16,39,74,92,132],
[17,49,72,91,147],
[18,34,87,102,140],
[19,44,70,117,124],
[20,58,65,97,123],
[21,38,63,100,120],
[22,48,61,104,148],
[23,33,88,110,133],
[24,43,64,118,137],
[25,51,68,103,135],
[26,50,82,111,128],
[27,54,71,99,141],
[28,53,60,107,134],
[29,52,79,90,122]],

[[0,43,79,119,126],
[1,59,80,106,137],
[2,38,78,114,139],
[3,48,76,113],
[4,33,89,99,122],
[5,42,68,115,144],
[6,55,74,94,125],
[7,37,67,97,127],
[8,47,65,96,145],
[9,32,85,107,135],
[10,41,82,116,132],
[11,56,63,102,143],
[12,36,81,105,140],
[13,46,84,109,146],
[14,31,86,90,128],
[15,40,71,117,120],
[16,57,77,110,131],
[17,35,70,93,133],
[18,45,73,92,147],
[19,30,87,103,141],
[20,44,60,118,138],
[21,58,66,98,124],
[22,39,64,101,121],
[23,49,62,100,148],
[24,34,88,111,134],
[25,52,69,104,136],
[26,51,83,112,129],
[27,50,72,95,142],
[28,54,61,108,130],
[29,53,75,91,123]],

[[0,34,89,95,123],
[1,44,75,119,127],
[2,59,81,107,138],
[3,39,79,110,135],
[4,49,77,114],
[5,33,85,108,136],
[6,43,69,115,140],
[7,55,70,90,126],
[8,38,68,98,128],
[9,48,66,97,145],
[10,32,86,91,129],
[11,42,83,116,133],
[12,56,64,103,144],
[13,37,82,106,141],
[14,47,80,105,146],
[15,31,87,104,142],
[16,41,72,117,121],
[17,57,78,111,132],
[18,36,71,94,134],
[19,46,74,93,147],
[20,30,88,112,130],
[21,40,61,118,139],
[22,58,67,99,120],
[23,35,60,102,122],
[24,45,63,101,148],
[25,53,65,100,137],
[26,52,84,113,125],
[27,51,73,96,143],
[28,50,62,109,131],
[29,54,76,92,124]],

[[0,45,78,110],
[1,30,89,96,124],
[2,40,76,119,128],
[3,59,82,108,139],
[4,35,75,111,136],
[5,49,67,98,145],
[6,34,85,109,137],
[7,44,65,115,141],
[8,55,71,91,127],
[9,39,69,99,129],
[10,48,81,106,146],
[11,33,86,92,125],
[12,43,84,116,134],
[13,56,60,104,140],
[14,38,83,107,142],
[15,47,70,94,147],
[16,32,87,100,143],
[17,42,73,117,122],
[18,57,79,112,133],
[19,37,72,90,130],
[20,46,64,102,148],
[21,31,88,113,131],
[22,41,62,118,135],
[23,58,68,95,121],
[24,36,61,103,123],
[25,54,66,101,138],
[26,53,80,114,126],
[27,52,74,97,144],
[28,51,63,105,132],
[29,50,77,93,120]],

[[0,42,67,109,129],
[1,52,65,108,148],
[2,37,88,94,137],
[3,47,68,118,141],
[4,58,74,101,127],
[5,41,81,92,142],
[6,51,84,91],
[7,36,89,102,125],
[8,46,82,119,134],
[9,59,63,114,140],
[10,40,70,100,130],
[11,50,73,104,145],
[12,35,85,110,143],
[13,45,71,115,122],
[14,55,77,97,133],
[15,44,64,113,123],
[16,54,62,112,146],
[17,39,86,98,131],
[18,49,60,116,135],
[19,56,66,105,121],
[20,43,78,96,136],
[21,53,76,95,147],
[22,38,87,106,124],
[23,48,79,117,128],
[24,57,80,93,139],
[25,30,72,107,144],
[26,34,61,90,132],
[27,33,75,103,120],
[28,32,69,111,138],
[29,31,83,99,126]],

[[0,58,70,102,128],
[1,43,68,105,125],
[2,53,66,109,148],
[3,38,88,90,138],
[4,48,69,118,142],
[5,59,64,110,141],
[6,42,82,93,143],
[7,52,80,92],
[8,37,89,103,126],
[9,47,83,119,130],
[10,55,78,98,134],
[11,41,71,101,131],
[12,51,74,100,145],
[13,36,85,111,144],
[14,46,72,115,123],
[15,56,67,106,122],
[16,40,60,114,124],
[17,50,63,113,146],
[18,35,86,99,132],
[19,45,61,116,136],
[20,57,81,94,135],
[21,44,79,97,137],
[22,54,77,96,147],
[23,39,87,107,120],
[24,49,75,117,129],
[25,31,73,108,140],
[26,30,62,91,133],
[27,34,76,104,121],
[28,33,65,112,139],
[29,32,84,95,127]],

[[0,49,65,118,143],
[1,58,71,103,129],
[2,44,69,106,126],
[3,54,67,105,148],
[4,39,88,91,139],
[5,48,84,119,131],
[6,59,60,111,142],
[7,43,83,94,144],
[8,53,81,93],
[9,38,89,104,127],
[10,47,73,115,124],
[11,55,79,99,130],
[12,42,72,102,132],
[13,52,70,101,145],
[14,37,85,112,140],
[15,46,62,116,137],
[16,56,68,107,123],
[17,41,61,110,120],
[18,51,64,114,146],
[19,36,86,95,133],
[20,45,76,117,125],
[21,57,82,90,136],
[22,40,75,98,138],
[23,50,78,97,147],
[24,35,87,108,121],
[25,32,74,109,141],
[26,31,63,92,134],
[27,30,77,100,122],
[28,34,66,113,135],
[29,33,80,96,128]],

[[0,35,88,92,135],
[1,45,66,118,144],
[2,58,72,104,125],
[3,40,65,107,127],
[4,50,68,106,148],
[5,39,89,100,128],
[6,49,80,119,132],
[7,59,61,112,143],
[8,44,84,90,140],
[9,54,82,94],
[10,38,85,113,141],
[11,48,74,115,120],
[12,55,75,95,131],
[13,43,73,103,133],
[14,53,71,102,145],
[15,37,86,96,134],
[16,47,63,116,138],
[17,56,69,108,124],
[18,42,62,111,121],
[19,52,60,110,146],
[20,36,87,109,122],
[21,46,77,117,126],
[22,57,83,91,137],
[23,41,76,99,139],
[24,51,79,98,147],
[25,33,70,105,142],
[26,32,64,93,130],
[27,31,78,101,123],
[28,30,67,114,136],
[29,34,81,97,129]],

[[0,51,69,107,148],
[1,36,88,93,136],
[2,46,67,118,140],
[3,58,73,100,126],
[4,41,66,108,128],
[5,50,83,90],
[6,35,89,101,129],
[7,45,81,119,133],
[8,59,62,113,144],
[9,40,80,91,141],
[10,54,72,103,145],
[11,39,85,114,142],
[12,49,70,115,121],
[13,55,76,96,132],
[14,44,74,104,134],
[15,53,61,111,146],
[16,38,86,97,130],
[17,48,64,116,139],
[18,56,65,109,120],
[19,43,63,112,122],
[20,52,75,99,147],
[21,37,87,105,123],
[22,47,78,117,127],
[23,57,84,92,138],
[24,42,77,95,135],
[25,34,71,106,143],
[26,33,60,94,131],
[27,32,79,102,124],
[28,31,68,110,137],
[29,30,82,98,125]],

[[0,48,83,101,141],
[1,33,81,100,147],
[2,43,87,111,129],
[3,53,84,117,133],
[4,57,60,98,144],
[5,47,72,114,134],
[6,32,70,113,148],
[7,42,88,99,142],
[8,52,73,118,121],
[9,58,79,106,132],
[10,46,61,97,122],
[11,31,64,96],
[12,41,89,107,130],
[13,51,62,119,139],
[14,59,68,94,120],
[15,45,75,105,135],
[16,30,78,109,145],
[17,40,85,90,123],
[18,50,76,115,127],
[19,55,82,102,138],
[20,49,69,93,128],
[21,34,67,92,146],
[22,44,86,103,136],
[23,54,65,116,140],
[24,56,71,110,126],
[25,35,77,112,124],
[26,39,66,95,137],
[27,38,80,108,125],
[28,37,74,91,143],
[29,36,63,104,131]],

[[0,57,61,99,140],
[1,49,84,102,142],
[2,34,82,101,147],
[3,44,87,112,125],
[4,54,80,117,134],
[5,58,75,107,133],
[6,48,73,110,130],
[7,33,71,114,148],
[8,43,88,95,143],
[9,53,74,118,122],
[10,59,69,90,121],
[11,47,62,98,123],
[12,32,60,97],
[13,42,89,108,131],
[14,52,63,119,135],
[15,55,83,103,139],
[16,46,76,106,136],
[17,31,79,105,145],
[18,41,85,91,124],
[19,51,77,115,128],
[20,56,72,111,127],
[21,45,65,94,129],
[22,30,68,93,146],
[23,40,86,104,137],
[24,50,66,116,141],
[25,36,78,113,120],
[26,35,67,96,138],
[27,39,81,109,126],
[28,38,70,92,144],
[29,37,64,100,132]],

[[0,50,81,117,130],
[1,57,62,95,141],
[2,45,80,103,143],
[3,30,83,102,147],
[4,40,87,113,126],
[5,54,70,118,123],
[6,58,76,108,134],
[7,49,74,111,131],
[8,34,72,110,148],
[9,44,88,96,144],
[10,53,64,119,136],
[11,59,65,91,122],
[12,48,63,99,124],
[13,33,61,98],
[14,43,89,109,132],
[15,52,78,115,129],
[16,55,84,104,135],
[17,47,77,107,137],
[18,32,75,106,145],
[19,42,85,92,120],
[20,51,67,116,142],
[21,56,73,112,128],
[22,46,66,90,125],
[23,31,69,94,146],
[24,41,86,100,138],
[25,37,79,114,121],
[26,36,68,97,139],
[27,35,82,105,127],
[28,39,71,93,140],
[29,38,60,101,133]],

[[0,41,87,114,127],
[1,51,82,117,131],
[2,57,63,96,142],
[3,46,81,104,144],
[4,31,84,103,147],
[5,40,88,97,140],
[6,50,71,118,124],
[7,58,77,109,130],
[8,45,70,112,132],
[9,30,73,111,148],
[10,44,89,105,133],
[11,54,60,119,137],
[12,59,66,92,123],
[13,49,64,95,120],
[14,34,62,99],
[15,43,85,93,121],
[16,53,79,115,125],
[17,55,80,100,136],
[18,48,78,108,138],
[19,33,76,107,145],
[20,42,86,101,139],
[21,52,68,116,143],
[22,56,74,113,129],
[23,47,67,91,126],
[24,32,65,90,146],
[25,38,75,110,122],
[26,37,69,98,135],
[27,36,83,106,128],
[28,35,72,94,141],
[29,39,61,102,134]],

[[0,32,80,104,147],
[1,42,87,110,128],
[2,52,83,117,132],
[3,57,64,97,143],
[4,47,82,100,140],
[5,31,74,112,148],
[6,41,88,98,141],
[7,51,72,118,120],
[8,58,78,105,131],
[9,46,71,113,133],
[10,30,63,95],
[11,40,89,106,134],
[12,50,61,119,138],
[13,59,67,93,124],
[14,45,60,96,121],
[15,34,77,108,145],
[16,44,85,94,122],
[17,54,75,115,126],
[18,55,81,101,137],
[19,49,79,109,139],
[20,33,66,91,146],
[21,43,86,102,135],
[22,53,69,116,144],
[23,56,70,114,125],
[24,48,68,92,127],
[25,39,76,111,123],
[26,38,65,99,136],
[27,37,84,107,129],
[28,36,73,90,142],
[29,35,62,103,130]],

[[0,54,74,98,133],
[1,39,72,97,146],
[2,49,86,108,141],
[3,34,70,116,120],
[4,56,76,90,131],
[5,53,63,106,121],
[6,38,61,105,147],
[7,48,87,91,134],
[8,33,64,117,138],
[9,57,65,103,124],
[10,52,77,94,139],
[11,37,75,93,148],
[12,47,88,104,122],
[13,32,78,118,126],
[14,58,84,111,137],
[15,51,66,102,127],
[16,36,69,101],
[17,46,89,112,135],
[18,31,67,119,144],
[19,59,73,99,125],
[20,50,80,110,140],
[21,35,83,114,145],
[22,45,85,95,128],
[23,30,81,115,132],
[24,55,62,107,143],
[25,40,82,92,129],
[26,44,71,100,142],
[27,43,60,113,130],
[28,42,79,96,123],
[29,41,68,109,136]],

[[0,56,77,91,132],
[1,50,70,99,134],
[2,35,73,98,146],
[3,45,86,109,142],
[4,30,71,116,121],
[5,57,66,104,120],
[6,54,64,107,122],
[7,39,62,106,147],
[8,49,87,92,130],
[9,34,60,117,139],
[10,58,80,112,138],
[11,53,78,90,135],
[12,38,76,94,148],
[13,48,88,100,123],
[14,33,79,118,127],
[15,59,74,95,126],
[16,52,67,103,128],
[17,37,65,102],
[18,47,89,113,136],
[19,32,68,119,140],
[20,55,63,108,144],
[21,51,81,111,141],
[22,36,84,110,145],
[23,46,85,96,129],
[24,31,82,115,133],
[25,41,83,93,125],
[26,40,72,101,143],
[27,44,61,114,131],
[28,43,75,97,124],
[29,42,69,105,137]],

[[0,31,72,116,122],
[1,56,78,92,133],
[2,51,71,95,130],
[3,36,74,99,146],
[4,46,86,105,143],
[5,30,61,117,135],
[6,57,67,100,121],
[7,50,60,108,123],
[8,35,63,107,147],
[9,45,87,93,131],
[10,34,75,118,128],
[11,58,81,113,139],
[12,54,79,91,136],
[13,39,77,90,148],
[14,49,88,101,124],
[15,33,69,119,141],
[16,59,70,96,127],
[17,53,68,104,129],
[18,38,66,103],
[19,48,89,114,137],
[20,32,83,115,134],
[21,55,64,109,140],
[22,52,82,112,142],
[23,37,80,111,145],
[24,47,85,97,125],
[25,42,84,94,126],
[26,41,73,102,144],
[27,40,62,110,132],
[28,44,76,98,120],
[29,43,65,106,138]],

[[0,47,86,106,144],
[1,32,73,116,123],
[2,56,79,93,134],
[3,52,72,96,131],
[4,37,70,95,146],
[5,46,87,94,132],
[6,31,62,117,136],
[7,57,68,101,122],
[8,51,61,109,124],
[9,36,64,108,147],
[10,45,88,102,120],
[11,30,76,118,129],
[12,58,82,114,135],
[13,50,75,92,137],
[14,35,78,91,148],
[15,49,89,110,138],
[16,34,65,119,142],
[17,59,71,97,128],
[18,54,69,100,125],
[19,39,67,104],
[20,48,85,98,126],
[21,33,84,115,130],
[22,55,60,105,141],
[23,53,83,113,143],
[24,38,81,112,145],
[25,43,80,90,127],
[26,42,74,103,140],
[27,41,63,111,133],
[28,40,77,99,121],
[29,44,66,107,139]],

[[0,38,71,96,146],
[1,48,86,107,140],
[2,33,74,116,124],
[3,56,75,94,130],
[4,53,73,97,132],
[5,37,60,109,147],
[6,47,87,90,133],
[7,32,63,117,137],
[8,57,69,102,123],
[9,52,62,105,120],
[10,36,79,92,148],
[11,46,88,103,121],
[12,31,77,118,125],
[13,58,83,110,136],
[14,51,76,93,138],
[15,35,68,100],
[16,45,89,111,139],
[17,30,66,119,143],
[18,59,72,98,129],
[19,50,65,101,126],
[20,39,82,113,145],
[21,49,85,99,127],
[22,34,80,115,131],
[23,55,61,106,142],
[24,54,84,114,144],
[25,44,81,91,128],
[26,43,70,104,141],
[27,42,64,112,134],
[28,41,78,95,122],
[29,40,67,108,135]],

[[0,46,75,108,142],
[1,47,76,109,143],
[2,48,77,105,144],
[3,49,78,106,140],
[4,45,79,107,141],
[5,51,80,113,122],
[6,52,81,114,123],
[7,53,82,110,124],
[8,54,83,111,120],
[9,50,84,112,121],
[10,31,60,93,127],
[11,32,61,94,128],
[12,33,62,90,129],
[13,34,63,91,125],
[14,30,64,92,126],
[15,36,65,98,132],
[16,37,66,99,133],
[17,38,67,95,134],
[18,39,68,96,130],
[19,35,69,97,131],
[20,41,70,103,137],
[21,42,71,104,138],
[22,43,72,100,139],
[23,44,73,101,135],
[24,40,74,102,136],
[25,55,85,115,145],
[26,56,87,118],
[27,57,89,116,148],
[28,58,86,119,147],
[29,59,88,117,146]],

[[0,40,64,111,125],
[1,41,60,112,126],
[2,42,61,113,127],
[3,43,62,114,128],
[4,44,63,110,129],
[5,45,69,91,130],
[6,46,65,92,131],
[7,47,66,93,132],
[8,48,67,94,133],
[9,49,68,90,134],
[10,50,74,96,135],
[11,51,70,97,136],
[12,52,71,98,137],
[13,53,72,99,138],
[14,54,73,95,139],
[15,30,79,101,140],
[16,31,75,102,141],
[17,32,76,103,142],
[18,33,77,104,143],
[19,34,78,100,144],
[20,35,84,106,120],
[21,36,80,107,121],
[22,37,81,108,122],
[23,38,82,109,123],
[24,39,83,105,124],
[25,56,86,116,146],
[26,57,88,119,145],
[27,58,85,117],
[28,59,87,115,148],
[29,55,89,118,147]],

[[0,39,73,94,138],
[1,35,74,90,139],
[2,36,70,91,135],
[3,37,71,92,136],
[4,38,72,93,137],
[5,44,78,99,143],
[6,40,79,95,144],
[7,41,75,96,140],
[8,42,76,97,141],
[9,43,77,98,142],
[10,49,83,104,123],
[11,45,84,100,124],
[12,46,80,101,120],
[13,47,81,102,121],
[14,48,82,103,122],
[15,54,63,109,128],
[16,50,64,105,129],
[17,51,60,106,125],
[18,52,61,107,126],
[19,53,62,108,127],
[20,34,68,114,133],
[21,30,69,110,134],
[22,31,65,111,130],
[23,32,66,112,131],
[24,33,67,113,132],
[25,57,87,117,147],
[26,58,89,115,146],
[27,59,86,118,145],
[28,55,88,116],
[29,56,85,119,148]],

[[0,33,82,97,121],
[1,34,83,98,122],
[2,30,84,99,123],
[3,31,80,95,124],
[4,32,81,96,120],
[5,38,62,102,126],
[6,39,63,103,127],
[7,35,64,104,128],
[8,36,60,100,129],
[9,37,61,101,125],
[10,43,67,107,131],
[11,44,68,108,132],
[12,40,69,109,133],
[13,41,65,105,134],
[14,42,66,106,130],
[15,48,72,112,136],
[16,49,73,113,137],
[17,45,74,114,138],
[18,46,70,110,139],
[19,47,71,111,135],
[20,53,77,92,141],
[21,54,78,93,142],
[22,50,79,94,143],
[23,51,75,90,144],
[24,52,76,91,140],
[25,58,88,118,148],
[26,59,85,116,147],
[27,55,87,119,146],
[28,56,89,117,145],
[29,57,86,115]],

[[0,52,66,100,134],
[1,53,67,101,130],
[2,54,68,102,131],
[3,50,69,103,132],
[4,51,65,104,133],
[5,32,71,105,139],
[6,33,72,106,135],
[7,34,73,107,136],
[8,30,74,108,137],
[9,31,70,109,138],
[10,37,76,110,144],
[11,38,77,111,140],
[12,39,78,112,141],
[13,35,79,113,142],
[14,36,75,114,143],
[15,42,81,90,124],
[16,43,82,91,120],
[17,44,83,92,121],
[18,40,84,93,122],
[19,41,80,94,123],
[20,47,61,95,129],
[21,48,62,96,125],
[22,49,63,97,126],
[23,45,64,98,127],
[24,46,60,99,128],
[25,59,89,119],
[26,55,86,117,148],
[27,56,88,115,147],
[28,57,85,118,146],
[29,58,87,116,145]],

[[0,1,2,3,4],
[5,6,7,8,9],
[10,11,12,13,14],
[15,16,17,18,19],
[20,21,22,23,24],
[25,26,27,28,29],
[30,31,32,33,34],
[35,36,37,38,39],
[40,41,42,43,44],
[45,46,47,48,49],
[50,51,52,53,54],
[55,56,57,58,59],
[60,61,62,63,64],
[65,66,67,68,69],
[70,71,72,73,74],
[75,76,77,78,79],
[80,81,82,83,84],
[85,86,87,88,89],
[90,91,92,93,94],
[95,96,97,98,99],
[100,101,102,103,104],
[105,106,107,108,109],
[110,111,112,113,114],
[115,116,117,118,119],
[120,121,122,123,124],
[125,126,127,128,129],
[130,131,132,133,134],
[135,136,137,138,139],
[140,141,142,143,144],
[145,146,147,148]],

[[0,5,10,15,20],
[1,6,12,18,29],
[2,7,13,23,28],
[3,8,19,24,27],
[4,14,17,22,26],
[9,11,16,21,25],
[30,35,40,45,50],
[31,36,42,48,59],
[32,37,43,53,58],
[33,38,49,54,57],
[34,44,47,52,56],
[39,41,46,51,55],
[60,65,70,75,80],
[61,66,72,78,89],
[62,67,73,83,88],
[63,68,79,84,87],
[64,74,77,82,86],
[69,71,76,81,85],
[90,95,100,105,110],
[91,96,102,108,119],
[92,97,103,113,118],
[93,98,109,114,117],
[94,104,107,112,116],
[99,101,106,111,115],
[120,125,130,135,140],
[121,126,132,138],
[122,127,133,143,148],
[123,128,139,144,147],
[124,134,137,142,146],
[129,131,136,141,145]],

[[0,7,12,19,21],
[1,5,11,22,27],
[2,8,10,17,29],
[3,14,15,23,25],
[4,6,16,24,28],
[9,13,18,20,26],
[30,37,42,49,51],
[31,35,41,52,57],
[32,38,40,47,59],
[33,44,45,53,55],
[34,36,46,54,58],
[39,43,48,50,56],
[60,67,72,79,81],
[61,65,71,82,87],
[62,68,70,77,89],
[63,74,75,83,85],
[64,66,76,84,88],
[69,73,78,80,86],
[90,97,102,109,111],
[91,95,101,112,117],
[92,98,100,107,119],
[93,104,105,113,115],
[94,96,106,114,118],
[99,103,108,110,116],
[120,127,132,139,141],
[121,125,131,142,147],
[122,128,130,137],
[123,134,135,143,145],
[124,126,136,144,148],
[129,133,138,140,146]],

[[0,6,17,23,27],
[1,9,10,19,28],
[2,5,14,18,21],
[3,13,16,22,29],
[4,8,12,20,25],
[7,11,15,24,26],
[30,36,47,53,57],
[31,39,40,49,58],
[32,35,44,48,51],
[33,43,46,52,59],
[34,38,42,50,55],
[37,41,45,54,56],
[60,66,77,83,87],
[61,69,70,79,88],
[62,65,74,78,81],
[63,73,76,82,89],
[64,68,72,80,85],
[67,71,75,84,86],
[90,96,107,113,117],
[91,99,100,109,118],
[92,95,104,108,111],
[93,103,106,112,119],
[94,98,102,110,115],
[97,101,105,114,116],
[120,126,137,143,147],
[121,129,130,139,148],
[122,125,134,138,141],
[123,133,136,142],
[124,128,132,140,145],
[127,131,135,144,146]],

[[0,9,14,24,29],
[1,8,16,23,26],
[2,6,11,19,20],
[3,5,12,17,28],
[4,13,15,21,27],
[7,10,18,22,25],
[30,39,44,54,59],
[31,38,46,53,56],
[32,36,41,49,50],
[33,35,42,47,58],
[34,43,45,51,57],
[37,40,48,52,55],
[60,69,74,84,89],
[61,68,76,83,86],
[62,66,71,79,80],
[63,65,72,77,88],
[64,73,75,81,87],
[67,70,78,82,85],
[90,99,104,114,119],
[91,98,106,113,116],
[92,96,101,109,110],
[93,95,102,107,118],
[94,103,105,111,117],
[97,100,108,112,115],
[120,129,134,144],
[121,128,136,143,146],
[122,126,131,139,140],
[123,125,132,137,148],
[124,133,135,141,147],
[127,130,138,142,145]],

[[0,8,11,18,28],
[4,5,19,23,29],
[3,6,10,21,26],
[7,14,16,20,27],
[2,9,12,15,22],
[1,13,17,24,25],
[30,38,41,48,58],
[34,35,49,53,59],
[33,36,40,51,56],
[37,44,46,50,57],
[32,39,42,45,52],
[31,43,47,54,55],
[60,68,71,78,88],
[64,65,79,83,89],
[63,66,70,81,86],
[67,74,76,80,87],
[62,69,72,75,82],
[61,73,77,84,85],
[90,98,101,108,118],
[94,95,109,113,119],
[93,96,100,111,116],
[97,104,106,110,117],
[92,99,102,105,112],
[91,103,107,114,115],
[120,128,131,138,148],
[124,125,139,143],
[123,126,130,141,146],
[127,134,136,140,147],
[122,129,132,135,142],
[121,133,137,144,145]]

]
