[[[0,35,70,105],
[1,57,99,138],
[2,58,100,120,149],
[3,66,87,126],
[4,60,102,121,143],
[5,68,89,117],
[6,69,90,132],
[7,49,91,136],
[8,46,79,130,144],
[9,43,81,127,140],
[10,52,101,131,142],
[11,44,78,133],
[12,54,103,122],
[13,55,104,108,141],
[14,63,77,116,147],
[15,64,92,110],
[16,65,93,111],
[17,38,80,106],
[18,67,95,139],
[19,40,82,134,146],
[20,41,83,135,148],
[21,42,98,129],
[22,50,71,137],
[23,51,72,123,145],
[24,61,97,112],
[25,53,74,114],
[26,62,94,118],
[27,59,96,115],
[28,56,84,109],
[29,36,85,113],
[30,37,86,128],
[31,45,73,124],
[32,39,88,119],
[33,47,75,125],
[34,48,76,107]],

[[0,36,71,106],
[1,54,82,139],
[2,60,103,131],
[3,69,91,124],
[4,58,90,134],
[5,49,100,125],
[6,66,85,121],
[7,57,86,111,147],
[8,61,87,116],
[9,44,83,117],
[10,55,98,126,149],
[11,43,104,120],
[12,56,81,132],
[13,52,102,133],
[14,46,99,136],
[15,68,94,130,141],
[16,67,96,127,146],
[17,40,70,119,148],
[18,41,79,105],
[19,63,93,138],
[20,64,80,113,145],
[21,65,78,108,140],
[22,38,101,109],
[23,62,74,110],
[24,35,76,122,142],
[25,59,92,123,143],
[26,51,77,107],
[27,53,97,135],
[28,50,95,129],
[29,45,75,137],
[30,47,88,112,144],
[31,42,89,115],
[32,48,72,128],
[33,37,84,118],
[34,39,73,114]],

[[0,37,72,107],
[1,47,74,105],
[2,52,80,138],
[3,49,102,120],
[4,57,87,128],
[5,69,86,113],
[6,61,91,114],
[7,58,88,125],
[8,60,89,119,141],
[9,59,90,130],
[10,56,78,121],
[11,46,101,134],
[12,55,99,124,143],
[13,45,98,111],
[14,43,100,132,148],
[15,44,103,116],
[16,66,97,117],
[17,63,95,126,145],
[18,64,82,118,140],
[19,65,83,139],
[20,68,70,131],
[21,67,79,112,142],
[22,40,81,136,149],
[23,41,104,137,144],
[24,53,77,127],
[25,54,71,133],
[26,50,96,122],
[27,35,94,106],
[28,51,92,108,146],
[29,62,93,109,147],
[30,48,73,110],
[31,39,84,123],
[32,38,85,129],
[33,36,76,115],
[34,42,75,135]],

[[0,38,73,108],
[1,42,76,106,146],
[2,39,77,139],
[3,43,79,131],
[4,61,100,124],
[5,60,90,115],
[6,57,89,112],
[7,59,87,107],
[8,69,84,114],
[9,49,85,118],
[10,50,86,117],
[11,45,81,125],
[12,44,104,113],
[13,46,103,128],
[14,48,101,119],
[15,55,91,111,140],
[16,56,102,130],
[17,58,92,121],
[18,68,93,134,142],
[19,67,80,135,149],
[20,40,78,138],
[21,66,82,120],
[22,63,83,123],
[23,64,98,116],
[24,65,99,110],
[25,51,94,126,144],
[26,52,74,132,143],
[27,62,95,133],
[28,54,97,105,148],
[29,35,96,136,145],
[30,53,70,137,141],
[31,36,72,127,147],
[32,37,75,122],
[33,41,88,109],
[34,47,71,129]],

[[0,39,74,109],
[1,41,72,136],
[2,38,71,105,145],
[3,37,94,138,146],
[4,55,83,120],
[5,59,91,128],
[6,49,86,129],
[7,60,85,123],
[8,50,90,106],
[9,57,75,107,144],
[10,61,88,135],
[11,62,89,121],
[12,48,98,114],
[13,56,99,112],
[14,44,102,115],
[15,36,104,118,148],
[16,46,87,119,149],
[17,45,100,117],
[18,69,96,125],
[19,66,70,113],
[20,63,79,108],
[21,64,81,131,147],
[22,58,80,124],
[23,68,78,122,143],
[24,67,101,130],
[25,40,103,127],
[26,35,97,134],
[27,43,77,111],
[28,53,93,132],
[29,52,92,139,140],
[30,54,95,116,142],
[31,51,82,110],
[32,47,76,126,141],
[33,42,73,133],
[34,65,84,137]],

[[0,40,75,110],
[1,37,77,137,148],
[2,65,76,116,144],
[3,41,74,139,142],
[4,42,97,131,145],
[5,46,78,124,146],
[6,50,87,115],
[7,61,89,109],
[8,49,88,122],
[9,62,86,105],
[10,60,73,106],
[11,59,84,108],
[12,53,85,125],
[13,36,101,107],
[14,45,103,123],
[15,56,100,129],
[16,47,99,135,140],
[17,44,90,118],
[18,48,91,121],
[19,57,95,114],
[20,58,82,112,143],
[21,68,83,136],
[22,67,98,120,141],
[23,69,79,128,147],
[24,66,81,133],
[25,63,104,117],
[26,64,102,126],
[27,54,92,113],
[28,55,94,119],
[29,51,70,111],
[30,43,96,138,149],
[31,52,93,130],
[32,35,80,127],
[33,39,71,134],
[34,38,72,132]],

[[0,41,76,111],
[1,64,73,127],
[2,42,94,110,140],
[3,40,71,130],
[4,65,77,138],
[5,38,92,120,142],
[6,44,81,128,145],
[7,62,90,129,146],
[8,59,85,137],
[9,61,84,133,148],
[10,53,89,139,144],
[11,49,72,105],
[12,50,75,136],
[13,51,88,114,147],
[14,47,104,106],
[15,48,102,122],
[16,45,91,109],
[17,39,103,108,149],
[18,56,86,135],
[19,36,87,125],
[20,60,93,107],
[21,69,80,123],
[22,66,78,116],
[23,63,101,124],
[24,57,83,115,141],
[25,58,98,132],
[26,68,99,121],
[27,67,100,134],
[28,52,96,112],
[29,46,97,118],
[30,35,82,119],
[31,55,95,131],
[32,43,70,117,143],
[33,54,79,126],
[34,37,74,113]],

[[0,42,77,112],
[1,65,71,119],
[2,67,72,126,148],
[3,38,97,127,149],
[4,64,74,117],
[5,40,94,131,143],
[6,41,96,124],
[7,56,98,115,142],
[8,53,86,109,145],
[9,50,88,110,146],
[10,59,75,132,140],
[11,51,85,138],
[12,61,76,139],
[13,62,73,116],
[14,35,84,107,141],
[15,39,99,105,147],
[16,36,100,133],
[17,48,87,137],
[18,37,102,136],
[19,45,89,108],
[20,47,90,114],
[21,49,70,106],
[22,57,79,122],
[23,58,81,130],
[24,68,104,128],
[25,60,78,129],
[26,69,101,111],
[27,66,103,125],
[28,63,91,113],
[29,43,95,123],
[30,44,92,135],
[31,54,80,118,144],
[32,46,93,120],
[33,55,82,121],
[34,52,83,134]],

[[0,43,78,113],
[1,38,94,123],
[2,40,74,118,147],
[3,63,76,134,140],
[4,41,92,126],
[5,67,77,121],
[6,64,97,120],
[7,65,95,128,143],
[8,45,101,129],
[9,51,89,137,142],
[10,62,84,127,145],
[11,50,73,111,149],
[12,35,88,131],
[13,59,71,138],
[14,53,72,130],
[15,54,75,106],
[16,37,103,139,141],
[17,47,91,132,146],
[18,36,90,110,144],
[19,42,100,116],
[20,48,85,136],
[21,39,86,107,148],
[22,61,82,105],
[23,60,83,133],
[24,69,98,117],
[25,66,99,115],
[26,49,81,109],
[27,57,104,119],
[28,58,102,114],
[29,68,87,112],
[30,55,93,122],
[31,56,96,108],
[32,52,79,135],
[33,44,70,124],
[34,46,80,125]],

[[0,44,79,114],
[1,55,81,112],
[2,41,97,122],
[3,64,77,135,141],
[4,68,71,113,149],
[5,65,96,134],
[6,63,94,125],
[7,67,92,124],
[8,40,93,115],
[9,48,104,109,143],
[10,35,85,110],
[11,53,75,126,142],
[12,62,72,119],
[13,54,84,120],
[14,50,74,131],
[15,51,76,117],
[16,52,73,105],
[17,42,102,138],
[18,39,87,111,145],
[19,47,86,127],
[20,38,91,130],
[21,36,88,116],
[22,37,89,106,140],
[23,59,80,139,148],
[24,49,78,132],
[25,57,101,121],
[26,58,103,129],
[27,61,98,137],
[28,60,99,118],
[29,69,100,107,146],
[30,66,90,123,147],
[31,46,70,133],
[32,45,95,136,144],
[33,43,83,108],
[34,56,82,128]],

[[0,45,80,115],
[1,56,83,107],
[2,46,98,123],
[3,65,92,133],
[4,67,94,108],
[5,66,74,112],
[6,40,95,113],
[7,68,97,114],
[8,63,96,128],
[9,64,70,129],
[10,36,99,137],
[11,54,88,127,143],
[12,51,73,134],
[13,53,76,118],
[14,52,75,124],
[15,62,77,120],
[16,35,71,121,148],
[17,43,72,139],
[18,38,100,131],
[19,37,90,119,142],
[20,39,89,126],
[21,41,87,117],
[22,47,84,130],
[23,42,85,105,149],
[24,50,79,138,140],
[25,61,81,111],
[26,60,104,125,146],
[27,69,102,109],
[28,59,101,110],
[29,49,103,135,144],
[30,57,91,106,145],
[31,58,86,122,141],
[32,44,82,132,147],
[33,48,93,116],
[34,55,78,136]],

[[0,46,81,116],
[1,48,79,129],
[2,45,78,106],
[3,44,101,122,148],
[4,40,96,132],
[5,63,97,136],
[6,58,77,123],
[7,64,93,112],
[8,66,92,107],
[9,68,95,115],
[10,67,82,109],
[11,47,103,110],
[12,52,84,126],
[13,35,72,113,143],
[14,51,71,135],
[15,43,73,128],
[16,53,94,124,147],
[17,54,74,125,140],
[18,55,76,138],
[19,41,91,120],
[20,42,86,118],
[21,37,85,134],
[22,65,90,121],
[23,39,75,117,146],
[24,38,88,139],
[25,62,83,131,149],
[26,59,98,119,144],
[27,49,99,114,145],
[28,57,100,137],
[29,50,104,127],
[30,61,102,108],
[31,60,87,105,142],
[32,69,89,133],
[33,56,80,111,141],
[34,36,70,130]],

[[0,47,82,117],
[1,44,98,130],
[2,36,83,109,146],
[3,48,81,105,144],
[4,56,104,133,140],
[5,64,95,111,148],
[6,68,92,116],
[7,69,94,122],
[8,67,70,123],
[9,58,96,106,147],
[10,66,93,129],
[11,63,80,137],
[12,39,102,127],
[13,43,75,134],
[14,54,76,112],
[15,35,74,108],
[16,55,72,115],
[17,51,97,128,141],
[18,52,77,114,149],
[19,46,71,131],
[20,65,87,124],
[21,38,89,135,143],
[22,42,88,113],
[23,40,86,125],
[24,37,73,121,145],
[25,41,84,138],
[26,53,78,120],
[27,50,101,118],
[28,61,103,107,142],
[29,60,91,110],
[30,62,99,126],
[31,59,100,136],
[32,49,90,139],
[33,57,85,132],
[34,45,79,119]],

[[0,48,83,118],
[1,39,80,121],
[2,56,101,117],
[3,47,78,137,145],
[4,36,98,139],
[5,45,99,132,149],
[6,67,93,119,140],
[7,66,96,130],
[8,57,97,133],
[9,63,82,122],
[10,69,95,105,141],
[11,58,70,109,144],
[12,68,79,110],
[13,37,100,126],
[14,55,73,113],
[15,52,71,123],
[16,54,77,136],
[17,46,76,129,147],
[18,35,92,115],
[19,43,94,107],
[20,44,74,120],
[21,40,90,128],
[22,41,85,108],
[23,38,84,112],
[24,64,89,114,146],
[25,42,72,125,142],
[26,65,75,131],
[27,51,81,124],
[28,62,104,135],
[29,59,102,106],
[30,49,87,127,148],
[31,53,103,134],
[32,50,91,116],
[33,61,86,138,143],
[34,60,88,111]],

[[0,49,84,119],
[1,36,78,135],
[2,37,79,125],
[3,45,104,121,147],
[4,39,81,110,142],
[5,47,101,138],
[6,48,103,111],
[7,63,70,118,149],
[8,58,95,117],
[9,60,92,132],
[10,68,80,133,146],
[11,57,93,139],
[12,69,82,137],
[13,66,83,127,144],
[14,42,91,134],
[15,46,72,112],
[16,43,74,122],
[17,52,94,116],
[18,44,71,109,141],
[19,54,96,129],
[20,55,97,106],
[21,56,77,124],
[22,64,86,115],
[23,65,88,136],
[24,41,75,123],
[25,67,85,107,145],
[26,38,76,114],
[27,40,73,120],
[28,35,98,128],
[29,53,99,108],
[30,50,100,105,143],
[31,61,90,126,140],
[32,51,102,113,148],
[33,62,87,130],
[34,59,89,131]],

[[0,50,85,120],
[1,61,75,118],
[2,47,81,108],
[3,42,83,114],
[4,48,99,125,141],
[5,37,98,127],
[6,39,104,131],
[7,36,102,119],
[8,68,82,135],
[9,69,93,121],
[10,49,96,111],
[11,66,79,132,145],
[12,60,70,138],
[13,57,80,110],
[14,58,78,126],
[15,38,87,113,144],
[16,44,76,123],
[17,55,77,133],
[18,43,97,130,146],
[19,56,74,137],
[20,52,95,109],
[21,46,92,105],
[22,45,94,128,148],
[23,67,89,129],
[24,40,84,116],
[25,65,73,122,147],
[26,63,88,106,142],
[27,41,71,107,143],
[28,64,72,124],
[29,54,101,115],
[30,51,103,136],
[31,62,91,139],
[32,59,86,134,149],
[33,35,100,112,140],
[34,53,90,117]],

[[0,51,86,121],
[1,62,88,124],
[2,59,73,135],
[3,39,98,136],
[4,38,78,107,147],
[5,36,103,114],
[6,42,101,126,143],
[7,37,99,120],
[8,47,100,118],
[9,66,80,108],
[10,57,70,125],
[11,61,95,119,146],
[12,58,83,111,142],
[13,49,82,131],
[14,60,79,127],
[15,69,81,134],
[16,41,90,112],
[17,56,71,122,144],
[18,46,94,132],
[19,55,92,117,145],
[20,45,77,110],
[21,43,93,137],
[22,44,96,139],
[23,48,97,115,140],
[24,63,85,109,148],
[25,64,75,130],
[26,40,72,133,141],
[27,68,84,105],
[28,65,74,106],
[29,67,76,128],
[30,52,104,129],
[31,35,102,116],
[32,53,87,138],
[33,50,89,113],
[34,54,91,123,149]],

[[0,52,87,122],
[1,35,89,125,147],
[2,53,84,128],
[3,50,72,108],
[4,37,101,116],
[5,41,81,106,141],
[6,47,102,107],
[7,38,104,134],
[8,42,103,124],
[9,39,91,135],
[10,58,79,136],
[11,60,82,114,148],
[12,59,93,118,145],
[13,69,78,119],
[14,61,80,120],
[15,49,83,126],
[16,57,98,113],
[17,65,86,123],
[18,45,74,133],
[19,44,97,111,144],
[20,46,96,121,142],
[21,48,94,127],
[22,55,70,110],
[23,56,95,138],
[24,36,92,129,149],
[25,68,88,137,140],
[26,67,73,117],
[27,64,76,132],
[28,66,75,139,143],
[29,40,77,105],
[30,63,71,115,146],
[31,43,99,109],
[32,54,100,130],
[33,51,90,131],
[34,62,85,112]],

[[0,53,88,123],
[1,43,90,133],
[2,54,85,114,141],
[3,51,75,115],
[4,62,76,136,148],
[5,42,104,130],
[6,65,98,105],
[7,39,100,106],
[8,41,99,113],
[9,38,102,128],
[10,37,87,108],
[11,69,83,116],
[12,49,80,107,140],
[13,50,70,135,142],
[14,57,81,118,143],
[15,59,79,124],
[16,61,78,134],
[17,60,101,112],
[18,40,89,122],
[19,48,77,132],
[20,56,92,119],
[21,44,95,125],
[22,36,97,126],
[23,46,82,127],
[24,45,93,131],
[25,47,96,109],
[26,66,84,110,149],
[27,63,72,121,144],
[28,67,71,111],
[29,58,73,138],
[30,64,94,139],
[31,68,74,129,145],
[32,55,103,137,146],
[33,52,91,117,147],
[34,35,86,120]],

[[0,54,89,124],
[1,51,84,122],
[2,55,86,132],
[3,52,88,107],
[4,35,73,129,144],
[5,53,71,116,140],
[6,38,99,117,148],
[7,40,101,139],
[8,37,91,105],
[9,65,103,112],
[10,41,100,115,147],
[11,42,90,136],
[12,57,78,130],
[13,61,79,106,149],
[14,62,82,108],
[15,60,98,135],
[16,50,83,128],
[17,59,81,113],
[18,49,104,123],
[19,64,85,133],
[20,36,94,111],
[21,45,96,118],
[22,56,93,114,143],
[23,47,92,134],
[24,44,80,126],
[25,48,70,120,146],
[26,39,95,137],
[27,58,75,127],
[28,68,76,125],
[29,63,74,119],
[30,69,72,131],
[31,67,97,138],
[32,66,77,109,142],
[33,46,102,110,145],
[34,43,87,121,141]],

[[0,55,90,125],
[1,52,85,128,144],
[2,35,75,133],
[3,46,89,111],
[4,43,84,106],
[5,54,72,109],
[6,51,74,130,149],
[7,41,103,121,140],
[8,64,104,138],
[9,42,87,139],
[10,40,102,123],
[11,65,91,129,141],
[12,38,86,116,146],
[13,60,81,117],
[14,59,83,105],
[15,53,80,136,143],
[16,49,101,108],
[17,62,78,115],
[18,50,98,112,147],
[19,61,99,122],
[20,67,88,132],
[21,47,97,119],
[22,48,95,135],
[23,45,70,107],
[24,39,96,113],
[25,56,79,134,148],
[26,36,82,124,145],
[27,37,93,110],
[28,69,73,126],
[29,66,71,114],
[30,68,77,118],
[31,57,76,120],
[32,63,92,131],
[33,58,94,137],
[34,44,100,127,142]],

[[0,56,91,126],
[1,46,86,114],
[2,43,88,115],
[3,54,73,132],
[4,44,85,119],
[5,55,75,105],
[6,52,76,137],
[7,35,77,117],
[8,65,102,125,149],
[9,67,99,131],
[10,38,90,138],
[11,64,100,122],
[12,40,87,109],
[13,41,89,130,145],
[14,49,98,121,146],
[15,50,78,139],
[16,51,79,116],
[17,61,104,136],
[18,53,81,129,148],
[19,62,101,123,141],
[20,59,103,133,147],
[21,63,84,111],
[22,39,92,118],
[23,36,93,108],
[24,48,82,106],
[25,37,95,112],
[26,45,83,113,140],
[27,47,80,128,142],
[28,42,70,127],
[29,57,72,134],
[30,58,74,107],
[31,66,94,135],
[32,60,71,124],
[33,68,96,120,144],
[34,69,97,110,143]],

[[0,57,92,127],
[1,45,87,134,143],
[2,44,89,107],
[3,55,84,129],
[4,52,72,111,146],
[5,56,88,118],
[6,46,73,139],
[7,43,71,110],
[8,54,94,121],
[9,40,100,114],
[10,63,103,120],
[11,41,86,131],
[12,67,91,133,144],
[13,64,90,137],
[14,65,85,117,142],
[15,61,101,125,145],
[16,62,81,138],
[17,35,83,130],
[18,59,99,116],
[19,51,98,109,140],
[20,53,104,122],
[21,50,102,132,141],
[22,68,75,119,147],
[23,37,96,135],
[24,47,70,136],
[25,36,80,105],
[26,42,93,123,148],
[27,48,78,112,149],
[28,39,79,115],
[29,38,82,126],
[30,60,76,113],
[31,69,77,106],
[32,58,97,108],
[33,49,74,128],
[34,66,95,124]],

[[0,58,93,128],
[1,60,96,126],
[2,48,90,113],
[3,56,85,106],
[4,46,75,109],
[5,43,76,119,145],
[6,45,84,135,146],
[7,44,72,138],
[8,55,74,127],
[9,52,97,125],
[10,64,91,107],
[11,68,102,124],
[12,65,89,120,148],
[13,63,87,132],
[14,67,86,110],
[15,40,88,121],
[16,59,104,114,142],
[17,53,98,131],
[18,54,78,117],
[19,50,103,130],
[20,35,101,137,149],
[21,51,99,133],
[22,62,100,111],
[23,66,73,118,141],
[24,42,95,108,147],
[25,39,82,116],
[26,47,79,139],
[27,38,70,122,140],
[28,36,81,123],
[29,37,83,129,143],
[30,41,80,134],
[31,49,71,112],
[32,57,94,105],
[33,69,92,136],
[34,61,77,115,144]],

[[0,59,94,129],
[1,69,70,115],
[2,49,95,134],
[3,36,86,112],
[4,45,88,105],
[5,44,73,137],
[6,55,71,118,142],
[7,48,75,108,145],
[8,56,76,131],
[9,46,77,126],
[10,43,92,114],
[11,67,87,106],
[12,66,100,128],
[13,40,85,124,140],
[14,68,90,111],
[15,63,89,127],
[16,64,84,125,143],
[17,50,99,107],
[18,51,101,120],
[19,52,81,121],
[20,62,102,117,144],
[21,54,104,110],
[22,35,103,132],
[23,53,91,119],
[24,58,72,135],
[25,38,93,136,141],
[26,37,80,130,147],
[27,39,83,138],
[28,41,82,133,149],
[29,47,98,122],
[30,42,78,109],
[31,65,79,113,146],
[32,61,74,123],
[33,60,97,139],
[34,57,96,116,148]],

[[0,60,95,130,140],
[1,50,97,109],
[2,57,82,129],
[3,61,93,113],
[4,47,89,123],
[5,48,84,139],
[6,56,72,110],
[7,46,74,135],
[8,36,73,136,142],
[9,45,71,120],
[10,44,94,134],
[11,55,96,107],
[12,63,90,105],
[13,58,91,115,148],
[14,64,88,128,149],
[15,66,86,119],
[16,68,85,126],
[17,67,75,114],
[18,62,103,106,143],
[19,35,104,124],
[20,43,98,125],
[21,53,100,121],
[22,52,99,127],
[23,54,102,111],
[24,51,87,118],
[25,69,76,108],
[26,41,70,116],
[27,42,79,117,141],
[28,37,78,131,144],
[29,65,80,132],
[30,39,101,133],
[31,38,81,137],
[32,40,83,112,145],
[33,59,77,122,146],
[34,49,92,138,147]],

[[0,61,96,131,141],
[1,49,93,117,149],
[2,62,92,137],
[3,60,80,109],
[4,59,70,112],
[5,39,85,122],
[6,36,75,138],
[7,45,76,127],
[8,44,77,108,143],
[9,47,72,116],
[10,48,74,124,148],
[11,56,97,113,147],
[12,46,95,106],
[13,68,86,139],
[14,69,87,129,140],
[15,67,84,115],
[16,58,89,118],
[17,66,88,134],
[18,63,73,107],
[19,53,102,105],
[20,54,99,128,146],
[21,55,101,114,144],
[22,51,91,125],
[23,43,103,126],
[24,52,100,119],
[25,35,90,135],
[26,57,71,136],
[27,65,82,130],
[28,38,83,121],
[29,42,81,120],
[30,40,79,111],
[31,37,104,132],
[32,41,98,110],
[33,64,78,123,142],
[34,50,94,133,145]],

[[0,62,97,132,142],
[1,59,95,120],
[2,61,70,121],
[3,53,96,110],
[4,49,79,137],
[5,50,82,123,144],
[6,37,88,133],
[7,47,73,131,148],
[8,48,71,126,147],
[9,56,94,136],
[10,39,76,130,143],
[11,36,77,128,140],
[12,45,92,112,141],
[13,44,93,105,146],
[14,66,89,138],
[15,57,90,109,149],
[16,63,75,129],
[17,69,85,135],
[18,58,84,113],
[19,68,72,106],
[20,51,100,139],
[21,52,103,115,145],
[22,46,104,107],
[23,35,87,114],
[24,55,102,134],
[25,43,91,118],
[26,54,86,108],
[27,60,74,116],
[28,40,80,117],
[29,41,78,125],
[30,38,98,124],
[31,64,83,119],
[32,42,99,111],
[33,65,101,127],
[34,67,81,122]],

[[0,63,98,133,143],
[1,53,92,111],
[2,50,93,124],
[3,59,82,125],
[4,51,95,127],
[5,61,83,110,147],
[6,62,80,122],
[7,42,84,132,144],
[8,39,72,120,140],
[9,36,74,134,141],
[10,45,97,116],
[11,37,71,117],
[12,47,94,115,149],
[13,48,96,123],
[14,56,70,139,145],
[15,58,85,131,146],
[16,60,86,137],
[17,68,73,109],
[18,57,88,108],
[19,69,75,112,148],
[20,66,76,105],
[21,35,91,138],
[22,43,102,129,142],
[23,44,99,106],
[24,54,90,107],
[25,46,100,113],
[26,55,87,135],
[27,52,89,136],
[28,49,77,130],
[29,64,79,121],
[30,65,81,114],
[31,41,101,128],
[32,67,78,118],
[33,38,103,119],
[34,40,104,126]],

[[0,64,99,134,144],
[1,68,101,132],
[2,51,96,119,143],
[3,62,70,128],
[4,50,80,114],
[5,35,93,126],
[6,59,78,127,141],
[7,53,79,133],
[8,38,75,111],
[9,37,76,124,149],
[10,47,77,113],
[11,48,92,130],
[12,42,74,121],
[13,39,97,129],
[14,36,95,122],
[15,45,82,138,142],
[16,69,88,120,145],
[17,49,89,110],
[18,66,72,137],
[19,60,84,136,147],
[20,57,73,123,140],
[21,58,71,139],
[22,54,87,131],
[23,55,100,109],
[24,56,103,105],
[25,52,86,106],
[26,44,91,112],
[27,46,90,108,148],
[28,43,85,116],
[29,61,94,117],
[30,67,83,125],
[31,40,98,107],
[32,65,104,115],
[33,63,81,135],
[34,41,102,118,146]],

[[0,65,100,135,145],
[1,67,103,113],
[2,66,104,111],
[3,35,95,118],
[4,53,82,115],
[5,62,79,107],
[6,54,70,134,147],
[7,50,81,126],
[8,51,83,132],
[9,41,73,119],
[10,42,71,128],
[11,39,94,112],
[12,36,96,117],
[13,38,77,125],
[14,37,92,109],
[15,47,93,133],
[16,48,80,131],
[17,57,84,124,142],
[18,61,85,127],
[19,58,76,110],
[20,49,75,116,141],
[21,60,72,122,149],
[22,69,74,138,144],
[23,52,90,120],
[24,46,91,137,143],
[25,45,102,139],
[26,43,89,105],
[27,56,87,123,146],
[28,44,86,136,140],
[29,55,88,130,148],
[30,59,97,121],
[31,63,78,114],
[32,64,101,106],
[33,40,99,129],
[34,68,98,108]],

[[0,66,101,136,146],
[1,40,91,108,142],
[2,63,102,112],
[3,58,99,119],
[4,54,93,135],
[5,51,80,129],
[6,53,83,106],
[7,52,82,113,141],
[8,62,98,134],
[9,35,78,111],
[10,65,72,118],
[11,38,74,115],
[12,37,97,123],
[13,47,95,121],
[14,41,94,114],
[15,42,96,137],
[16,39,70,132],
[17,36,79,120,143],
[18,60,75,128],
[19,59,88,126],
[20,69,71,127],
[21,61,73,130],
[22,49,76,133],
[23,57,77,131],
[24,43,86,124,144],
[25,44,87,110],
[26,48,100,138],
[27,55,85,139,147],
[28,45,90,122,145],
[29,56,89,116,149],
[30,46,84,117,140],
[31,50,92,125,148],
[32,68,81,107],
[33,67,104,105],
[34,64,103,109]],

[[0,67,102,137,147],
[1,58,104,116,145],
[2,64,87,136],
[3,68,100,123],
[4,69,103,118],
[5,52,70,108],
[6,35,79,109],
[7,51,78,105],
[8,43,80,112],
[9,53,101,113],
[10,54,81,119],
[11,40,76,135],
[12,41,77,129],
[13,42,92,122],
[14,39,93,125,144],
[15,65,97,107],
[16,38,95,110],
[17,37,82,111],
[18,47,83,124],
[19,49,73,115,143],
[20,50,84,134],
[21,57,74,126,146],
[22,59,72,117],
[23,61,71,132],
[24,60,94,120],
[25,55,89,128],
[26,56,90,127],
[27,36,91,131],
[28,46,88,138,141],
[29,48,86,133,142],
[30,45,85,130],
[31,44,75,121,149],
[32,62,96,114,140],
[33,66,98,106,148],
[34,63,99,139]],

[[0,68,103,138,148],
[1,63,100,110,141],
[2,69,99,130,142],
[3,67,90,116,143],
[4,66,91,122],
[5,57,102,135],
[6,43,82,136],
[7,54,83,137],
[8,35,81,139,146],
[9,55,79,123],
[10,51,104,112],
[11,52,98,118],
[12,64,71,108],
[13,65,94,109],
[14,38,96,133],
[15,37,70,114],
[16,40,92,106,144],
[17,41,93,127],
[18,42,80,119],
[19,39,78,128],
[20,61,72,129],
[21,62,75,113],
[22,60,77,134,145],
[23,50,76,121],
[24,59,74,111],
[25,49,97,124],
[26,46,85,115],
[27,45,86,126],
[28,47,87,120,147],
[29,44,84,131],
[30,36,89,132],
[31,48,88,117],
[32,56,73,125],
[33,53,95,107,149],
[34,58,101,105,140]],

[[0,69,104,139,149],
[1,66,102,131,140],
[2,68,91,127],
[3,57,103,117],
[4,63,86,130],
[5,58,87,133],
[6,60,100,108,144],
[7,55,80,116],
[8,52,78,110,148],
[9,54,98,138,145],
[10,46,83,122],
[11,35,99,123],
[12,43,101,135,147],
[13,67,74,136],
[14,40,97,137],
[15,41,95,132],
[16,42,82,107],
[17,64,96,105],
[18,65,70,126],
[19,38,79,118],
[20,37,81,115],
[21,59,76,109],
[22,53,73,112,146],
[23,49,94,113,142],
[24,62,71,125],
[25,50,77,119],
[26,61,92,128],
[27,44,88,129],
[28,48,89,134],
[29,39,90,124,141],
[30,56,75,120],
[31,47,85,111,143],
[32,36,84,121],
[33,45,72,114],
[34,51,93,106]]

]
