[[[33,66,131],
[61,103,136],
[38,43,121],
[51,108,113],
[20,28,126],
[56,90,98],
[5,10,15],
[75,80,85],
[34,67,132],
[62,104,137],
[39,44,122],
[52,109,114],
[21,29,127],
[57,91,99],
[6,11,16],
[76,81,86],
[35,68,133],
[63,105,138],
[40,45,123],
[53,110,115],
[22,30,128],
[58,92,100],
[7,12,17],
[77,82,87],
[8,36,134],
[64,78,106],
[13,31,111],
[41,83,101],
[18,59,124],
[54,88,129],
[9,37,135],
[65,79,107],
[14,32,112],
[42,84,102],
[19,60,125],
[55,89,130],
[3,4,24],
[74,94,96],
[25,69,73],
[26,95,139],
[27,47,48],
[50,72,118],
[49,117,120],
[2,97,119],
[1,23,116],
[46,71,93],
[0,70,140]],

[[35,66,134],
[64,105,136],
[41,43,122],
[52,111,113],
[20,29,128],
[58,90,99],
[6,12,18],
[76,82,88],
[36,67,135],
[65,106,137],
[42,44,123],
[53,112,114],
[21,30,129],
[59,91,100],
[7,13,19],
[77,83,89],
[37,68,131],
[61,107,138],
[38,45,124],
[54,108,115],
[22,31,130],
[60,92,101],
[8,14,15],
[78,84,85],
[9,33,132],
[62,79,103],
[10,32,109],
[39,80,102],
[16,56,125],
[55,86,126],
[5,34,133],
[63,75,104],
[11,28,110],
[40,81,98],
[17,57,121],
[51,87,127],
[4,73,95],
[25,26,74],
[3,69,94],
[24,96,139],
[27,117,119],
[2,49,50],
[47,118,120],
[48,72,97],
[0,23,46],
[70,93,116],
[1,71,140]],

[[37,66,132],
[62,107,136],
[39,43,123],
[53,109,113],
[20,30,130],
[60,90,100],
[7,14,16],
[77,84,86],
[33,67,133],
[63,103,137],
[40,44,124],
[54,110,114],
[21,31,126],
[56,91,101],
[8,10,17],
[78,80,87],
[34,68,134],
[64,104,138],
[41,45,125],
[55,111,115],
[22,32,127],
[57,92,102],
[9,11,18],
[79,81,88],
[5,35,135],
[65,75,105],
[12,28,112],
[42,82,98],
[19,58,121],
[51,89,128],
[6,36,131],
[61,76,106],
[13,29,108],
[38,83,99],
[15,59,122],
[52,85,129],
[4,49,116],
[23,74,119],
[46,48,69],
[93,118,139],
[1,27,96],
[3,50,71],
[0,26,120],
[70,73,97],
[24,25,117],
[47,94,95],
[2,72,140]],

[[34,66,135],
[65,104,136],
[42,43,124],
[54,112,113],
[20,31,127],
[57,90,101],
[8,11,19],
[78,81,89],
[35,67,131],
[61,105,137],
[38,44,125],
[55,108,114],
[21,32,128],
[58,91,102],
[9,12,15],
[79,82,85],
[36,68,132],
[62,106,138],
[39,45,121],
[51,109,115],
[22,28,129],
[59,92,98],
[5,13,16],
[75,83,86],
[6,37,133],
[63,76,107],
[14,29,110],
[40,84,99],
[17,60,122],
[52,87,130],
[7,33,134],
[64,77,103],
[10,30,111],
[41,80,100],
[18,56,123],
[53,88,126],
[2,4,70],
[0,74,117],
[69,71,72],
[1,47,139],
[27,46,94],
[24,50,93],
[95,116,120],
[23,25,97],
[26,49,118],
[48,96,119],
[3,73,140]],

[[36,66,133],
[63,106,136],
[40,43,125],
[55,110,113],
[20,32,129],
[59,90,102],
[9,13,17],
[79,83,87],
[37,67,134],
[64,107,137],
[41,44,121],
[51,111,114],
[21,28,130],
[60,91,98],
[5,14,18],
[75,84,88],
[33,68,135],
[65,103,138],
[42,45,122],
[52,112,115],
[22,29,126],
[56,92,99],
[6,10,19],
[76,80,89],
[7,34,131],
[61,77,104],
[11,30,108],
[38,81,100],
[15,57,123],
[53,85,127],
[8,35,132],
[62,78,105],
[12,31,109],
[39,82,101],
[16,58,124],
[54,86,128],
[0,24,48],
[49,70,94],
[1,25,119],
[71,95,118],
[3,23,47],
[26,46,72],
[96,116,117],
[2,73,93],
[27,69,120],
[50,97,139],
[4,74,140]],

[[38,66,126],
[56,108,136],
[20,23,131],
[61,90,93],
[33,43,116],
[46,103,113],
[10,70,85],
[0,15,80],
[41,67,130],
[60,111,137],
[21,27,134],
[64,91,97],
[37,44,120],
[50,107,114],
[14,74,88],
[4,18,84],
[39,68,129],
[59,109,138],
[22,26,132],
[62,92,96],
[36,45,119],
[49,106,115],
[13,73,86],
[3,16,83],
[35,65,72],
[2,105,135],
[12,19,95],
[25,82,89],
[42,58,118],
[48,112,128],
[34,63,71],
[1,104,133],
[11,17,94],
[24,81,87],
[40,57,117],
[47,110,127],
[8,9,29],
[79,99,101],
[30,69,78],
[31,100,139],
[32,52,53],
[55,77,123],
[54,122,125],
[7,102,124],
[6,28,121],
[51,76,98],
[5,75,140]],

[[41,66,128],
[58,111,136],
[20,24,134],
[64,90,94],
[35,43,117],
[47,105,113],
[12,71,88],
[1,18,82],
[39,67,127],
[57,109,137],
[21,23,132],
[62,91,93],
[34,44,116],
[46,104,114],
[11,70,86],
[0,16,81],
[42,68,126],
[56,112,138],
[22,27,135],
[65,92,97],
[33,45,120],
[50,103,115],
[10,74,89],
[4,19,80],
[37,63,73],
[3,107,133],
[14,17,96],
[26,84,87],
[40,60,119],
[49,110,130],
[36,61,72],
[2,106,131],
[13,15,95],
[25,83,85],
[38,59,118],
[48,108,129],
[9,78,100],
[30,31,79],
[8,69,99],
[29,101,139],
[32,122,124],
[7,54,55],
[52,123,125],
[53,77,102],
[5,28,51],
[75,98,121],
[6,76,140]],

[[39,66,130],
[60,109,136],
[20,25,132],
[62,90,95],
[37,43,118],
[48,107,113],
[14,72,86],
[2,16,84],
[42,67,129],
[59,112,137],
[21,24,135],
[65,91,94],
[36,44,117],
[47,106,114],
[13,71,89],
[1,19,83],
[40,68,128],
[58,110,138],
[22,23,133],
[63,92,93],
[35,45,116],
[46,105,115],
[12,70,87],
[0,17,82],
[34,61,74],
[4,104,131],
[11,15,97],
[27,81,85],
[38,57,120],
[50,108,127],
[33,64,73],
[3,103,134],
[10,18,96],
[26,80,88],
[41,56,119],
[49,111,126],
[9,54,121],
[28,79,124],
[51,53,69],
[98,123,139],
[6,32,101],
[8,55,76],
[5,31,125],
[75,78,102],
[29,30,122],
[52,99,100],
[7,77,140]],

[[42,66,127],
[57,112,136],
[20,26,135],
[65,90,96],
[34,43,119],
[49,104,113],
[11,73,89],
[3,19,81],
[40,67,126],
[56,110,137],
[21,25,133],
[63,91,95],
[33,44,118],
[48,103,114],
[10,72,87],
[2,17,80],
[38,68,130],
[60,108,138],
[22,24,131],
[61,92,94],
[37,45,117],
[47,107,115],
[14,71,85],
[1,15,84],
[36,64,70],
[0,106,134],
[13,18,93],
[23,83,88],
[41,59,116],
[46,111,129],
[35,62,74],
[4,105,132],
[12,16,97],
[27,82,86],
[39,58,120],
[50,109,128],
[7,9,75],
[5,79,122],
[69,76,77],
[6,52,139],
[32,51,99],
[29,55,98],
[100,121,125],
[28,30,102],
[31,54,123],
[53,101,124],
[8,78,140]],

[[40,66,129],
[59,110,136],
[20,27,133],
[63,90,97],
[36,43,120],
[50,106,113],
[13,74,87],
[4,17,83],
[38,67,128],
[58,108,137],
[21,26,131],
[61,91,96],
[35,44,119],
[49,105,114],
[12,73,85],
[3,15,82],
[41,68,127],
[57,111,138],
[22,25,134],
[64,92,95],
[34,45,118],
[48,104,115],
[11,72,88],
[2,18,81],
[33,62,71],
[1,103,132],
[10,16,94],
[24,80,86],
[39,56,117],
[47,109,126],
[37,65,70],
[0,107,135],
[14,19,93],
[23,84,89],
[42,60,116],
[46,112,130],
[5,29,53],
[54,75,99],
[6,30,124],
[76,100,123],
[8,28,52],
[31,51,77],
[101,121,122],
[7,78,98],
[32,69,125],
[55,102,139],
[9,79,140]],

[[28,43,131],
[61,98,113],
[20,38,116],
[46,90,108],
[23,66,121],
[51,93,136],
[0,5,85],
[15,70,75],
[31,44,133],
[63,101,114],
[21,40,118],
[48,91,110],
[25,67,124],
[54,95,137],
[2,8,87],
[17,72,78],
[29,45,135],
[65,99,115],
[22,42,120],
[50,92,112],
[27,68,122],
[52,97,138],
[4,6,89],
[19,74,76],
[32,39,71],
[1,102,109],
[16,24,79],
[9,86,94],
[55,62,117],
[47,125,132],
[30,41,73],
[3,100,111],
[18,26,77],
[7,88,96],
[53,64,119],
[49,123,134],
[13,14,34],
[84,104,106],
[35,69,83],
[36,105,139],
[37,57,58],
[60,82,128],
[59,127,130],
[12,107,129],
[11,33,126],
[56,81,103],
[10,80,140]],

[[31,43,135],
[65,101,113],
[20,42,119],
[49,90,112],
[26,66,124],
[54,96,136],
[3,8,89],
[19,73,78],
[29,44,132],
[62,99,114],
[21,39,116],
[46,91,109],
[23,67,122],
[52,93,137],
[0,6,86],
[16,70,76],
[32,45,134],
[64,102,115],
[22,41,118],
[48,92,111],
[25,68,125],
[55,95,138],
[2,9,88],
[18,72,79],
[30,38,74],
[4,100,108],
[15,27,77],
[7,85,97],
[53,61,120],
[50,123,131],
[28,40,71],
[1,98,110],
[17,24,75],
[5,87,94],
[51,63,117],
[47,121,133],
[14,83,105],
[35,36,84],
[13,69,104],
[34,106,139],
[37,127,129],
[12,59,60],
[57,128,130],
[58,82,107],
[10,33,56],
[80,103,126],
[11,81,140]],

[[29,43,134],
[64,99,113],
[20,41,117],
[47,90,111],
[24,66,122],
[52,94,136],
[1,6,88],
[18,71,76],
[32,44,131],
[61,102,114],
[21,38,119],
[49,91,108],
[26,67,125],
[55,96,137],
[3,9,85],
[15,73,79],
[30,45,133],
[63,100,115],
[22,40,116],
[46,92,110],
[23,68,123],
[53,93,138],
[0,7,87],
[17,70,77],
[28,42,72],
[2,98,112],
[19,25,75],
[5,89,95],
[51,65,118],
[48,121,135],
[31,39,74],
[4,101,109],
[16,27,78],
[8,86,97],
[54,62,120],
[50,124,132],
[14,59,126],
[33,84,129],
[56,58,69],
[103,128,139],
[11,37,106],
[13,60,81],
[10,36,130],
[80,83,107],
[34,35,127],
[57,104,105],
[12,82,140]],

[[32,43,133],
[63,102,113],
[20,40,120],
[50,90,110],
[27,66,125],
[55,97,136],
[4,9,87],
[17,74,79],
[30,44,135],
[65,100,114],
[21,42,117],
[47,91,112],
[24,67,123],
[53,94,137],
[1,7,89],
[19,71,77],
[28,45,132],
[62,98,115],
[22,39,119],
[49,92,109],
[26,68,121],
[51,96,138],
[3,5,86],
[16,73,75],
[31,41,70],
[0,101,111],
[18,23,78],
[8,88,93],
[54,64,116],
[46,124,134],
[29,38,72],
[2,99,108],
[15,25,76],
[6,85,95],
[52,61,118],
[48,122,131],
[12,14,80],
[10,84,127],
[69,81,82],
[11,57,139],
[37,56,104],
[34,60,103],
[105,126,130],
[33,35,107],
[36,59,128],
[58,106,129],
[13,83,140]],

[[30,43,132],
[62,100,113],
[20,39,118],
[48,90,109],
[25,66,123],
[53,95,136],
[2,7,86],
[16,72,77],
[28,44,134],
[64,98,114],
[21,41,120],
[50,91,111],
[27,67,121],
[51,97,137],
[4,5,88],
[18,74,75],
[31,45,131],
[61,101,115],
[22,38,117],
[47,92,108],
[24,68,124],
[54,94,138],
[1,8,85],
[15,71,78],
[29,40,73],
[3,99,110],
[17,26,76],
[6,87,96],
[52,63,119],
[49,122,133],
[32,42,70],
[0,102,112],
[19,23,79],
[9,89,93],
[55,65,116],
[46,125,135],
[10,34,58],
[59,80,104],
[11,35,129],
[81,105,128],
[13,33,57],
[36,56,82],
[106,126,127],
[12,83,103],
[37,69,130],
[60,107,139],
[14,84,140]],

[[20,33,121],
[51,90,103],
[23,43,126],
[56,93,113],
[28,66,116],
[46,98,136],
[0,10,75],
[5,70,80],
[21,35,125],
[55,91,105],
[26,44,128],
[58,96,114],
[32,67,119],
[49,102,137],
[3,12,79],
[9,73,82],
[22,37,124],
[54,92,107],
[24,45,130],
[60,94,115],
[31,68,117],
[47,101,138],
[1,14,78],
[8,71,84],
[53,57,74],
[4,123,127],
[7,11,27],
[77,81,97],
[30,34,120],
[50,100,104],
[52,59,72],
[2,122,129],
[6,13,25],
[76,83,95],
[29,36,118],
[48,99,106],
[18,19,39],
[89,109,111],
[40,69,88],
[41,110,139],
[42,62,63],
[65,87,133],
[64,132,135],
[17,112,134],
[16,38,131],
[61,86,108],
[15,85,140]],

[[20,37,123],
[53,90,107],
[25,43,130],
[60,95,113],
[30,66,118],
[48,100,136],
[2,14,77],
[7,72,84],
[21,34,122],
[52,91,104],
[23,44,127],
[57,93,114],
[29,67,116],
[46,99,137],
[0,11,76],
[6,70,81],
[22,36,121],
[51,92,106],
[26,45,129],
[59,96,115],
[28,68,119],
[49,98,138],
[3,13,75],
[5,73,83],
[55,56,71],
[1,125,126],
[9,10,24],
[79,80,94],
[32,33,117],
[47,102,103],
[54,58,74],
[4,124,128],
[8,12,27],
[78,82,97],
[31,35,120],
[50,101,105],
[19,88,110],
[40,41,89],
[18,69,109],
[39,111,139],
[42,132,134],
[17,64,65],
[62,133,135],
[63,87,112],
[15,38,61],
[85,108,131],
[16,86,140]],

[[20,36,125],
[55,90,106],
[27,43,129],
[59,97,113],
[32,66,120],
[50,102,136],
[4,13,79],
[9,74,83],
[21,33,124],
[54,91,103],
[25,44,126],
[56,95,114],
[31,67,118],
[48,101,137],
[2,10,78],
[8,72,80],
[22,35,123],
[53,92,105],
[23,45,128],
[58,93,115],
[30,68,116],
[46,100,138],
[0,12,77],
[7,70,82],
[52,60,73],
[3,122,130],
[6,14,26],
[76,84,96],
[29,37,119],
[49,99,107],
[51,57,71],
[1,121,127],
[5,11,24],
[75,81,94],
[28,34,117],
[47,98,104],
[19,64,131],
[38,89,134],
[61,63,69],
[108,133,139],
[16,42,111],
[18,65,86],
[15,41,135],
[85,88,112],
[39,40,132],
[62,109,110],
[17,87,140]],

[[20,35,122],
[52,90,105],
[24,43,128],
[58,94,113],
[29,66,117],
[47,99,136],
[1,12,76],
[6,71,82],
[21,37,121],
[51,91,107],
[27,44,130],
[60,97,114],
[28,67,120],
[50,98,137],
[4,14,75],
[5,74,84],
[22,34,125],
[55,92,104],
[25,45,127],
[57,95,115],
[32,68,118],
[48,102,138],
[2,11,79],
[9,72,81],
[54,59,70],
[0,124,129],
[8,13,23],
[78,83,93],
[31,36,116],
[46,101,106],
[53,56,73],
[3,123,126],
[7,10,26],
[77,80,96],
[30,33,119],
[49,100,103],
[17,19,85],
[15,89,132],
[69,86,87],
[16,62,139],
[42,61,109],
[39,65,108],
[110,131,135],
[38,40,112],
[41,64,133],
[63,111,134],
[18,88,140]],

[[20,34,124],
[54,90,104],
[26,43,127],
[57,96,113],
[31,66,119],
[49,101,136],
[3,11,78],
[8,73,81],
[21,36,123],
[53,91,106],
[24,44,129],
[59,94,114],
[30,67,117],
[47,100,137],
[1,13,77],
[7,71,83],
[22,33,122],
[52,92,103],
[27,45,126],
[56,97,115],
[29,68,120],
[50,99,138],
[4,10,76],
[6,74,80],
[51,58,72],
[2,121,128],
[5,12,25],
[75,82,95],
[28,35,118],
[48,98,105],
[55,60,70],
[0,125,130],
[9,14,23],
[79,84,93],
[32,37,116],
[46,102,107],
[15,39,63],
[64,85,109],
[16,40,134],
[86,110,133],
[18,38,62],
[41,61,87],
[111,131,132],
[17,88,108],
[42,69,135],
[65,112,139],
[19,89,140]],

[[15,33,51],
[85,103,121],
[10,38,46],
[80,108,116],
[5,23,61],
[75,93,131],
[0,28,56],
[70,98,126],
[18,35,52],
[88,105,122],
[12,41,47],
[82,111,117],
[6,24,64],
[76,94,134],
[1,29,58],
[71,99,128],
[16,37,53],
[86,107,123],
[14,39,48],
[84,109,118],
[7,25,62],
[77,95,132],
[2,30,60],
[72,100,130],
[19,34,54],
[89,104,124],
[11,42,49],
[81,112,119],
[8,26,65],
[78,96,135],
[3,31,57],
[73,101,127],
[17,36,55],
[87,106,125],
[13,40,50],
[83,110,120],
[9,27,63],
[79,97,133],
[4,32,59],
[74,102,129],
[22,68,113],
[43,66,69],
[115,136,138],
[91,92,137],
[45,67,114],
[21,44,139],
[20,90,140]],

[[16,34,52],
[86,104,122],
[11,39,46],
[81,109,116],
[6,23,62],
[76,93,132],
[0,29,57],
[70,99,127],
[19,36,53],
[89,106,123],
[13,42,47],
[83,112,117],
[7,24,65],
[77,94,135],
[1,30,59],
[71,100,129],
[17,33,54],
[87,103,124],
[10,40,48],
[80,110,118],
[8,25,63],
[78,95,133],
[2,31,56],
[72,101,126],
[15,35,55],
[85,105,125],
[12,38,49],
[82,108,119],
[9,26,61],
[79,96,131],
[3,32,58],
[73,102,128],
[18,37,51],
[88,107,121],
[14,41,50],
[84,111,120],
[5,27,64],
[75,97,134],
[4,28,60],
[74,98,130],
[66,92,138],
[43,44,45],
[90,114,115],
[20,22,136],
[67,69,113],
[68,137,139],
[21,91,140]],

[[17,35,53],
[87,105,123],
[12,40,46],
[82,110,116],
[7,23,63],
[77,93,133],
[0,30,58],
[70,100,128],
[15,37,54],
[85,107,124],
[14,38,47],
[84,108,117],
[8,24,61],
[78,94,131],
[1,31,60],
[71,101,130],
[18,34,55],
[88,104,125],
[11,41,48],
[81,111,118],
[9,25,64],
[79,95,134],
[2,32,57],
[72,102,127],
[16,36,51],
[86,106,121],
[13,39,49],
[83,109,119],
[5,26,62],
[75,96,132],
[3,28,59],
[73,98,129],
[19,33,52],
[89,103,122],
[10,42,50],
[80,112,120],
[6,27,65],
[76,97,135],
[4,29,56],
[74,99,126],
[20,67,139],
[44,66,68],
[113,114,138],
[21,69,115],
[43,90,137],
[45,91,136],
[22,92,140]],

[[43,56,85],
[15,113,126],
[20,61,75],
[5,90,131],
[51,66,80],
[10,121,136],
[28,33,38],
[98,103,108],
[44,57,86],
[16,114,127],
[21,62,76],
[6,91,132],
[52,67,81],
[11,122,137],
[29,34,39],
[99,104,109],
[45,58,87],
[17,115,128],
[22,63,77],
[7,92,133],
[53,68,82],
[12,123,138],
[30,35,40],
[100,105,110],
[13,78,88],
[8,18,83],
[36,41,124],
[54,106,111],
[31,59,134],
[64,101,129],
[14,79,89],
[9,19,84],
[37,42,125],
[55,107,112],
[32,60,135],
[65,102,130],
[4,26,94],
[24,73,74],
[69,95,96],
[3,25,139],
[2,27,118],
[48,50,117],
[72,119,120],
[47,49,97],
[1,46,70],
[0,71,116],
[23,93,140]],

[[43,58,88],
[18,113,128],
[20,64,76],
[6,90,134],
[52,66,82],
[12,122,136],
[29,35,41],
[99,105,111],
[44,59,89],
[19,114,129],
[21,65,77],
[7,91,135],
[53,67,83],
[13,123,137],
[30,36,42],
[100,106,112],
[45,60,85],
[15,115,130],
[22,61,78],
[8,92,131],
[54,68,84],
[14,124,138],
[31,37,38],
[101,107,108],
[10,79,86],
[9,16,80],
[33,39,125],
[55,103,109],
[32,56,132],
[62,102,126],
[11,75,87],
[5,17,81],
[34,40,121],
[51,104,110],
[28,57,133],
[63,98,127],
[4,23,48],
[74,116,118],
[49,69,93],
[46,119,139],
[0,3,27],
[50,70,96],
[1,73,120],
[26,71,97],
[25,47,72],
[2,95,117],
[24,94,140]],

[[43,60,86],
[16,113,130],
[20,62,77],
[7,90,132],
[53,66,84],
[14,123,136],
[30,37,39],
[100,107,109],
[44,56,87],
[17,114,126],
[21,63,78],
[8,91,133],
[54,67,80],
[10,124,137],
[31,33,40],
[101,103,110],
[45,57,88],
[18,115,127],
[22,64,79],
[9,92,134],
[55,68,81],
[11,125,138],
[32,34,41],
[102,104,111],
[12,75,89],
[5,19,82],
[35,42,121],
[51,105,112],
[28,58,135],
[65,98,128],
[13,76,85],
[6,15,83],
[36,38,122],
[52,106,108],
[29,59,131],
[61,99,129],
[4,93,119],
[46,49,74],
[23,69,118],
[48,116,139],
[27,71,73],
[1,26,50],
[3,70,120],
[0,96,97],
[2,24,47],
[72,94,117],
[25,95,140]],

[[43,57,89],
[19,113,127],
[20,65,78],
[8,90,135],
[54,66,81],
[11,124,136],
[31,34,42],
[101,104,112],
[44,58,85],
[15,114,128],
[21,61,79],
[9,91,131],
[55,67,82],
[12,125,137],
[32,35,38],
[102,105,108],
[45,59,86],
[16,115,129],
[22,62,75],
[5,92,132],
[51,68,83],
[13,121,138],
[28,36,39],
[98,106,109],
[14,76,87],
[6,17,84],
[37,40,122],
[52,107,110],
[29,60,133],
[63,99,130],
[10,77,88],
[7,18,80],
[33,41,123],
[53,103,111],
[30,56,134],
[64,100,126],
[1,4,72],
[47,71,74],
[0,2,69],
[70,117,139],
[25,27,116],
[23,50,95],
[24,46,120],
[93,94,97],
[48,49,73],
[3,118,119],
[26,96,140]],

[[43,59,87],
[17,113,129],
[20,63,79],
[9,90,133],
[55,66,83],
[13,125,136],
[32,36,40],
[102,106,110],
[44,60,88],
[18,114,130],
[21,64,75],
[5,91,134],
[51,67,84],
[14,121,137],
[28,37,41],
[98,107,111],
[45,56,89],
[19,115,126],
[22,65,76],
[6,92,135],
[52,68,80],
[10,122,138],
[29,33,42],
[99,103,112],
[11,77,85],
[7,15,81],
[34,38,123],
[53,104,108],
[30,57,131],
[61,100,127],
[12,78,86],
[8,16,82],
[35,39,124],
[54,105,109],
[31,58,132],
[62,101,128],
[0,94,118],
[24,70,119],
[1,49,95],
[25,48,71],
[2,23,26],
[3,46,117],
[72,73,116],
[47,93,96],
[50,69,74],
[4,120,139],
[27,97,140]],

[[43,61,80],
[10,113,131],
[46,66,85],
[15,116,136],
[20,56,70],
[0,90,126],
[23,38,103],
[33,93,108],
[44,64,84],
[14,114,134],
[50,67,88],
[18,120,137],
[21,60,74],
[4,91,130],
[27,41,107],
[37,97,111],
[45,62,83],
[13,115,132],
[49,68,86],
[16,119,138],
[22,59,73],
[3,92,129],
[26,39,106],
[36,96,109],
[2,12,42],
[72,82,112],
[58,65,95],
[25,128,135],
[35,48,89],
[19,105,118],
[1,11,40],
[71,81,110],
[57,63,94],
[24,127,133],
[34,47,87],
[17,104,117],
[9,31,99],
[29,78,79],
[69,100,101],
[8,30,139],
[7,32,123],
[53,55,122],
[77,124,125],
[52,54,102],
[6,51,75],
[5,76,121],
[28,98,140]],

[[43,64,82],
[12,113,134],
[47,66,88],
[18,117,136],
[20,58,71],
[1,90,128],
[24,41,105],
[35,94,111],
[44,62,81],
[11,114,132],
[46,67,86],
[16,116,137],
[21,57,70],
[0,91,127],
[23,39,104],
[34,93,109],
[45,65,80],
[10,115,135],
[50,68,89],
[19,120,138],
[22,56,74],
[4,92,126],
[27,42,103],
[33,97,112],
[3,14,40],
[73,84,110],
[60,63,96],
[26,130,133],
[37,49,87],
[17,107,119],
[2,13,38],
[72,83,108],
[59,61,95],
[25,129,131],
[36,48,85],
[15,106,118],
[9,28,53],
[79,121,123],
[54,69,98],
[51,124,139],
[5,8,32],
[55,75,101],
[6,78,125],
[31,76,102],
[30,52,77],
[7,100,122],
[29,99,140]],

[[43,62,84],
[14,113,132],
[48,66,86],
[16,118,136],
[20,60,72],
[2,90,130],
[25,39,107],
[37,95,109],
[44,65,83],
[13,114,135],
[47,67,89],
[19,117,137],
[21,59,71],
[1,91,129],
[24,42,106],
[36,94,112],
[45,63,82],
[12,115,133],
[46,68,87],
[17,116,138],
[22,58,70],
[0,92,128],
[23,40,105],
[35,93,110],
[4,11,38],
[74,81,108],
[57,61,97],
[27,127,131],
[34,50,85],
[15,104,120],
[3,10,41],
[73,80,111],
[56,64,96],
[26,126,134],
[33,49,88],
[18,103,119],
[9,98,124],
[51,54,79],
[28,69,123],
[53,121,139],
[32,76,78],
[6,31,55],
[8,75,125],
[5,101,102],
[7,29,52],
[77,99,122],
[30,100,140]],

[[43,65,81],
[11,113,135],
[49,66,89],
[19,119,136],
[20,57,73],
[3,90,127],
[26,42,104],
[34,96,112],
[44,63,80],
[10,114,133],
[48,67,87],
[17,118,137],
[21,56,72],
[2,91,126],
[25,40,103],
[33,95,110],
[45,61,84],
[14,115,131],
[47,68,85],
[15,117,138],
[22,60,71],
[1,92,130],
[24,38,107],
[37,94,108],
[0,13,41],
[70,83,111],
[59,64,93],
[23,129,134],
[36,46,88],
[18,106,116],
[4,12,39],
[74,82,109],
[58,62,97],
[27,128,132],
[35,50,86],
[16,105,120],
[6,9,77],
[52,76,79],
[5,7,69],
[75,122,139],
[30,32,121],
[28,55,100],
[29,51,125],
[98,99,102],
[53,54,78],
[8,123,124],
[31,101,140]],

[[43,63,83],
[13,113,133],
[50,66,87],
[17,120,136],
[20,59,74],
[4,90,129],
[27,40,106],
[36,97,110],
[44,61,82],
[12,114,131],
[49,67,85],
[15,119,137],
[21,58,73],
[3,91,128],
[26,38,105],
[35,96,108],
[45,64,81],
[11,115,134],
[48,68,88],
[18,118,138],
[22,57,72],
[2,92,127],
[25,41,104],
[34,95,111],
[1,10,39],
[71,80,109],
[56,62,94],
[24,126,132],
[33,47,86],
[16,103,117],
[0,14,42],
[70,84,112],
[60,65,93],
[23,130,135],
[37,46,89],
[19,107,116],
[5,99,123],
[29,75,124],
[6,54,100],
[30,53,76],
[7,28,31],
[8,51,122],
[77,78,121],
[52,98,101],
[55,69,79],
[9,125,139],
[32,102,140]],

[[20,51,85],
[15,90,121],
[61,66,70],
[0,131,136],
[43,46,75],
[5,113,116],
[23,28,108],
[38,93,98],
[21,54,87],
[17,91,124],
[63,67,72],
[2,133,137],
[44,48,78],
[8,114,118],
[25,31,110],
[40,95,101],
[22,52,89],
[19,92,122],
[65,68,74],
[4,135,138],
[45,50,76],
[6,115,120],
[27,29,112],
[42,97,99],
[1,9,62],
[71,79,132],
[24,39,55],
[94,109,125],
[16,32,47],
[86,102,117],
[3,7,64],
[73,77,134],
[26,41,53],
[96,111,123],
[18,30,49],
[88,100,119],
[14,36,104],
[34,83,84],
[69,105,106],
[13,35,139],
[12,37,128],
[58,60,127],
[82,129,130],
[57,59,107],
[11,56,80],
[10,81,126],
[33,103,140]],

[[20,54,89],
[19,90,124],
[65,66,73],
[3,135,136],
[43,49,78],
[8,113,119],
[26,31,112],
[42,96,101],
[21,52,86],
[16,91,122],
[62,67,70],
[0,132,137],
[44,46,76],
[6,114,116],
[23,29,109],
[39,93,99],
[22,55,88],
[18,92,125],
[64,68,72],
[2,134,138],
[45,48,79],
[9,115,118],
[25,32,111],
[41,95,102],
[4,7,61],
[74,77,131],
[27,38,53],
[97,108,123],
[15,30,50],
[85,100,120],
[1,5,63],
[71,75,133],
[24,40,51],
[94,110,121],
[17,28,47],
[87,98,117],
[14,33,58],
[84,126,128],
[59,69,103],
[56,129,139],
[10,13,37],
[60,80,106],
[11,83,130],
[36,81,107],
[35,57,82],
[12,105,127],
[34,104,140]],

[[20,52,88],
[18,90,122],
[64,66,71],
[1,134,136],
[43,47,76],
[6,113,117],
[24,29,111],
[41,94,99],
[21,55,85],
[15,91,125],
[61,67,73],
[3,131,137],
[44,49,79],
[9,114,119],
[26,32,108],
[38,96,102],
[22,53,87],
[17,92,123],
[63,68,70],
[0,133,138],
[45,46,77],
[7,115,116],
[23,30,110],
[40,93,100],
[2,5,65],
[72,75,135],
[25,42,51],
[95,112,121],
[19,28,48],
[89,98,118],
[4,8,62],
[74,78,132],
[27,39,54],
[97,109,124],
[16,31,50],
[86,101,120],
[14,103,129],
[56,59,84],
[33,69,128],
[58,126,139],
[37,81,83],
[11,36,60],
[13,80,130],
[10,106,107],
[12,34,57],
[82,104,127],
[35,105,140]],

[[20,55,87],
[17,90,125],
[63,66,74],
[4,133,136],
[43,50,79],
[9,113,120],
[27,32,110],
[40,97,102],
[21,53,89],
[19,91,123],
[65,67,71],
[1,135,137],
[44,47,77],
[7,114,117],
[24,30,112],
[42,94,100],
[22,51,86],
[16,92,121],
[62,68,73],
[3,132,138],
[45,49,75],
[5,115,119],
[26,28,109],
[39,96,98],
[0,8,64],
[70,78,134],
[23,41,54],
[93,111,124],
[18,31,46],
[88,101,116],
[2,6,61],
[72,76,131],
[25,38,52],
[95,108,122],
[15,29,48],
[85,99,118],
[11,14,82],
[57,81,84],
[10,12,69],
[80,127,139],
[35,37,126],
[33,60,105],
[34,56,130],
[103,104,107],
[58,59,83],
[13,128,129],
[36,106,140]],

[[20,53,86],
[16,90,123],
[62,66,72],
[2,132,136],
[43,48,77],
[7,113,118],
[25,30,109],
[39,95,100],
[21,51,88],
[18,91,121],
[64,67,74],
[4,134,137],
[44,50,75],
[5,114,120],
[27,28,111],
[41,97,98],
[22,54,85],
[15,92,124],
[61,68,71],
[1,131,138],
[45,47,78],
[8,115,117],
[24,31,108],
[38,94,101],
[3,6,63],
[73,76,133],
[26,40,52],
[96,110,122],
[17,29,49],
[87,99,119],
[0,9,65],
[70,79,135],
[23,42,55],
[93,112,125],
[19,32,46],
[89,102,116],
[10,104,128],
[34,80,129],
[11,59,105],
[35,58,81],
[12,33,36],
[13,56,127],
[82,83,126],
[57,103,106],
[60,69,84],
[14,130,139],
[37,107,140]],

[[56,66,75],
[5,126,136],
[20,46,80],
[10,90,116],
[43,51,70],
[0,113,121],
[28,93,103],
[23,33,98],
[58,67,79],
[9,128,137],
[21,49,82],
[12,91,119],
[44,55,73],
[3,114,125],
[32,96,105],
[26,35,102],
[60,68,78],
[8,130,138],
[22,47,84],
[14,92,117],
[45,54,71],
[1,115,124],
[31,94,107],
[24,37,101],
[11,74,100],
[4,30,81],
[50,57,77],
[7,120,127],
[34,53,97],
[27,104,123],
[13,72,99],
[2,29,83],
[48,59,76],
[6,118,129],
[36,52,95],
[25,106,122],
[19,41,109],
[39,88,89],
[69,110,111],
[18,40,139],
[17,42,133],
[63,65,132],
[87,134,135],
[62,64,112],
[16,61,85],
[15,86,131],
[38,108,140]],

[[60,66,77],
[7,130,136],
[20,48,84],
[14,90,118],
[43,53,72],
[2,113,123],
[30,95,107],
[25,37,100],
[57,67,76],
[6,127,137],
[21,46,81],
[11,91,116],
[44,52,70],
[0,114,122],
[29,93,104],
[23,34,99],
[59,68,75],
[5,129,138],
[22,49,83],
[13,92,119],
[45,51,73],
[3,115,121],
[28,96,106],
[26,36,98],
[10,71,102],
[1,32,80],
[47,56,79],
[9,117,126],
[33,55,94],
[24,103,125],
[12,74,101],
[4,31,82],
[50,58,78],
[8,120,128],
[35,54,97],
[27,105,124],
[19,38,63],
[89,131,133],
[64,69,108],
[61,134,139],
[15,18,42],
[65,85,111],
[16,88,135],
[41,86,112],
[40,62,87],
[17,110,132],
[39,109,140]],

[[59,66,79],
[9,129,136],
[20,50,83],
[13,90,120],
[43,55,74],
[4,113,125],
[32,97,106],
[27,36,102],
[56,67,78],
[8,126,137],
[21,48,80],
[10,91,118],
[44,54,72],
[2,114,124],
[31,95,103],
[25,33,101],
[58,68,77],
[7,128,138],
[22,46,82],
[12,92,116],
[45,53,70],
[0,115,123],
[30,93,105],
[23,35,100],
[14,73,99],
[3,29,84],
[49,60,76],
[6,119,130],
[37,52,96],
[26,107,122],
[11,71,98],
[1,28,81],
[47,57,75],
[5,117,127],
[34,51,94],
[24,104,121],
[19,108,134],
[61,64,89],
[38,69,133],
[63,131,139],
[42,86,88],
[16,41,65],
[18,85,135],
[15,111,112],
[17,39,62],
[87,109,132],
[40,110,140]],

[[58,66,76],
[6,128,136],
[20,47,82],
[12,90,117],
[43,52,71],
[1,113,122],
[29,94,105],
[24,35,99],
[60,67,75],
[5,130,137],
[21,50,84],
[14,91,120],
[44,51,74],
[4,114,121],
[28,97,107],
[27,37,98],
[57,68,79],
[9,127,138],
[22,48,81],
[11,92,118],
[45,55,72],
[2,115,125],
[32,95,104],
[25,34,102],
[13,70,101],
[0,31,83],
[46,59,78],
[8,116,129],
[36,54,93],
[23,106,124],
[10,73,100],
[3,30,80],
[49,56,77],
[7,119,126],
[33,53,96],
[26,103,123],
[16,19,87],
[62,86,89],
[15,17,69],
[85,132,139],
[40,42,131],
[38,65,110],
[39,61,135],
[108,109,112],
[63,64,88],
[18,133,134],
[41,111,140]],

[[57,66,78],
[8,127,136],
[20,49,81],
[11,90,119],
[43,54,73],
[3,113,124],
[31,96,104],
[26,34,101],
[59,67,77],
[7,129,137],
[21,47,83],
[13,91,117],
[44,53,71],
[1,114,123],
[30,94,106],
[24,36,100],
[56,68,76],
[6,126,138],
[22,50,80],
[10,92,120],
[45,52,74],
[4,115,122],
[29,97,103],
[27,33,99],
[12,72,98],
[2,28,82],
[48,58,75],
[5,118,128],
[35,51,95],
[25,105,121],
[14,70,102],
[0,32,84],
[46,60,79],
[9,116,130],
[37,55,93],
[23,107,125],
[15,109,133],
[39,85,134],
[16,64,110],
[40,63,86],
[17,38,41],
[18,61,132],
[87,88,131],
[62,108,111],
[65,69,89],
[19,135,139],
[42,112,140]],

[[10,28,61],
[80,98,131],
[15,23,56],
[85,93,126],
[0,38,51],
[70,108,121],
[5,33,46],
[75,103,116],
[12,29,64],
[82,99,134],
[18,24,58],
[88,94,128],
[1,41,52],
[71,111,122],
[6,35,47],
[76,105,117],
[14,30,62],
[84,100,132],
[16,25,60],
[86,95,130],
[2,39,53],
[72,109,123],
[7,37,48],
[77,107,118],
[11,31,65],
[81,101,135],
[19,26,57],
[89,96,127],
[3,42,54],
[73,112,124],
[8,34,49],
[78,104,119],
[13,32,63],
[83,102,133],
[17,27,59],
[87,97,129],
[4,40,55],
[74,110,125],
[9,36,50],
[79,106,120],
[69,136,137],
[20,45,66],
[90,138,139],
[21,67,92],
[68,91,114],
[22,44,115],
[43,113,140]],

[[11,29,62],
[81,99,132],
[16,23,57],
[86,93,127],
[0,39,52],
[70,109,122],
[6,34,46],
[76,104,116],
[13,30,65],
[83,100,135],
[19,24,59],
[89,94,129],
[1,42,53],
[71,112,123],
[7,36,47],
[77,106,117],
[10,31,63],
[80,101,133],
[17,25,56],
[87,95,126],
[2,40,54],
[72,110,124],
[8,33,48],
[78,103,118],
[12,32,61],
[82,102,131],
[15,26,58],
[85,96,128],
[3,38,55],
[73,108,125],
[9,35,49],
[79,105,119],
[14,28,64],
[84,98,134],
[18,27,60],
[88,97,130],
[4,41,51],
[74,111,121],
[5,37,50],
[75,107,120],
[45,68,69],
[90,113,136],
[21,22,137],
[66,91,139],
[20,92,115],
[43,67,138],
[44,114,140]],

[[12,30,63],
[82,100,133],
[17,23,58],
[87,93,128],
[0,40,53],
[70,110,123],
[7,35,46],
[77,105,116],
[14,31,61],
[84,101,131],
[15,24,60],
[85,94,130],
[1,38,54],
[71,108,124],
[8,37,47],
[78,107,117],
[11,32,64],
[81,102,134],
[18,25,57],
[88,95,127],
[2,41,55],
[72,111,125],
[9,34,48],
[79,104,118],
[13,28,62],
[83,98,132],
[16,26,59],
[86,96,129],
[3,39,51],
[73,109,121],
[5,36,49],
[75,106,119],
[10,29,65],
[80,99,135],
[19,27,56],
[89,97,126],
[4,42,52],
[74,112,122],
[6,33,50],
[76,103,120],
[69,91,138],
[66,67,90],
[22,43,139],
[21,68,136],
[20,114,137],
[44,92,113],
[45,115,140]],

[[38,80,90],
[10,20,108],
[28,85,136],
[15,66,98],
[33,75,113],
[5,43,103],
[51,56,61],
[121,126,131],
[39,81,91],
[11,21,109],
[29,86,137],
[16,67,99],
[34,76,114],
[6,44,104],
[52,57,62],
[122,127,132],
[40,82,92],
[12,22,110],
[30,87,138],
[17,68,100],
[35,77,115],
[7,45,105],
[53,58,63],
[123,128,133],
[41,78,129],
[8,59,111],
[64,83,124],
[13,54,134],
[31,88,106],
[18,36,101],
[42,79,130],
[9,60,112],
[65,84,125],
[14,55,135],
[32,89,107],
[19,37,102],
[4,25,96],
[3,74,95],
[24,26,69],
[73,94,139],
[27,49,72],
[47,50,119],
[2,48,120],
[97,117,118],
[0,1,93],
[23,70,71],
[46,116,140]],

[[41,82,90],
[12,20,111],
[29,88,136],
[18,66,99],
[35,76,113],
[6,43,105],
[52,58,64],
[122,128,134],
[42,83,91],
[13,21,112],
[30,89,137],
[19,67,100],
[36,77,114],
[7,44,106],
[53,59,65],
[123,129,135],
[38,84,92],
[14,22,108],
[31,85,138],
[15,68,101],
[37,78,115],
[8,45,107],
[54,60,61],
[124,130,131],
[39,79,126],
[9,56,109],
[62,80,125],
[10,55,132],
[32,86,103],
[16,33,102],
[40,75,127],
[5,57,110],
[63,81,121],
[11,51,133],
[28,87,104],
[17,34,98],
[4,46,118],
[48,74,93],
[69,116,119],
[23,49,139],
[26,27,70],
[0,50,73],
[71,96,120],
[1,3,97],
[2,25,94],
[24,72,95],
[47,117,140]],

[[39,84,90],
[14,20,109],
[30,86,136],
[16,66,100],
[37,77,113],
[7,43,107],
[53,60,62],
[123,130,132],
[40,80,91],
[10,21,110],
[31,87,137],
[17,67,101],
[33,78,114],
[8,44,103],
[54,56,63],
[124,126,133],
[41,81,92],
[11,22,111],
[32,88,138],
[18,68,102],
[34,79,115],
[9,45,104],
[55,57,64],
[125,127,134],
[42,75,128],
[5,58,112],
[65,82,121],
[12,51,135],
[28,89,105],
[19,35,98],
[38,76,129],
[6,59,108],
[61,83,122],
[13,52,131],
[29,85,106],
[15,36,99],
[0,4,47],
[70,72,74],
[1,69,117],
[2,71,139],
[23,24,27],
[50,94,116],
[25,93,120],
[46,95,97],
[3,49,96],
[26,73,119],
[48,118,140]],

[[42,81,90],
[11,20,112],
[31,89,136],
[19,66,101],
[34,78,113],
[8,43,104],
[54,57,65],
[124,127,135],
[38,82,91],
[12,21,108],
[32,85,137],
[15,67,102],
[35,79,114],
[9,44,105],
[55,58,61],
[125,128,131],
[39,83,92],
[13,22,109],
[28,86,138],
[16,68,98],
[36,75,115],
[5,45,106],
[51,59,62],
[121,129,132],
[40,76,130],
[6,60,110],
[63,84,122],
[14,52,133],
[29,87,107],
[17,37,99],
[41,77,126],
[7,56,111],
[64,80,123],
[10,53,134],
[30,88,103],
[18,33,100],
[4,71,117],
[1,2,74],
[47,69,70],
[0,72,139],
[27,93,95],
[25,46,50],
[23,94,120],
[24,97,116],
[3,26,48],
[73,96,118],
[49,119,140]],

[[40,83,90],
[13,20,110],
[32,87,136],
[17,66,102],
[36,79,113],
[9,43,106],
[55,59,63],
[125,129,133],
[41,84,91],
[14,21,111],
[28,88,137],
[18,67,98],
[37,75,114],
[5,44,107],
[51,60,64],
[121,130,134],
[42,80,92],
[10,22,112],
[29,89,138],
[19,68,99],
[33,76,115],
[6,45,103],
[52,56,65],
[122,126,135],
[38,77,127],
[7,57,108],
[61,81,123],
[11,53,131],
[30,85,104],
[15,34,100],
[39,78,128],
[8,58,109],
[62,82,124],
[12,54,132],
[31,86,105],
[16,35,101],
[0,25,49],
[48,70,95],
[1,24,118],
[71,94,119],
[23,72,96],
[46,47,73],
[2,3,116],
[26,93,117],
[4,69,97],
[27,74,139],
[50,120,140]],

[[33,85,90],
[15,20,103],
[38,70,113],
[0,43,108],
[23,80,136],
[10,66,93],
[46,61,126],
[56,116,131],
[37,88,91],
[18,21,107],
[41,74,114],
[4,44,111],
[27,84,137],
[14,67,97],
[50,64,130],
[60,120,134],
[36,86,92],
[16,22,106],
[39,73,115],
[3,45,109],
[26,83,138],
[13,68,96],
[49,62,129],
[59,119,132],
[19,72,128],
[2,58,89],
[12,48,65],
[82,118,135],
[42,95,105],
[25,35,112],
[17,71,127],
[1,57,87],
[11,47,63],
[81,117,133],
[40,94,104],
[24,34,110],
[9,30,101],
[8,79,100],
[29,31,69],
[78,99,139],
[32,54,77],
[52,55,124],
[7,53,125],
[102,122,123],
[5,6,98],
[28,75,76],
[51,121,140]],

[[35,88,90],
[18,20,105],
[41,71,113],
[1,43,111],
[24,82,136],
[12,66,94],
[47,64,128],
[58,117,134],
[34,86,91],
[16,21,104],
[39,70,114],
[0,44,109],
[23,81,137],
[11,67,93],
[46,62,127],
[57,116,132],
[33,89,92],
[19,22,103],
[42,74,115],
[4,45,112],
[27,80,138],
[10,68,97],
[50,65,126],
[56,120,135],
[17,73,130],
[3,60,87],
[14,49,63],
[84,119,133],
[40,96,107],
[26,37,110],
[15,72,129],
[2,59,85],
[13,48,61],
[83,118,131],
[38,95,106],
[25,36,108],
[9,51,123],
[53,79,98],
[69,121,124],
[28,54,139],
[31,32,75],
[5,55,78],
[76,101,125],
[6,8,102],
[7,30,99],
[29,77,100],
[52,122,140]],

[[37,86,90],
[16,20,107],
[39,72,113],
[2,43,109],
[25,84,136],
[14,66,95],
[48,62,130],
[60,118,132],
[36,89,91],
[19,21,106],
[42,71,114],
[1,44,112],
[24,83,137],
[13,67,94],
[47,65,129],
[59,117,135],
[35,87,92],
[17,22,105],
[40,70,115],
[0,45,110],
[23,82,138],
[12,68,93],
[46,63,128],
[58,116,133],
[15,74,127],
[4,57,85],
[11,50,61],
[81,120,131],
[38,97,104],
[27,34,108],
[18,73,126],
[3,56,88],
[10,49,64],
[80,119,134],
[41,96,103],
[26,33,111],
[5,9,52],
[75,77,79],
[6,69,122],
[7,76,139],
[28,29,32],
[55,99,121],
[30,98,125],
[51,100,102],
[8,54,101],
[31,78,124],
[53,123,140]],

[[34,89,90],
[19,20,104],
[42,73,113],
[3,43,112],
[26,81,136],
[11,66,96],
[49,65,127],
[57,119,135],
[33,87,91],
[17,21,103],
[40,72,114],
[2,44,110],
[25,80,137],
[10,67,95],
[48,63,126],
[56,118,133],
[37,85,92],
[15,22,107],
[38,71,115],
[1,45,108],
[24,84,138],
[14,68,94],
[47,61,130],
[60,117,131],
[18,70,129],
[0,59,88],
[13,46,64],
[83,116,134],
[41,93,106],
[23,36,111],
[16,74,128],
[4,58,86],
[12,50,62],
[82,120,132],
[39,97,105],
[27,35,109],
[9,76,122],
[6,7,79],
[52,69,75],
[5,77,139],
[32,98,100],
[30,51,55],
[28,99,125],
[29,102,121],
[8,31,53],
[78,101,123],
[54,124,140]],

[[36,87,90],
[17,20,106],
[40,74,113],
[4,43,110],
[27,83,136],
[13,66,97],
[50,63,129],
[59,120,133],
[35,85,91],
[15,21,105],
[38,73,114],
[3,44,108],
[26,82,137],
[12,67,96],
[49,61,128],
[58,119,131],
[34,88,92],
[18,22,104],
[41,72,115],
[2,45,111],
[25,81,138],
[11,68,95],
[48,64,127],
[57,118,134],
[16,71,126],
[1,56,86],
[10,47,62],
[80,117,132],
[39,94,103],
[24,33,109],
[19,70,130],
[0,60,89],
[14,46,65],
[84,116,135],
[42,93,107],
[23,37,112],
[5,30,54],
[53,75,100],
[6,29,123],
[76,99,124],
[28,77,101],
[51,52,78],
[7,8,121],
[31,98,122],
[9,69,102],
[32,79,139],
[55,125,140]],

[[38,75,136],
[5,66,108],
[23,85,113],
[15,43,93],
[28,70,90],
[0,20,98],
[61,116,121],
[46,51,131],
[40,78,137],
[8,67,110],
[25,87,114],
[17,44,95],
[31,72,91],
[2,21,101],
[63,118,124],
[48,54,133],
[42,76,138],
[6,68,112],
[27,89,115],
[19,45,97],
[29,74,92],
[4,22,99],
[65,120,122],
[50,52,135],
[1,16,55],
[71,86,125],
[9,39,47],
[79,109,117],
[24,32,62],
[94,102,132],
[3,18,53],
[73,88,123],
[7,41,49],
[77,111,119],
[26,30,64],
[96,100,134],
[14,35,106],
[13,84,105],
[34,36,69],
[83,104,139],
[37,59,82],
[57,60,129],
[12,58,130],
[107,127,128],
[10,11,103],
[33,80,81],
[56,126,140]],

[[42,78,136],
[8,66,112],
[26,89,113],
[19,43,96],
[31,73,90],
[3,20,101],
[65,119,124],
[49,54,135],
[39,76,137],
[6,67,109],
[23,86,114],
[16,44,93],
[29,70,91],
[0,21,99],
[62,116,122],
[46,52,132],
[41,79,138],
[9,68,111],
[25,88,115],
[18,45,95],
[32,72,92],
[2,22,102],
[64,118,125],
[48,55,134],
[4,15,53],
[74,85,123],
[7,38,50],
[77,108,120],
[27,30,61],
[97,100,131],
[1,17,51],
[71,87,121],
[5,40,47],
[75,110,117],
[24,28,63],
[94,98,133],
[14,56,128],
[58,84,103],
[69,126,129],
[33,59,139],
[36,37,80],
[10,60,83],
[81,106,130],
[11,13,107],
[12,35,104],
[34,82,105],
[57,127,140]],

[[41,76,136],
[6,66,111],
[24,88,113],
[18,43,94],
[29,71,90],
[1,20,99],
[64,117,122],
[47,52,134],
[38,79,137],
[9,67,108],
[26,85,114],
[15,44,96],
[32,73,91],
[3,21,102],
[61,119,125],
[49,55,131],
[40,77,138],
[7,68,110],
[23,87,115],
[17,45,93],
[30,70,92],
[0,22,100],
[63,116,123],
[46,53,133],
[2,19,51],
[72,89,121],
[5,42,48],
[75,112,118],
[25,28,65],
[95,98,135],
[4,16,54],
[74,86,124],
[8,39,50],
[78,109,120],
[27,31,62],
[97,101,132],
[10,14,57],
[80,82,84],
[11,69,127],
[12,81,139],
[33,34,37],
[60,104,126],
[35,103,130],
[56,105,107],
[13,59,106],
[36,83,129],
[58,128,140]],

[[40,79,136],
[9,66,110],
[27,87,113],
[17,43,97],
[32,74,90],
[4,20,102],
[63,120,125],
[50,55,133],
[42,77,137],
[7,67,112],
[24,89,114],
[19,44,94],
[30,71,91],
[1,21,100],
[65,117,123],
[47,53,135],
[39,75,138],
[5,68,109],
[26,86,115],
[16,45,96],
[28,73,92],
[3,22,98],
[62,119,121],
[49,51,132],
[0,18,54],
[70,88,124],
[8,41,46],
[78,111,116],
[23,31,64],
[93,101,134],
[2,15,52],
[72,85,122],
[6,38,48],
[76,108,118],
[25,29,61],
[95,99,131],
[14,81,127],
[11,12,84],
[57,69,80],
[10,82,139],
[37,103,105],
[35,56,60],
[33,104,130],
[34,107,126],
[13,36,58],
[83,106,128],
[59,129,140]],

[[39,77,136],
[7,66,109],
[25,86,113],
[16,43,95],
[30,72,90],
[2,20,100],
[62,118,123],
[48,53,132],
[41,75,137],
[5,67,111],
[27,88,114],
[18,44,97],
[28,74,91],
[4,21,98],
[64,120,121],
[50,51,134],
[38,78,138],
[8,68,108],
[24,85,115],
[15,45,94],
[31,71,92],
[1,22,101],
[61,117,124],
[47,54,131],
[3,17,52],
[73,87,122],
[6,40,49],
[76,110,119],
[26,29,63],
[96,99,133],
[0,19,55],
[70,89,125],
[9,42,46],
[79,112,116],
[23,32,65],
[93,102,135],
[10,35,59],
[58,80,105],
[11,34,128],
[81,104,129],
[33,82,106],
[56,57,83],
[12,13,126],
[36,103,127],
[14,69,107],
[37,84,139],
[60,130,140]],

[[28,80,113],
[10,43,98],
[33,70,136],
[0,66,103],
[23,75,90],
[5,20,93],
[46,56,121],
[51,116,126],
[32,82,114],
[12,44,102],
[35,73,137],
[3,67,105],
[26,79,91],
[9,21,96],
[49,58,125],
[55,119,128],
[31,84,115],
[14,45,101],
[37,71,138],
[1,68,107],
[24,78,92],
[8,22,94],
[47,60,124],
[54,117,130],
[7,74,104],
[4,34,77],
[50,53,81],
[11,120,123],
[30,97,127],
[27,57,100],
[6,72,106],
[2,36,76],
[48,52,83],
[13,118,122],
[29,95,129],
[25,59,99],
[19,40,111],
[18,89,110],
[39,41,69],
[88,109,139],
[42,64,87],
[62,65,134],
[17,63,135],
[112,132,133],
[15,16,108],
[38,85,86],
[61,131,140]],

[[30,84,113],
[14,43,100],
[37,72,136],
[2,66,107],
[25,77,90],
[7,20,95],
[48,60,123],
[53,118,130],
[29,81,114],
[11,44,99],
[34,70,137],
[0,67,104],
[23,76,91],
[6,21,93],
[46,57,122],
[52,116,127],
[28,83,115],
[13,45,98],
[36,73,138],
[3,68,106],
[26,75,92],
[5,22,96],
[49,59,121],
[51,119,129],
[9,71,103],
[1,33,79],
[47,55,80],
[10,117,125],
[32,94,126],
[24,56,102],
[8,74,105],
[4,35,78],
[50,54,82],
[12,120,124],
[31,97,128],
[27,58,101],
[19,61,133],
[63,89,108],
[69,131,134],
[38,64,139],
[41,42,85],
[15,65,88],
[86,111,135],
[16,18,112],
[17,40,109],
[39,87,110],
[62,132,140]],

[[32,83,113],
[13,43,102],
[36,74,136],
[4,66,106],
[27,79,90],
[9,20,97],
[50,59,125],
[55,120,129],
[31,80,114],
[10,44,101],
[33,72,137],
[2,67,103],
[25,78,91],
[8,21,95],
[48,56,124],
[54,118,126],
[30,82,115],
[12,45,100],
[35,70,138],
[0,68,105],
[23,77,92],
[7,22,93],
[46,58,123],
[53,116,128],
[6,73,107],
[3,37,76],
[49,52,84],
[14,119,122],
[29,96,130],
[26,60,99],
[5,71,104],
[1,34,75],
[47,51,81],
[11,117,121],
[28,94,127],
[24,57,98],
[15,19,62],
[85,87,89],
[16,69,132],
[17,86,139],
[38,39,42],
[65,109,131],
[40,108,135],
[61,110,112],
[18,64,111],
[41,88,134],
[63,133,140]],

[[29,82,113],
[12,43,99],
[35,71,136],
[1,66,105],
[24,76,90],
[6,20,94],
[47,58,122],
[52,117,128],
[28,84,114],
[14,44,98],
[37,74,137],
[4,67,107],
[27,75,91],
[5,21,97],
[50,60,121],
[51,120,130],
[32,81,115],
[11,45,102],
[34,72,138],
[2,68,104],
[25,79,92],
[9,22,95],
[48,57,125],
[55,118,127],
[8,70,106],
[0,36,78],
[46,54,83],
[13,116,124],
[31,93,129],
[23,59,101],
[7,73,103],
[3,33,77],
[49,53,80],
[10,119,123],
[30,96,126],
[26,56,100],
[19,86,132],
[16,17,89],
[62,69,85],
[15,87,139],
[42,108,110],
[40,61,65],
[38,109,135],
[39,112,131],
[18,41,63],
[88,111,133],
[64,134,140]],

[[31,81,113],
[11,43,101],
[34,73,136],
[3,66,104],
[26,78,90],
[8,20,96],
[49,57,124],
[54,119,127],
[30,83,114],
[13,44,100],
[36,71,137],
[1,67,106],
[24,77,91],
[7,21,94],
[47,59,123],
[53,117,129],
[29,80,115],
[10,45,99],
[33,74,138],
[4,68,103],
[27,76,92],
[6,22,97],
[50,56,122],
[52,120,126],
[5,72,105],
[2,35,75],
[48,51,82],
[12,118,121],
[28,95,128],
[25,58,98],
[9,70,107],
[0,37,79],
[46,55,84],
[14,116,125],
[32,93,130],
[23,60,102],
[15,40,64],
[63,85,110],
[16,39,133],
[86,109,134],
[38,87,111],
[61,62,88],
[17,18,131],
[41,108,132],
[19,69,112],
[42,89,139],
[65,135,140]],

[[5,38,56],
[75,108,126],
[0,33,61],
[70,103,131],
[15,28,46],
[85,98,116],
[10,23,51],
[80,93,121],
[6,41,58],
[76,111,128],
[1,35,64],
[71,105,134],
[18,29,47],
[88,99,117],
[12,24,52],
[82,94,122],
[7,39,60],
[77,109,130],
[2,37,62],
[72,107,132],
[16,30,48],
[86,100,118],
[14,25,53],
[84,95,123],
[8,42,57],
[78,112,127],
[3,34,65],
[73,104,135],
[19,31,49],
[89,101,119],
[11,26,54],
[81,96,124],
[9,40,59],
[79,110,129],
[4,36,63],
[74,106,133],
[17,32,50],
[87,102,120],
[13,27,55],
[83,97,125],
[21,45,90],
[20,43,68],
[113,115,139],
[22,67,91],
[44,137,138],
[69,92,114],
[66,136,140]],

[[6,39,57],
[76,109,127],
[0,34,62],
[70,104,132],
[16,29,46],
[86,99,116],
[11,23,52],
[81,93,122],
[7,42,59],
[77,112,129],
[1,36,65],
[71,106,135],
[19,30,47],
[89,100,117],
[13,24,53],
[83,94,123],
[8,40,56],
[78,110,126],
[2,33,63],
[72,103,133],
[17,31,48],
[87,101,118],
[10,25,54],
[80,95,124],
[9,38,58],
[79,108,128],
[3,35,61],
[73,105,131],
[15,32,49],
[85,102,119],
[12,26,55],
[82,96,125],
[5,41,60],
[75,111,130],
[4,37,64],
[74,107,134],
[18,28,50],
[88,98,120],
[14,27,51],
[84,97,121],
[43,91,115],
[20,44,69],
[114,136,139],
[68,90,92],
[22,45,138],
[21,66,113],
[67,137,140]],

[[7,40,58],
[77,110,128],
[0,35,63],
[70,105,133],
[17,30,46],
[87,100,116],
[12,23,53],
[82,93,123],
[8,38,60],
[78,108,130],
[1,37,61],
[71,107,131],
[15,31,47],
[85,101,117],
[14,24,54],
[84,94,124],
[9,41,57],
[79,111,127],
[2,34,64],
[72,104,134],
[18,32,48],
[88,102,118],
[11,25,55],
[81,95,125],
[5,39,59],
[75,109,129],
[3,36,62],
[73,106,132],
[16,28,49],
[86,98,119],
[13,26,51],
[83,96,121],
[6,42,56],
[76,112,126],
[4,33,65],
[74,103,135],
[19,29,50],
[89,99,120],
[10,27,52],
[80,97,122],
[66,115,137],
[45,92,139],
[20,91,113],
[21,43,114],
[22,69,90],
[44,67,136],
[68,138,140]],

[[0,95,119],
[25,70,118],
[1,48,94],
[24,49,71],
[23,73,117],
[2,46,96],
[26,47,116],
[3,72,93],
[4,27,50],
[74,97,120],
[5,100,124],
[30,75,123],
[6,53,99],
[29,54,76],
[28,78,122],
[7,51,101],
[31,52,121],
[8,77,98],
[9,32,55],
[79,102,125],
[10,105,129],
[35,80,128],
[11,58,104],
[34,59,81],
[33,83,127],
[12,56,106],
[36,57,126],
[13,82,103],
[14,37,60],
[84,107,130],
[15,110,134],
[40,85,133],
[16,63,109],
[39,64,86],
[38,88,132],
[17,61,111],
[41,62,131],
[18,87,108],
[19,42,65],
[89,112,135],
[43,92,136],
[20,21,138],
[67,68,115],
[44,90,91],
[45,113,137],
[22,66,114],
[69,139,140]]

]
