[[[0,29,58,87,116],
[1,30,60,90,120],
[2,31,62,93,124],
[3,32,64,96,128],
[4,33,66,99,132],
[5,34,68,102,136,146],
[6,35,70,105,140],
[7,36,72,108,144],
[8,37,74,111,119],
[9,38,76,114,123],
[10,39,78,88,127],
[11,40,80,91,131,147],
[12,41,82,94,135],
[13,42,84,97,139],
[14,43,86,100,143],
[15,44,59,103,118],
[16,45,61,106,122],
[17,46,63,109,126,148],
[18,47,65,112,130],
[19,48,67,115,134],
[20,49,69,89,138],
[21,50,71,92,142],
[22,51,73,95,117],
[23,52,75,98,121,149],
[24,53,77,101,125],
[25,54,79,104,129],
[26,55,81,107,133],
[27,56,83,110,137],
[28,57,85,113,141,145]],

[[0,30,59,88,117],
[1,31,61,91,121],
[2,32,63,94,125],
[3,33,65,97,129],
[4,34,67,100,133],
[5,35,69,103,137,147],
[6,36,71,106,141],
[7,37,73,109,116],
[8,38,75,112,120],
[9,39,77,115,124],
[10,40,79,89,128],
[11,41,81,92,132,148],
[12,42,83,95,136],
[13,43,85,98,140],
[14,44,58,101,144],
[15,45,60,104,119],
[16,46,62,107,123],
[17,47,64,110,127,149],
[18,48,66,113,131],
[19,49,68,87,135],
[20,50,70,90,139],
[21,51,72,93,143],
[22,52,74,96,118,145],
[23,53,76,99,122],
[24,54,78,102,126],
[25,55,80,105,130],
[26,56,82,108,134],
[27,57,84,111,138],
[28,29,86,114,142,146]],

[[0,31,60,89,118],
[1,32,62,92,122],
[2,33,64,95,126],
[3,34,66,98,130],
[4,35,68,101,134],
[5,36,70,104,138,148],
[6,37,72,107,142],
[7,38,74,110,117],
[8,39,76,113,121],
[9,40,78,87,125],
[10,41,80,90,129],
[11,42,82,93,133,149],
[12,43,84,96,137],
[13,44,86,99,141],
[14,45,59,102,116],
[15,46,61,105,120],
[16,47,63,108,124,145],
[17,48,65,111,128],
[18,49,67,114,132],
[19,50,69,88,136],
[20,51,71,91,140],
[21,52,73,94,144],
[22,53,75,97,119,146],
[23,54,77,100,123],
[24,55,79,103,127],
[25,56,81,106,131],
[26,57,83,109,135],
[27,29,85,112,139],
[28,30,58,115,143,147]],

[[0,32,61,90,119],
[1,33,63,93,123],
[2,34,65,96,127],
[3,35,67,99,131],
[4,36,69,102,135],
[5,37,71,105,139,149],
[6,38,73,108,143],
[7,39,75,111,118],
[8,40,77,114,122],
[9,41,79,88,126],
[10,42,81,91,130,145],
[11,43,83,94,134],
[12,44,85,97,138],
[13,45,58,100,142],
[14,46,60,103,117],
[15,47,62,106,121],
[16,48,64,109,125,146],
[17,49,66,112,129],
[18,50,68,115,133],
[19,51,70,89,137],
[20,52,72,92,141],
[21,53,74,95,116],
[22,54,76,98,120,147],
[23,55,78,101,124],
[24,56,80,104,128],
[25,57,82,107,132],
[26,29,84,110,136],
[27,30,86,113,140],
[28,31,59,87,144,148]],

[[0,33,62,91,120],
[1,34,64,94,124],
[2,35,66,97,128],
[3,36,68,100,132],
[4,37,70,103,136,145],
[5,38,72,106,140],
[6,39,74,109,144],
[7,40,76,112,119],
[8,41,78,115,123],
[9,42,80,89,127],
[10,43,82,92,131,146],
[11,44,84,95,135],
[12,45,86,98,139],
[13,46,59,101,143],
[14,47,61,104,118],
[15,48,63,107,122],
[16,49,65,110,126,147],
[17,50,67,113,130],
[18,51,69,87,134],
[19,52,71,90,138],
[20,53,73,93,142],
[21,54,75,96,117],
[22,55,77,99,121,148],
[23,56,79,102,125],
[24,57,81,105,129],
[25,29,83,108,133],
[26,30,85,111,137],
[27,31,58,114,141],
[28,32,60,88,116,149]],

[[0,34,63,92,121],
[1,35,65,95,125],
[2,36,67,98,129],
[3,37,69,101,133],
[4,38,71,104,137,146],
[5,39,73,107,141],
[6,40,75,110,116],
[7,41,77,113,120],
[8,42,79,87,124],
[9,43,81,90,128],
[10,44,83,93,132,147],
[11,45,85,96,136],
[12,46,58,99,140],
[13,47,60,102,144],
[14,48,62,105,119],
[15,49,64,108,123],
[16,50,66,111,127,148],
[17,51,68,114,131],
[18,52,70,88,135],
[19,53,72,91,139],
[20,54,74,94,143],
[21,55,76,97,118],
[22,56,78,100,122,149],
[23,57,80,103,126],
[24,29,82,106,130],
[25,30,84,109,134],
[26,31,86,112,138],
[27,32,59,115,142,145],
[28,33,61,89,117]],

[[0,35,64,93,122],
[1,36,66,96,126],
[2,37,68,99,130],
[3,38,70,102,134],
[4,39,72,105,138,147],
[5,40,74,108,142],
[6,41,76,111,117],
[7,42,78,114,121],
[8,43,80,88,125],
[9,44,82,91,129],
[10,45,84,94,133,148],
[11,46,86,97,137],
[12,47,59,100,141],
[13,48,61,103,116],
[14,49,63,106,120],
[15,50,65,109,124],
[16,51,67,112,128,149],
[17,52,69,115,132],
[18,53,71,89,136],
[19,54,73,92,140],
[20,55,75,95,144],
[21,56,77,98,119,145],
[22,57,79,101,123],
[23,29,81,104,127],
[24,30,83,107,131],
[25,31,85,110,135],
[26,32,58,113,139],
[27,33,60,87,143,146],
[28,34,62,90,118]],

[[0,36,65,94,123],
[1,37,67,97,127],
[2,38,69,100,131],
[3,39,71,103,135],
[4,40,73,106,139,148],
[5,41,75,109,143],
[6,42,77,112,118],
[7,43,79,115,122],
[8,44,81,89,126],
[9,45,83,92,130],
[10,46,85,95,134,149],
[11,47,58,98,138],
[12,48,60,101,142],
[13,49,62,104,117],
[14,50,64,107,121],
[15,51,66,110,125,145],
[16,52,68,113,129],
[17,53,70,87,133],
[18,54,72,90,137],
[19,55,74,93,141],
[20,56,76,96,116],
[21,57,78,99,120,146],
[22,29,80,102,124],
[23,30,82,105,128],
[24,31,84,108,132],
[25,32,86,111,136],
[26,33,59,114,140],
[27,34,61,88,144,147],
[28,35,63,91,119]],

[[0,37,66,95,124],
[1,38,68,98,128],
[2,39,70,101,132],
[3,40,72,104,136],
[4,41,74,107,140,149],
[5,42,76,110,144],
[6,43,78,113,119],
[7,44,80,87,123],
[8,45,82,90,127],
[9,46,84,93,131,145],
[10,47,86,96,135],
[11,48,59,99,139],
[12,49,61,102,143],
[13,50,63,105,118],
[14,51,65,108,122],
[15,52,67,111,126,146],
[16,53,69,114,130],
[17,54,71,88,134],
[18,55,73,91,138],
[19,56,75,94,142],
[20,57,77,97,117],
[21,29,79,100,121,147],
[22,30,81,103,125],
[23,31,83,106,129],
[24,32,85,109,133],
[25,33,58,112,137],
[26,34,60,115,141],
[27,35,62,89,116,148],
[28,36,64,92,120]],

[[0,38,67,96,125],
[1,39,69,99,129],
[2,40,71,102,133],
[3,41,73,105,137,145],
[4,42,75,108,141],
[5,43,77,111,116],
[6,44,79,114,120],
[7,45,81,88,124],
[8,46,83,91,128],
[9,47,85,94,132,146],
[10,48,58,97,136],
[11,49,60,100,140],
[12,50,62,103,144],
[13,51,64,106,119],
[14,52,66,109,123],
[15,53,68,112,127,147],
[16,54,70,115,131],
[17,55,72,89,135],
[18,56,74,92,139],
[19,57,76,95,143],
[20,29,78,98,118],
[21,30,80,101,122,148],
[22,31,82,104,126],
[23,32,84,107,130],
[24,33,86,110,134],
[25,34,59,113,138],
[26,35,61,87,142],
[27,36,63,90,117,149],
[28,37,65,93,121]],

[[0,39,68,97,126],
[1,40,70,100,130],
[2,41,72,103,134],
[3,42,74,106,138,146],
[4,43,76,109,142],
[5,44,78,112,117],
[6,45,80,115,121],
[7,46,82,89,125],
[8,47,84,92,129],
[9,48,86,95,133,147],
[10,49,59,98,137],
[11,50,61,101,141],
[12,51,63,104,116],
[13,52,65,107,120],
[14,53,67,110,124],
[15,54,69,113,128,148],
[16,55,71,87,132],
[17,56,73,90,136],
[18,57,75,93,140],
[19,29,77,96,144],
[20,30,79,99,119],
[21,31,81,102,123,149],
[22,32,83,105,127],
[23,33,85,108,131],
[24,34,58,111,135],
[25,35,60,114,139],
[26,36,62,88,143,145],
[27,37,64,91,118],
[28,38,66,94,122]],

[[0,40,69,98,127],
[1,41,71,101,131],
[2,42,73,104,135],
[3,43,75,107,139,147],
[4,44,77,110,143],
[5,45,79,113,118],
[6,46,81,87,122],
[7,47,83,90,126],
[8,48,85,93,130],
[9,49,58,96,134,148],
[10,50,60,99,138],
[11,51,62,102,142],
[12,52,64,105,117],
[13,53,66,108,121],
[14,54,68,111,125],
[15,55,70,114,129,149],
[16,56,72,88,133],
[17,57,74,91,137],
[18,29,76,94,141],
[19,30,78,97,116],
[20,31,80,100,120,145],
[21,32,82,103,124],
[22,33,84,106,128],
[23,34,86,109,132],
[24,35,59,112,136],
[25,36,61,115,140],
[26,37,63,89,144,146],
[27,38,65,92,119],
[28,39,67,95,123]],

[[0,41,70,99,128],
[1,42,72,102,132],
[2,43,74,105,136],
[3,44,76,108,140,148],
[4,45,78,111,144],
[5,46,80,114,119],
[6,47,82,88,123],
[7,48,84,91,127],
[8,49,86,94,131],
[9,50,59,97,135,149],
[10,51,61,100,139],
[11,52,63,103,143],
[12,53,65,106,118],
[13,54,67,109,122],
[14,55,69,112,126,145],
[15,56,71,115,130],
[16,57,73,89,134],
[17,29,75,92,138],
[18,30,77,95,142],
[19,31,79,98,117],
[20,32,81,101,121,146],
[21,33,83,104,125],
[22,34,85,107,129],
[23,35,58,110,133],
[24,36,60,113,137],
[25,37,62,87,141],
[26,38,64,90,116,147],
[27,39,66,93,120],
[28,40,68,96,124]],

[[0,42,71,100,129],
[1,43,73,103,133],
[2,44,75,106,137],
[3,45,77,109,141,149],
[4,46,79,112,116],
[5,47,81,115,120],
[6,48,83,89,124],
[7,49,85,92,128],
[8,50,58,95,132,145],
[9,51,60,98,136],
[10,52,62,101,140],
[11,53,64,104,144],
[12,54,66,107,119],
[13,55,68,110,123],
[14,56,70,113,127,146],
[15,57,72,87,131],
[16,29,74,90,135],
[17,30,76,93,139],
[18,31,78,96,143],
[19,32,80,99,118],
[20,33,82,102,122,147],
[21,34,84,105,126],
[22,35,86,108,130],
[23,36,59,111,134],
[24,37,61,114,138],
[25,38,63,88,142],
[26,39,65,91,117,148],
[27,40,67,94,121],
[28,41,69,97,125]],

[[0,43,72,101,130],
[1,44,74,104,134],
[2,45,76,107,138,145],
[3,46,78,110,142],
[4,47,80,113,117],
[5,48,82,87,121],
[6,49,84,90,125],
[7,50,86,93,129],
[8,51,59,96,133,146],
[9,52,61,99,137],
[10,53,63,102,141],
[11,54,65,105,116],
[12,55,67,108,120],
[13,56,69,111,124],
[14,57,71,114,128,147],
[15,29,73,88,132],
[16,30,75,91,136],
[17,31,77,94,140],
[18,32,79,97,144],
[19,33,81,100,119],
[20,34,83,103,123,148],
[21,35,85,106,127],
[22,36,58,109,131],
[23,37,60,112,135],
[24,38,62,115,139],
[25,39,64,89,143],
[26,40,66,92,118,149],
[27,41,68,95,122],
[28,42,70,98,126]],

[[0,44,73,102,131],
[1,45,75,105,135],
[2,46,77,108,139,146],
[3,47,79,111,143],
[4,48,81,114,118],
[5,49,83,88,122],
[6,50,85,91,126],
[7,51,58,94,130],
[8,52,60,97,134,147],
[9,53,62,100,138],
[10,54,64,103,142],
[11,55,66,106,117],
[12,56,68,109,121],
[13,57,70,112,125],
[14,29,72,115,129,148],
[15,30,74,89,133],
[16,31,76,92,137],
[17,32,78,95,141],
[18,33,80,98,116],
[19,34,82,101,120],
[20,35,84,104,124,149],
[21,36,86,107,128],
[22,37,59,110,132],
[23,38,61,113,136],
[24,39,63,87,140],
[25,40,65,90,144,145],
[26,41,67,93,119],
[27,42,69,96,123],
[28,43,71,99,127]],

[[0,45,74,103,132],
[1,46,76,106,136],
[2,47,78,109,140,147],
[3,48,80,112,144],
[4,49,82,115,119],
[5,50,84,89,123],
[6,51,86,92,127],
[7,52,59,95,131],
[8,53,61,98,135,148],
[9,54,63,101,139],
[10,55,65,104,143],
[11,56,67,107,118],
[12,57,69,110,122],
[13,29,71,113,126],
[14,30,73,87,130,149],
[15,31,75,90,134],
[16,32,77,93,138],
[17,33,79,96,142],
[18,34,81,99,117],
[19,35,83,102,121,145],
[20,36,85,105,125],
[21,37,58,108,129],
[22,38,60,111,133],
[23,39,62,114,137],
[24,40,64,88,141],
[25,41,66,91,116,146],
[26,42,68,94,120],
[27,43,70,97,124],
[28,44,72,100,128]],

[[0,46,75,104,133],
[1,47,77,107,137],
[2,48,79,110,141,148],
[3,49,81,113,116],
[4,50,83,87,120],
[5,51,85,90,124],
[6,52,58,93,128],
[7,53,60,96,132],
[8,54,62,99,136,149],
[9,55,64,102,140],
[10,56,66,105,144],
[11,57,68,108,119],
[12,29,70,111,123],
[13,30,72,114,127,145],
[14,31,74,88,131],
[15,32,76,91,135],
[16,33,78,94,139],
[17,34,80,97,143],
[18,35,82,100,118],
[19,36,84,103,122,146],
[20,37,86,106,126],
[21,38,59,109,130],
[22,39,61,112,134],
[23,40,63,115,138],
[24,41,65,89,142],
[25,42,67,92,117,147],
[26,43,69,95,121],
[27,44,71,98,125],
[28,45,73,101,129]],

[[0,47,76,105,134],
[1,48,78,108,138],
[2,49,80,111,142,149],
[3,50,82,114,117],
[4,51,84,88,121],
[5,52,86,91,125],
[6,53,59,94,129],
[7,54,61,97,133,145],
[8,55,63,100,137],
[9,56,65,103,141],
[10,57,67,106,116],
[11,29,69,109,120],
[12,30,71,112,124],
[13,31,73,115,128,146],
[14,32,75,89,132],
[15,33,77,92,136],
[16,34,79,95,140],
[17,35,81,98,144],
[18,36,83,101,119],
[19,37,85,104,123,147],
[20,38,58,107,127],
[21,39,60,110,131],
[22,40,62,113,135],
[23,41,64,87,139],
[24,42,66,90,143],
[25,43,68,93,118,148],
[26,44,70,96,122],
[27,45,72,99,126],
[28,46,74,102,130]],

[[0,48,77,106,135],
[1,49,79,109,139,145],
[2,50,81,112,143],
[3,51,83,115,118],
[4,52,85,89,122],
[5,53,58,92,126],
[6,54,60,95,130],
[7,55,62,98,134,146],
[8,56,64,101,138],
[9,57,66,104,142],
[10,29,68,107,117],
[11,30,70,110,121],
[12,31,72,113,125],
[13,32,74,87,129,147],
[14,33,76,90,133],
[15,34,78,93,137],
[16,35,80,96,141],
[17,36,82,99,116],
[18,37,84,102,120],
[19,38,86,105,124,148],
[20,39,59,108,128],
[21,40,61,111,132],
[22,41,63,114,136],
[23,42,65,88,140],
[24,43,67,91,144],
[25,44,69,94,119,149],
[26,45,71,97,123],
[27,46,73,100,127],
[28,47,75,103,131]],

[[0,49,78,107,136],
[1,50,80,110,140,146],
[2,51,82,113,144],
[3,52,84,87,119],
[4,53,86,90,123],
[5,54,59,93,127],
[6,55,61,96,131],
[7,56,63,99,135,147],
[8,57,65,102,139],
[9,29,67,105,143],
[10,30,69,108,118],
[11,31,71,111,122],
[12,32,73,114,126],
[13,33,75,88,130,148],
[14,34,77,91,134],
[15,35,79,94,138],
[16,36,81,97,142],
[17,37,83,100,117],
[18,38,85,103,121],
[19,39,58,106,125,149],
[20,40,60,109,129],
[21,41,62,112,133],
[22,42,64,115,137],
[23,43,66,89,141],
[24,44,68,92,116,145],
[25,45,70,95,120],
[26,46,72,98,124],
[27,47,74,101,128],
[28,48,76,104,132]],

[[0,50,79,108,137],
[1,51,81,111,141,147],
[2,52,83,114,116],
[3,53,85,88,120],
[4,54,58,91,124],
[5,55,60,94,128],
[6,56,62,97,132],
[7,57,64,100,136,148],
[8,29,66,103,140],
[9,30,68,106,144],
[10,31,70,109,119],
[11,32,72,112,123],
[12,33,74,115,127],
[13,34,76,89,131,149],
[14,35,78,92,135],
[15,36,80,95,139],
[16,37,82,98,143],
[17,38,84,101,118],
[18,39,86,104,122,145],
[19,40,59,107,126],
[20,41,61,110,130],
[21,42,63,113,134],
[22,43,65,87,138],
[23,44,67,90,142],
[24,45,69,93,117,146],
[25,46,71,96,121],
[26,47,73,99,125],
[27,48,75,102,129],
[28,49,77,105,133]],

[[0,51,80,109,138],
[1,52,82,112,142,148],
[2,53,84,115,117],
[3,54,86,89,121],
[4,55,59,92,125],
[5,56,61,95,129],
[6,57,63,98,133],
[7,29,65,101,137,149],
[8,30,67,104,141],
[9,31,69,107,116],
[10,32,71,110,120],
[11,33,73,113,124],
[12,34,75,87,128,145],
[13,35,77,90,132],
[14,36,79,93,136],
[15,37,81,96,140],
[16,38,83,99,144],
[17,39,85,102,119],
[18,40,58,105,123,146],
[19,41,60,108,127],
[20,42,62,111,131],
[21,43,64,114,135],
[22,44,66,88,139],
[23,45,68,91,143],
[24,46,70,94,118,147],
[25,47,72,97,122],
[26,48,74,100,126],
[27,49,76,103,130],
[28,50,78,106,134]],

[[0,52,81,110,139],
[1,53,83,113,143,149],
[2,54,85,87,118],
[3,55,58,90,122],
[4,56,60,93,126],
[5,57,62,96,130],
[6,29,64,99,134,145],
[7,30,66,102,138],
[8,31,68,105,142],
[9,32,70,108,117],
[10,33,72,111,121],
[11,34,74,114,125],
[12,35,76,88,129,146],
[13,36,78,91,133],
[14,37,80,94,137],
[15,38,82,97,141],
[16,39,84,100,116],
[17,40,86,103,120],
[18,41,59,106,124,147],
[19,42,61,109,128],
[20,43,63,112,132],
[21,44,65,115,136],
[22,45,67,89,140],
[23,46,69,92,144],
[24,47,71,95,119,148],
[25,48,73,98,123],
[26,49,75,101,127],
[27,50,77,104,131],
[28,51,79,107,135]],

[[0,53,82,111,140,145],
[1,54,84,114,144],
[2,55,86,88,119],
[3,56,59,91,123],
[4,57,61,94,127],
[5,29,63,97,131],
[6,30,65,100,135,146],
[7,31,67,103,139],
[8,32,69,106,143],
[9,33,71,109,118],
[10,34,73,112,122],
[11,35,75,115,126],
[12,36,77,89,130,147],
[13,37,79,92,134],
[14,38,81,95,138],
[15,39,83,98,142],
[16,40,85,101,117],
[17,41,58,104,121],
[18,42,60,107,125,148],
[19,43,62,110,129],
[20,44,64,113,133],
[21,45,66,87,137],
[22,46,68,90,141],
[23,47,70,93,116],
[24,48,72,96,120,149],
[25,49,74,99,124],
[26,50,76,102,128],
[27,51,78,105,132],
[28,52,80,108,136]],

[[0,54,83,112,141,146],
[1,55,85,115,116],
[2,56,58,89,120],
[3,57,60,92,124],
[4,29,62,95,128],
[5,30,64,98,132],
[6,31,66,101,136,147],
[7,32,68,104,140],
[8,33,70,107,144],
[9,34,72,110,119],
[10,35,74,113,123],
[11,36,76,87,127],
[12,37,78,90,131,148],
[13,38,80,93,135],
[14,39,82,96,139],
[15,40,84,99,143],
[16,41,86,102,118],
[17,42,59,105,122],
[18,43,61,108,126,149],
[19,44,63,111,130],
[20,45,65,114,134],
[21,46,67,88,138],
[22,47,69,91,142],
[23,48,71,94,117,145],
[24,49,73,97,121],
[25,50,75,100,125],
[26,51,77,103,129],
[27,52,79,106,133],
[28,53,81,109,137]],

[[0,55,84,113,142,147],
[1,56,86,87,117],
[2,57,59,90,121],
[3,29,61,93,125],
[4,30,63,96,129],
[5,31,65,99,133],
[6,32,67,102,137,148],
[7,33,69,105,141],
[8,34,71,108,116],
[9,35,73,111,120],
[10,36,75,114,124],
[11,37,77,88,128],
[12,38,79,91,132,149],
[13,39,81,94,136],
[14,40,83,97,140],
[15,41,85,100,144],
[16,42,58,103,119],
[17,43,60,106,123,145],
[18,44,62,109,127],
[19,45,64,112,131],
[20,46,66,115,135],
[21,47,68,89,139],
[22,48,70,92,143],
[23,49,72,95,118,146],
[24,50,74,98,122],
[25,51,76,101,126],
[26,52,78,104,130],
[27,53,80,107,134],
[28,54,82,110,138]],

[[0,56,85,114,143,148],
[1,57,58,88,118],
[2,29,60,91,122],
[3,30,62,94,126],
[4,31,64,97,130],
[5,32,66,100,134],
[6,33,68,103,138,149],
[7,34,70,106,142],
[8,35,72,109,117],
[9,36,74,112,121],
[10,37,76,115,125],
[11,38,78,89,129,145],
[12,39,80,92,133],
[13,40,82,95,137],
[14,41,84,98,141],
[15,42,86,101,116],
[16,43,59,104,120],
[17,44,61,107,124,146],
[18,45,63,110,128],
[19,46,65,113,132],
[20,47,67,87,136],
[21,48,69,90,140],
[22,49,71,93,144],
[23,50,73,96,119,147],
[24,51,75,99,123],
[25,52,77,102,127],
[26,53,79,105,131],
[27,54,81,108,135],
[28,55,83,111,139]],

[[0,57,86,115,144,149],
[1,29,59,89,119],
[2,30,61,92,123],
[3,31,63,95,127],
[4,32,65,98,131],
[5,33,67,101,135,145],
[6,34,69,104,139],
[7,35,71,107,143],
[8,36,73,110,118],
[9,37,75,113,122],
[10,38,77,87,126],
[11,39,79,90,130,146],
[12,40,81,93,134],
[13,41,83,96,138],
[14,42,85,99,142],
[15,43,58,102,117],
[16,44,60,105,121],
[17,45,62,108,125,147],
[18,46,64,111,129],
[19,47,66,114,133],
[20,48,68,88,137],
[21,49,70,91,141],
[22,50,72,94,116],
[23,51,74,97,120,148],
[24,52,76,100,124],
[25,53,78,103,128],
[26,54,80,106,132],
[27,55,82,109,136],
[28,56,84,112,140]]

]
