[[[0,1,2,3,4,5],
[6,7,8,9,10,11],
[12,13,14,15,16,17],
[18,19,20,21,22,23],
[24,25,26,27,28,29],
[30,31,32,33,34,35],
[36,37,38,39,40,41],
[42,43,44,45,46,47],
[48,49,50,51,52,53],
[54,55,56,57,58,59],
[60,61,62,63,64,65],
[66,67,68,69,70,71],
[72,73,74,75,76,77],
[78,79,80,81,82,83],
[84,85,86,87,88,89],
[90,91,92,93,94,95],
[96,97,98,99,100,101],
[102,103,104,105,106,107],
[108,109,110,111,112,113],
[114,115,116,117,118],
[119,120,121,122,123],
[124,125,126,127,128],
[129,130,131,132,133],
[134,135,136,137,138],
[139,140,141,142,143],
[144,145,146,147,148]],

[[0,7,14,21,28,35],
[6,13,20,27,34,41],
[12,19,26,33,40,47],
[18,25,32,39,46,53],
[24,31,38,45,52,59],
[30,37,44,51,58,65],
[36,43,50,57,64,71],
[42,49,56,63,70,77],
[48,55,62,69,76,83],
[54,61,68,75,82,89],
[60,67,74,81,88,95],
[66,73,80,87,94,101],
[72,79,86,93,100,107],
[78,85,92,99,106,113],
[84,91,98,105,112,118],
[90,97,104,111,117,123],
[96,103,110,116,122,128],
[102,109,115,121,127,133],
[108,114,120,126,132,138],
[119,125,131,137,143],
[124,130,136,142,148],
[5,129,135,141,147],
[4,11,134,140,146],
[3,10,17,139,145],
[2,9,16,23,144],
[1,8,15,22,29]],

[[0,8,13,23,33,46],
[6,14,19,29,39,52],
[12,20,25,35,45,58],
[18,26,31,41,51,64],
[24,32,37,47,57,70],
[30,38,43,53,63,76],
[36,44,49,59,69,82],
[42,50,55,65,75,88],
[48,56,61,71,81,94],
[54,62,67,77,87,100],
[60,68,73,83,93,106],
[66,74,79,89,99,112],
[72,80,85,95,105,117],
[78,86,91,101,111,122],
[84,92,97,107,116,127],
[90,98,103,113,121,132],
[96,104,109,118,126,137],
[102,110,114,123,131,142],
[108,115,119,128,136,147],
[4,120,124,133,141],
[10,125,129,138,146],
[3,16,130,134,143],
[9,22,135,139,148],
[5,15,28,140,144],
[1,11,21,34,145],
[2,7,17,27,40]],

[[0,9,17,19,32,58],
[6,15,23,25,38,64],
[12,21,29,31,44,70],
[18,27,35,37,50,76],
[24,33,41,43,56,82],
[30,39,47,49,62,88],
[36,45,53,55,68,94],
[42,51,59,61,74,100],
[48,57,65,67,80,106],
[54,63,71,73,86,112],
[60,69,77,79,92,117],
[66,75,83,85,98,122],
[72,81,89,91,104,127],
[78,87,95,97,110,132],
[84,93,101,103,115,137],
[90,99,107,109,120,142],
[96,105,113,114,125,147],
[4,102,111,118,119,130],
[10,108,116,123,124,135],
[16,121,128,129,140],
[22,126,133,134,145],
[2,28,131,138,139],
[8,34,136,143,144],
[1,14,40,141,148],
[5,7,20,46,146],
[3,11,13,26,52]],

[[0,10,15,20,31,47],
[6,16,21,26,37,53],
[12,22,27,32,43,59],
[18,28,33,38,49,65],
[24,34,39,44,55,71],
[30,40,45,50,61,77],
[36,46,51,56,67,83],
[42,52,57,62,73,89],
[48,58,63,68,79,95],
[54,64,69,74,85,101],
[60,70,75,80,91,107],
[66,76,81,86,97,113],
[72,82,87,92,103,118],
[78,88,93,98,109,123],
[84,94,99,104,114,128],
[90,100,105,110,119,133],
[96,106,111,115,124,138],
[102,112,116,120,129,143],
[108,117,121,125,134,148],
[5,122,126,130,139],
[11,127,131,135,144],
[1,17,132,136,140],
[7,23,137,141,145],
[2,13,29,142,146],
[3,8,19,35,147],
[4,9,14,25,41]],

[[0,11,16,25,44,57],
[6,17,22,31,50,63],
[12,23,28,37,56,69],
[18,29,34,43,62,75],
[24,35,40,49,68,81],
[30,41,46,55,74,87],
[36,47,52,61,80,93],
[42,53,58,67,86,99],
[48,59,64,73,92,105],
[54,65,70,79,98,111],
[60,71,76,85,104,116],
[66,77,82,91,110,121],
[72,83,88,97,115,126],
[78,89,94,103,120,131],
[84,95,100,109,125,136],
[90,101,106,114,130,141],
[96,107,112,119,135,146],
[3,102,113,117,124,140],
[9,108,118,122,129,145],
[2,15,123,127,134],
[8,21,128,132,139],
[14,27,133,137,144],
[1,20,33,138,142],
[7,26,39,143,147],
[4,13,32,45,148],
[5,10,19,38,51]],

[[0,22,26,45,49,71],
[6,28,32,51,55,77],
[12,34,38,57,61,83],
[18,40,44,63,67,89],
[24,46,50,69,73,95],
[30,52,56,75,79,101],
[36,58,62,81,85,107],
[42,64,68,87,91,113],
[48,70,74,93,97,118],
[54,76,80,99,103,123],
[60,82,86,105,109,128],
[66,88,92,111,114,133],
[72,94,98,116,119,138],
[78,100,104,121,124,143],
[84,106,110,126,129,148],
[5,90,112,115,131,134],
[11,96,117,120,136,139],
[17,102,122,125,141,144],
[1,23,108,127,130,146],
[3,7,29,132,135],
[9,13,35,137,140],
[15,19,41,142,145],
[2,21,25,47,147],
[4,8,27,31,53],
[10,14,33,37,59],
[16,20,39,43,65]],

[[0,27,38,55,70,89],
[6,33,44,61,76,95],
[12,39,50,67,82,101],
[18,45,56,73,88,107],
[24,51,62,79,94,113],
[30,57,68,85,100,118],
[36,63,74,91,106,123],
[42,69,80,97,112,128],
[48,75,86,103,117,133],
[54,81,92,109,122,138],
[60,87,98,114,127,143],
[66,93,104,119,132,148],
[5,72,99,110,124,137],
[11,78,105,115,129,142],
[17,84,111,120,134,147],
[4,23,90,116,125,139],
[10,29,96,121,130,144],
[1,16,35,102,126,135],
[7,22,41,108,131,140],
[13,28,47,136,145],
[2,19,34,53,141],
[8,25,40,59,146],
[3,14,31,46,65],
[9,20,37,52,71],
[15,26,43,58,77],
[21,32,49,64,83]],

[[0,29,37,63,80,88],
[6,35,43,69,86,94],
[12,41,49,75,92,100],
[18,47,55,81,98,106],
[24,53,61,87,104,112],
[30,59,67,93,110,117],
[36,65,73,99,115,122],
[42,71,79,105,120,127],
[48,77,85,111,125,132],
[54,83,91,116,130,137],
[60,89,97,121,135,142],
[66,95,103,126,140,147],
[4,72,101,109,131,145],
[2,10,78,107,114,136],
[8,16,84,113,119,141],
[14,22,90,118,124,146],
[3,20,28,96,123,129],
[9,26,34,102,128,134],
[15,32,40,108,133,139],
[21,38,46,138,144],
[1,27,44,52,143],
[7,33,50,58,148],
[5,13,39,56,64],
[11,19,45,62,70],
[17,25,51,68,76],
[23,31,57,74,82]],

[[0,34,50,59,79,87],
[6,40,56,65,85,93],
[12,46,62,71,91,99],
[18,52,68,77,97,105],
[24,58,74,83,103,111],
[30,64,80,89,109,116],
[36,70,86,95,114,121],
[42,76,92,101,119,126],
[48,82,98,107,124,131],
[54,88,104,113,129,136],
[60,94,110,118,134,141],
[66,100,115,123,139,146],
[3,72,106,120,128,144],
[1,9,78,112,125,133],
[7,15,84,117,130,138],
[13,21,90,122,135,143],
[19,27,96,127,140,148],
[5,25,33,102,132,145],
[2,11,31,39,108,137],
[8,17,37,45,142],
[14,23,43,51,147],
[4,20,29,49,57],
[10,26,35,55,63],
[16,32,41,61,69],
[22,38,47,67,75],
[28,44,53,73,81]],

[[0,39,61,86,106,118],
[6,45,67,92,112,123],
[12,51,73,98,117,128],
[18,57,79,104,122,133],
[24,63,85,110,127,138],
[30,69,91,115,132,143],
[36,75,97,120,137,148],
[5,42,81,103,125,142],
[11,48,87,109,130,147],
[4,17,54,93,114,135],
[10,23,60,99,119,140],
[16,29,66,105,124,145],
[2,22,35,72,111,129],
[8,28,41,78,116,134],
[14,34,47,84,121,139],
[20,40,53,90,126,144],
[1,26,46,59,96,131],
[7,32,52,65,102,136],
[13,38,58,71,108,141],
[19,44,64,77,146],
[3,25,50,70,83],
[9,31,56,76,89],
[15,37,62,82,95],
[21,43,68,88,101],
[27,49,74,94,107],
[33,55,80,100,113]],

[[0,40,43,74,105,138],
[6,46,49,80,111,143],
[12,52,55,86,116,148],
[5,18,58,61,92,121],
[11,24,64,67,98,126],
[17,30,70,73,104,131],
[23,36,76,79,110,136],
[29,42,82,85,115,141],
[35,48,88,91,120,146],
[3,41,54,94,97,125],
[9,47,60,100,103,130],
[15,53,66,106,109,135],
[21,59,72,112,114,140],
[27,65,78,117,119,145],
[2,33,71,84,122,124],
[8,39,77,90,127,129],
[14,45,83,96,132,134],
[20,51,89,102,137,139],
[26,57,95,108,142,144],
[1,32,63,101,147],
[4,7,38,69,107],
[10,13,44,75,113],
[16,19,50,81,118],
[22,25,56,87,123],
[28,31,62,93,128],
[34,37,68,99,133]],

[[0,41,52,67,104,141],
[6,47,58,73,110,146],
[3,12,53,64,79,115],
[9,18,59,70,85,120],
[15,24,65,76,91,125],
[21,30,71,82,97,130],
[27,36,77,88,103,135],
[33,42,83,94,109,140],
[39,48,89,100,114,145],
[2,45,54,95,106,119],
[8,51,60,101,112,124],
[14,57,66,107,117,129],
[20,63,72,113,122,134],
[26,69,78,118,127,139],
[32,75,84,123,132,144],
[1,38,81,90,128,137],
[7,44,87,96,133,142],
[13,50,93,102,138,147],
[4,19,56,99,108,143],
[10,25,62,105,148],
[5,16,31,68,111],
[11,22,37,74,116],
[17,28,43,80,121],
[23,34,49,86,126],
[29,40,55,92,131],
[35,46,61,98,136]],

[[0,53,56,97,122,131],
[6,59,62,103,127,136],
[12,65,68,109,132,141],
[18,71,74,114,137,146],
[3,24,77,80,119,142],
[9,30,83,86,124,147],
[4,15,36,89,92,129],
[10,21,42,95,98,134],
[16,27,48,101,104,139],
[22,33,54,107,110,144],
[1,28,39,60,113,115],
[7,34,45,66,118,120],
[13,40,51,72,123,125],
[19,46,57,78,128,130],
[25,52,63,84,133,135],
[31,58,69,90,138,140],
[37,64,75,96,143,145],
[2,43,70,81,102,148],
[5,8,49,76,87,108],
[11,14,55,82,93],
[17,20,61,88,99],
[23,26,67,94,105],
[29,32,73,100,111],
[35,38,79,106,116],
[41,44,85,112,121],
[47,50,91,117,126]],

[[0,62,109,117,143,146],
[3,6,68,114,122,148],
[5,9,12,74,119,127],
[11,15,18,80,124,132],
[17,21,24,86,129,137],
[23,27,30,92,134,142],
[29,33,36,98,139,147],
[4,35,39,42,104,144],
[1,10,41,45,48,110],
[7,16,47,51,54,115],
[13,22,53,57,60,120],
[19,28,59,63,66,125],
[25,34,65,69,72,130],
[31,40,71,75,78,135],
[37,46,77,81,84,140],
[43,52,83,87,90,145],
[2,49,58,89,93,96],
[8,55,64,95,99,102],
[14,61,70,101,105,108],
[20,67,76,107,111],
[26,73,82,113,116],
[32,79,88,118,121],
[38,85,94,123,126],
[44,91,100,128,131],
[50,97,106,133,136],
[56,103,112,138,141]]

]