[[[0,1,2,3,4,5],
[6,7,8,9,10,11],
[12,13,14,15,16,17],
[18,19,20,21,22,23],
[24,25,26,27,28,29],
[30,31,32,33,34,35],
[36,37,38,39,40,41],
[42,43,44,45,46,47],
[48,49,50,51,52,53],
[54,55,56,57,58,59],
[60,61,62,63,64,65],
[66,67,68,69,70,71],
[72,73,74,75,76,77],
[78,79,80,81,82],
[83,84,85,86,87],
[88,89,90,91,92],
[93,94,95,96,97],
[98,99,100,101,102],
[103,104,105,106,107],
[108,109,110,111,112],
[113,114,115,116,117],
[118,119,120,121,122],
[123,124,125,126,127],
[128,129,130,131,132],
[133,134,135,136,137],
[138,139,140,141,142]],

[[0,7,14,21,28,35],
[6,13,20,27,34,41],
[12,19,26,33,40,47],
[18,25,32,39,46,53],
[24,31,38,45,52,59],
[30,37,44,51,58,65],
[36,43,50,57,64,71],
[42,49,56,63,70,77],
[48,55,62,69,76],
[54,61,68,75,82],
[60,67,74,81,87],
[66,73,80,86,92],
[72,79,85,91,97],
[78,84,90,96,102],
[83,89,95,101,107],
[88,94,100,106,112],
[93,99,105,111,117],
[98,104,110,116,122],
[103,109,115,121,127],
[108,114,120,126,132],
[113,119,125,131,137],
[5,118,124,130,136,142],
[4,11,123,129,135,141],
[3,10,17,128,134,140],
[2,9,16,23,133,139],
[1,8,15,22,29,138]],

[[0,8,13,23,33,46],
[6,14,19,29,39,52],
[12,20,25,35,45,58],
[18,26,31,41,51,64],
[24,32,37,47,57,70],
[30,38,43,53,63,76],
[36,44,49,59,69,82],
[42,50,55,65,75,87],
[48,56,61,71,81,92],
[54,62,67,77,86,97],
[60,68,73,91,102],
[66,74,79,96,107],
[72,80,84,101,112],
[78,85,89,106,117],
[83,90,94,111,122],
[88,95,99,116,127],
[93,100,104,121,132],
[98,105,109,126,137],
[103,110,114,131,142],
[4,108,115,119,136],
[10,113,120,124,141],
[3,16,118,125,129],
[9,22,123,130,134],
[5,15,28,128,135,139],
[1,11,21,34,133,140],
[2,7,17,27,40,138]],

[[0,9,17,19,32,58],
[6,15,23,25,38,64],
[12,21,29,31,44,70],
[18,27,35,37,50,76],
[24,33,41,43,56,82],
[30,39,47,49,62,87],
[36,45,53,55,68,92],
[42,51,59,61,74,97],
[48,57,65,67,80,102],
[54,63,71,73,85,107],
[60,69,77,79,90,112],
[66,75,84,95,117],
[72,81,89,100,122],
[78,86,94,105,127],
[83,91,99,110,132],
[88,96,104,115,137],
[93,101,109,120,142],
[4,98,106,114,125],
[10,103,111,119,130],
[16,108,116,124,135],
[22,113,121,129,140],
[2,28,118,126,134],
[8,34,123,131,139],
[1,14,40,128,136],
[5,7,20,46,133,141],
[3,11,13,26,52,138]],

[[0,10,15,20,31,47],
[6,16,21,26,37,53],
[12,22,27,32,43,59],
[18,28,33,38,49,65],
[24,34,39,44,55,71],
[30,40,45,50,61,77],
[36,46,51,56,67],
[42,52,57,62,73],
[48,58,63,68,79],
[54,64,69,74,84],
[60,70,75,80,89],
[66,76,81,85,94],
[72,82,86,90,99],
[78,87,91,95,104],
[83,92,96,100,109],
[88,97,101,105,114],
[93,102,106,110,119],
[98,107,111,115,124],
[103,112,116,120,129],
[5,108,117,121,125,134],
[11,113,122,126,130,139],
[1,17,118,127,131,135],
[7,23,123,132,136,140],
[2,13,29,128,137,141],
[3,8,19,35,133,142],
[4,9,14,25,41,138]],

[[0,11,16,25,44,57],
[6,17,22,31,50,63],
[12,23,28,37,56,69],
[18,29,34,43,62,75],
[24,35,40,49,68,81],
[30,41,46,55,74,86],
[36,47,52,61,80,91],
[42,53,58,67,85,96],
[48,59,64,73,90,101],
[54,65,70,79,95,106],
[60,71,76,84,100,111],
[66,77,82,89,105,116],
[72,87,94,110,121],
[78,92,99,115,126],
[83,97,104,120,131],
[88,102,109,125,136],
[93,107,114,130,141],
[3,98,112,119,135],
[9,103,117,124,140],
[2,15,108,122,129],
[8,21,113,127,134],
[14,27,118,132,139],
[1,20,33,123,137],
[7,26,39,128,142],
[4,13,32,45,133],
[5,10,19,38,51,138]],

[[0,22,26,45,49,71],
[6,28,32,51,55,77],
[12,34,38,57,61],
[18,40,44,63,67],
[24,46,50,69,73],
[30,52,56,75,79],
[36,58,62,81,84],
[42,64,68,86,89],
[48,70,74,91,94],
[54,76,80,96,99],
[60,82,85,101,104],
[66,87,90,106,109],
[72,92,95,111,114],
[78,97,100,116,119],
[83,102,105,121,124],
[5,88,107,110,126,129],
[11,93,112,115,131,134],
[17,98,117,120,136,139],
[1,23,103,122,125,141],
[3,7,29,108,127,130],
[9,13,35,113,132,135],
[15,19,41,118,137,140],
[2,21,25,47,123,142],
[4,8,27,31,53,128],
[10,14,33,37,59,133],
[16,20,39,43,65,138]],

[[0,27,38,55,70],
[6,33,44,61,76],
[12,39,50,67,82],
[18,45,56,73,87],
[24,51,62,79,92],
[30,57,68,84,97],
[36,63,74,89,102],
[42,69,80,94,107],
[48,75,85,99,112],
[54,81,90,104,117],
[60,86,95,109,122],
[66,91,100,114,127],
[5,72,96,105,119,132],
[11,78,101,110,124,137],
[17,83,106,115,129,142],
[4,23,88,111,120,134],
[10,29,93,116,125,139],
[1,16,35,98,121,130],
[7,22,41,103,126,135],
[13,28,47,108,131,140],
[2,19,34,53,113,136],
[8,25,40,59,118,141],
[3,14,31,46,65,123],
[9,20,37,52,71,128],
[15,26,43,58,77,133],
[21,32,49,64,138]],

[[0,29,37,63,80,87],
[6,35,43,69,85,92],
[12,41,49,75,90,97],
[18,47,55,81,95,102],
[24,53,61,86,100,107],
[30,59,67,91,105,112],
[36,65,73,96,110,117],
[42,71,79,101,115,122],
[48,77,84,106,120,127],
[54,89,111,125,132],
[60,94,116,130,137],
[66,99,121,135,142],
[4,72,104,126,140],
[2,10,78,109,131],
[8,16,83,114,136],
[14,22,88,119,141],
[3,20,28,93,124],
[9,26,34,98,129],
[15,32,40,103,134],
[21,38,46,108,139],
[1,27,44,52,113],
[7,33,50,58,118],
[5,13,39,56,64,123],
[11,19,45,62,70,128],
[17,25,51,68,76,133],
[23,31,57,74,82,138]],

[[0,34,50,59,79,86],
[6,40,56,65,84,91],
[12,46,62,71,89,96],
[18,52,68,77,94,101],
[24,58,74,99,106],
[30,64,80,104,111],
[36,70,85,109,116],
[42,76,90,114,121],
[48,82,95,119,126],
[54,87,100,124,131],
[60,92,105,129,136],
[66,97,110,134,141],
[3,72,102,115,139],
[1,9,78,107,120],
[7,15,83,112,125],
[13,21,88,117,130],
[19,27,93,122,135],
[5,25,33,98,127,140],
[2,11,31,39,103,132],
[8,17,37,45,108,137],
[14,23,43,51,113,142],
[4,20,29,49,57,118],
[10,26,35,55,63,123],
[16,32,41,61,69,128],
[22,38,47,67,75,133],
[28,44,53,73,81,138]],

[[0,39,61,85,102],
[6,45,67,90,107],
[12,51,73,95,112],
[18,57,79,100,117],
[24,63,84,105,122],
[30,69,89,110,127],
[36,75,94,115,132],
[5,42,81,99,120,137],
[11,48,86,104,125,142],
[4,17,54,91,109,130],
[10,23,60,96,114,135],
[16,29,66,101,119,140],
[2,22,35,72,106,124],
[8,28,41,78,111,129],
[14,34,47,83,116,134],
[20,40,53,88,121,139],
[1,26,46,59,93,126],
[7,32,52,65,98,131],
[13,38,58,71,103,136],
[19,44,64,77,108,141],
[3,25,50,70,113],
[9,31,56,76,118],
[15,37,62,82,123],
[21,43,68,87,128],
[27,49,74,92,133],
[33,55,80,97,138]],

[[0,40,43,74,101],
[6,46,49,80,106],
[12,52,55,85,111],
[5,18,58,61,90,116],
[11,24,64,67,95,121],
[17,30,70,73,100,126],
[23,36,76,79,105,131],
[29,42,82,84,110,136],
[35,48,87,89,115,141],
[3,41,54,92,94,120],
[9,47,60,97,99,125],
[15,53,66,102,104,130],
[21,59,72,107,109,135],
[27,65,78,112,114,140],
[2,33,71,83,117,119],
[8,39,77,88,122,124],
[14,45,93,127,129],
[20,51,98,132,134],
[26,57,103,137,139],
[1,32,63,108,142],
[4,7,38,69,113],
[10,13,44,75,118],
[16,19,50,81,123],
[22,25,56,86,128],
[28,31,62,91,133],
[34,37,68,96,138]],

[[0,41,52,67,100,136],
[6,47,58,73,105,141],
[3,12,53,64,79,110],
[9,18,59,70,84,115],
[15,24,65,76,89,120],
[21,30,71,82,94,125],
[27,36,77,87,99,130],
[33,42,92,104,135],
[39,48,97,109,140],
[2,45,54,102,114],
[8,51,60,107,119],
[14,57,66,112,124],
[20,63,72,117,129],
[26,69,78,122,134],
[32,75,83,127,139],
[1,38,81,88,132],
[7,44,86,93,137],
[13,50,91,98,142],
[4,19,56,96,103],
[10,25,62,101,108],
[5,16,31,68,106,113],
[11,22,37,74,111,118],
[17,28,43,80,116,123],
[23,34,49,85,121,128],
[29,40,55,90,126,133],
[35,46,61,95,131,138]],

[[0,53,56,94,117,126],
[6,59,62,99,122,131],
[12,65,68,104,127,136],
[18,71,74,109,132,141],
[3,24,77,80,114,137],
[9,30,85,119,142],
[4,15,36,90,124],
[10,21,42,95,129],
[16,27,48,100,134],
[22,33,54,105,139],
[1,28,39,60,110],
[7,34,45,66,115],
[13,40,51,72,120],
[19,46,57,78,125],
[25,52,63,83,130],
[31,58,69,88,135],
[37,64,75,93,140],
[2,43,70,81,98],
[5,8,49,76,86,103],
[11,14,55,82,91,108],
[17,20,61,87,96,113],
[23,26,67,92,101,118],
[29,32,73,97,106,123],
[35,38,79,102,111,128],
[41,44,84,107,116,133],
[47,50,89,112,121,138]],

[[0,62,104,112,141],
[3,6,68,109,117],
[5,9,12,74,114,122],
[11,15,18,80,119,127],
[17,21,24,85,124,132],
[23,27,30,90,129,137],
[29,33,36,95,134,142],
[4,35,39,42,100,139],
[1,10,41,45,48,105],
[7,16,47,51,54,110],
[13,22,53,57,60,115],
[19,28,59,63,66,120],
[25,34,65,69,72,125],
[31,40,71,75,78,130],
[37,46,77,81,83,135],
[43,52,86,88,140],
[2,49,58,91,93],
[8,55,64,96,98],
[14,61,70,101,103],
[20,67,76,106,108],
[26,73,82,111,113],
[32,79,87,116,118],
[38,84,92,121,123],
[44,89,97,126,128],
[50,94,102,131,133],
[56,99,107,136,138]]

]
