[[[0,1,2,3,4,5],
[6,30,58,63,68,72],
[11,31,76,81,86,91],
[15,32,96,100,105,110],
[20,33,114,119,124,129],
[25,34,134,139,144,148],
[7,35,77,97,115,135],
[8,40,82,101,120,140],
[9,45,87,106,125],
[10,50,92,111,130,149],
[12,36,54,102,116,145],
[16,41,55,73,126,141],
[21,46,56,88,98,131],
[26,51,57,78,93,121],
[27,37,59,83,99,127],
[42,60,107,122,132],
[17,47,61,79,112,146],
[22,52,62,74,103,136],
[23,38,64,80,108,142],
[28,43,65,89,104],
[13,48,66,94,128,137],
[18,67,84,117,133],
[19,39,69,90,123,138],
[24,44,85,95,147],
[29,49,70,75,109,118],
[14,53,71,113,143]],

[[0,6,7,8,9,10],
[1,34,39,44,49,53],
[11,30,77,82,87,92],
[15,31,97,101,106,111],
[20,32,115,120,125,130],
[25,33,135,140,149],
[2,54,83,107,112,136],
[3,59,88,93,116,141],
[4,64,73,98,121,145],
[5,69,78,102,126,131],
[12,35,55,103,117,146],
[16,40,56,74,127,142],
[21,45,57,89,99,132],
[26,50,58,79,94,122],
[27,36,60,84,128],
[41,61,108,123,133],
[17,46,62,80,147],
[22,51,63,75,104,137],
[23,37,65,81,109,143],
[28,42,66,90,105,113],
[13,47,67,95,129,138],
[18,52,68,85,118,134],
[19,38,91,124,139],
[24,43,70,86,96,148],
[29,48,71,76,110,119],
[14,72,100,114,144]],

[[0,11,12,13,14],
[1,33,38,42,46,50],
[6,34,57,61,65,69],
[15,30,94,98,104,109],
[20,31,112,118,122,126],
[25,32,132,137,141,147],
[7,39,73,95,133],
[8,43,78,99,119,138],
[9,47,83,105,123,142],
[10,51,88,110,127,148],
[2,58,84,111,113,139],
[3,62,89,96,120,143],
[4,66,74,124,149],
[5,79,106,128,134],
[16,44,54,75,129,144],
[21,48,55,90,100,135],
[26,52,56,80,97,125],
[27,35,63,85,101,130],
[17,49,59,81,114,145],
[22,60,76,102,140],
[23,36,67,82,107],
[28,40,68,91,103,115],
[18,53,64,86,116,131],
[19,37,70,92,121,136],
[24,41,71,87,93,146],
[29,45,72,77,108,117]],

[[0,15,16,17,18,19],
[1,32,35,43,47,51],
[6,33,56,60,64,71],
[11,34,75,79,84,88],
[20,30,113,117,121,128],
[25,31,131,136,143,146],
[7,36,76,93,114,132],
[8,44,80,98,118,137],
[9,48,85,102,122,144],
[10,52,89,107,129,147],
[2,57,86,108,115,138],
[3,61,90,94,119],
[4,65,77,99,123,148],
[5,72,81,103,130,133],
[12,37,58,104,120,149],
[21,49,54,91,134],
[26,55,82,95,124],
[27,38,62,87,100,126],
[40,63,109,125,135],
[22,53,59,73,105,139],
[23,39,66,78,110,141],
[28,41,67,92,106,112],
[13,45,68,96,127,140],
[24,42,69,83,97,145],
[29,46,74,111,116],
[14,50,70,101,142]],

[[0,20,21,22,23,24],
[1,31,36,40,48,52],
[6,32,55,59,67,70],
[11,33,74,78,83,90],
[15,34,93,103,108],
[25,30,133,138,142,145],
[7,37,75,94,112,134],
[8,41,79,100,116,139],
[9,49,84,104,121,143],
[10,91,109,126,146],
[2,56,85,110,140],
[3,60,92,95,117,144],
[4,68,76,101,122,147],
[5,71,80,105,127,135],
[12,38,57,106,118,148],
[16,42,58,77,128],
[26,53,54,81,96,123],
[27,39,61,86,98,129],
[43,62,111,124,131],
[17,45,63,82,113,149],
[28,44,64,88,102,114],
[13,46,65,97,130,136],
[18,50,66,87,119,132],
[19,35,72,89,125,137],
[29,47,69,73,107,120],
[14,51,99,115,141]],

[[0,25,26,27,28,29],
[1,30,37,41,45],
[6,31,54,62,66],
[11,32,73,80,85,89],
[15,33,95,99,102,107],
[20,34,116,123,127],
[7,38,74,96,113,131],
[8,42,81,117,136],
[9,46,86,103,124,141],
[10,53,90,108,128,145],
[2,55,87,109,114,137],
[3,63,91,97,118,142],
[4,67,75,100,125,146],
[5,70,82,104,129,132],
[12,39,56,105,119,147],
[16,43,57,76,130,143],
[21,47,58,92,101,133],
[44,59,110,121,134],
[17,48,60,78,115,148],
[22,50,61,77,106,138],
[23,35,68,79,111,144],
[13,49,64,93,126,139],
[18,51,65,83,120,135],
[19,36,71,88,122,140],
[24,40,72,84,94,149],
[14,52,69,98,112]],

[[0,30,31,32,33,34],
[5,10,14,19,24,29],
[6,35,73,93,112,131],
[7,40,78,98,116,136],
[8,45,83,102,121,141],
[9,50,88,107,126,145],
[1,54,84,108,137],
[2,59,89,94,117,142],
[3,64,74,99,122,146],
[4,69,79,103,127,132],
[11,36,55,104,118,147],
[15,41,56,75,128,143],
[20,46,57,90,133],
[25,51,58,80,95,123],
[26,37,60,85,100,129],
[12,42,61,109,124,134],
[16,47,62,81,113,148],
[21,52,63,76,105,138],
[22,38,65,82,110,144],
[27,43,66,91,106,114],
[48,67,96,130,139],
[17,68,86,119,135],
[18,39,92,125,140],
[23,44,70,87,97,149],
[28,49,71,77,111,120],
[13,53,72,101,115]],

[[0,35,36,37,38,39],
[5,9,13,15,21,27],
[10,30,57,62,67,71],
[14,31,77,78,85,88],
[16,32,97,99,104,108],
[22,33,115,118,121,127],
[28,34,135,136,142,147],
[6,40,79,119,137],
[7,45,86,105,122,143],
[8,50,89,109,128,148],
[1,58,87,110,112,138],
[2,63,90,93,120,144],
[3,68,73,100,123,149],
[4,72,80,106,129,131],
[17,41,54,74,130],
[23,46,55,91,101,132],
[29,51,56,81,94,124],
[11,42,59,111,125,133],
[18,47,60,82,145],
[24,52,61,75,102,139],
[25,43,64,92,103,113],
[12,48,65,95,126,140],
[19,66,83,116,134],
[20,44,69,84,96,146],
[26,49,76,107,117],
[53,70,98,114,141]],

[[0,40,41,42,43,44],
[5,8,18,20,26],
[9,30,56,61,66,70],
[13,31,75,82,83,89],
[19,32,93,101,102,109],
[21,33,120,122,128],
[27,34,132,140,143,145],
[10,35,76,94,113,133],
[6,45,84,103,123,144],
[7,50,90,110,129,146],
[1,57,85,111,114,136],
[2,62,91,95,116],
[3,67,77,98,124,147],
[4,71,78,104,130,134],
[14,36,58,105,117,148],
[22,46,54,92,99,135],
[28,51,55,79,96,125],
[29,37,63,86,126],
[15,47,59,80,115,149],
[23,52,60,73,106,137],
[24,38,68,81,107,141],
[11,48,64,97,127,138],
[16,65,87,118,131],
[17,39,72,88,121,139],
[25,49,69,74,108,119],
[12,53,100,112,142]],

[[0,45,46,47,48,49],
[5,7,12,17,23,25],
[8,30,55,60,65],
[31,73,79,87,90],
[18,32,94,106,107],
[24,33,113,116,125,126],
[26,34,133,137,146],
[9,35,74,95,114,134],
[10,40,80,100,117,138],
[6,50,91,108,127,147],
[1,56,83,109,115,139],
[2,61,92,96,118,141],
[3,66,75,101,121,148],
[4,70,81,102,128,135],
[13,36,57,103,119,149],
[19,41,58,76,129,142],
[27,51,54,82,97,122],
[28,37,62,84,98,130],
[14,42,63,110,123,131],
[20,52,59,77,104,140],
[21,38,67,78,111,143],
[29,43,68,88,105,112],
[15,64,85,120,132],
[16,39,71,89,124,136],
[22,44,72,86,93,145],
[11,53,69,99,144]],

[[0,50,51,52,53],
[5,6,11,16,22,28],
[7,30,54,59,64,69],
[12,31,74,80,84,92],
[17,32,95,98,103,111],
[23,33,112,117,123,130],
[29,34,131,138,141,149],
[8,35,75,96,132],
[9,40,81,99,118,139],
[10,45,85,104,124,142],
[1,55,86,107,113,140],
[2,60,88,97,119,143],
[3,65,76,125,145],
[4,82,105,126,133],
[36,56,106,120,146],
[18,41,57,77,127,144],
[24,46,58,89,100,134],
[25,37,61,87,101,128],
[13,42,62,108,121,135],
[19,47,63,78,114,147],
[20,38,66,79,109],
[26,43,67,90,102,115],
[14,48,68,93,129,136],
[15,39,70,91,122,137],
[21,44,71,83,94,148],
[27,49,72,73,110,116]],

[[0,54,55,56,57,58],
[4,10,13,18,23,28],
[5,34,38,43,48],
[14,30,75,80,86,90],
[19,31,95,104,110],
[24,32,114,118,123,128],
[29,33,133,139,143,147],
[6,39,76,96,115,134],
[7,44,81,100,119,140],
[8,49,87,105,124,144],
[9,53,91,111,129,148],
[1,59,92,97,120],
[2,64,77,101,125,149],
[3,69,82,106,130,135],
[25,35,60,83,98,126],
[11,40,61,107,121,131],
[15,45,62,78,112,145],
[20,50,63,73,102,136],
[21,36,65,79,108,141],
[26,41,66,88,103],
[12,46,67,93,127,137],
[16,51,68,84,116,132],
[17,37,89,122,138],
[22,42,70,85,94,146],
[27,47,71,74,109,117],
[52,72,99,113,142]],

[[0,59,60,61,62,63],
[3,10,17,22,27],
[4,34,37,42,47,52],
[13,30,74,79,85,91],
[18,31,96,99,103,109],
[23,32,113,119,122,127],
[28,33,132,138,144,146],
[6,38,75,97,114,133],
[7,43,80,120,139],
[8,48,86,104,123],
[9,92,110,128,147],
[5,54,87,111,115,140],
[1,64,76,100,124,148],
[2,69,81,105,129,134],
[14,39,55,106,116,149],
[19,44,56,77,130,141],
[24,49,57,88,101,135],
[29,53,58,82,93,125],
[20,35,65,78,107,142],
[25,40,66,89,102,112],
[11,45,67,94,126,136],
[15,50,68,83,117,131],
[16,36,90,121,137],
[21,41,70,84,95,145],
[26,46,71,73,108,118],
[12,51,72,98,143]],

[[0,64,65,66,67,68],
[2,10,12,16,21,26],
[3,34,36,41,46,51],
[30,76,78,84,89],
[17,31,94,100,102,108],
[22,32,117,124,126],
[27,33,131,137,142,148],
[6,37,77,95,113,132],
[7,42,79,101,118,138],
[8,47,85,103,125,143],
[9,52,90,109,127,149],
[4,54,86,110,114,139],
[5,59,91,96,119,144],
[1,69,80,104,128,133],
[13,38,55,105,120,145],
[18,43,56,73,129],
[23,48,57,92,98,134],
[28,58,81,97,121],
[29,39,60,87,99,130],
[14,44,61,111,122,135],
[19,49,62,82,115,146],
[24,53,63,74,106,140],
[15,35,88,123,136],
[20,40,70,83,93,147],
[25,45,71,75,107,116],
[11,50,72,112,141]],

[[0,69,70,71,72],
[1,10,11,15,20,25],
[2,34,35,40,45,50],
[12,30,73,81,83,88],
[16,31,93,98,105,107],
[21,32,112,116,121,129],
[26,33,134,136,141,145],
[6,36,74,94,135],
[7,41,82,99,117,137],
[8,46,84,106,122,142],
[9,51,89,108,130,146],
[3,54,85,109,113,138],
[4,59,90,95,118,143],
[5,64,75,123,147],
[37,55,102,119,148],
[17,42,56,76,126,144],
[22,47,57,91,100,131],
[27,52,58,78,96,124],
[28,38,60,86,101,127],
[13,43,61,110,125,132],
[18,48,62,79,114,149],
[23,63,77,103,139],
[24,39,65,80,111],
[29,44,66,92,104,115],
[14,49,67,97,128,140],
[19,53,68,87,120,133]],

[[0,73,74,75,76,77],
[2,9,14,18,22,25],
[3,33,39,43,45,52],
[10,34,56,59,68],
[19,30,97,100,103,107],
[23,31,115,116,124,128],
[26,32,135,138,143,148],
[6,44,78,101,117,139],
[7,46,83,104,125,144],
[8,88,108,129,149],
[4,57,84,109,112,140],
[5,60,89,93,118],
[1,70,79,105,130,131],
[11,35,58,106,119,145],
[24,47,54,90,98,132],
[27,53,55,80,94,121],
[28,36,61,85,99,126],
[12,40,62,110,122,133],
[15,48,63,81,146],
[20,37,64,82,111,141],
[29,41,65,91,102,113],
[49,66,95,127,136],
[16,50,67,86,120,134],
[17,38,71,92,123,137],
[21,42,72,87,96,147],
[13,51,69,114,142]],

[[0,78,79,80,81,82],
[1,8,14,17,21,28],
[2,33,36,44,47],
[9,34,54,60,67,72],
[18,30,95,101,105,108],
[22,31,113,120,123,129],
[29,32,134,140,142,146],
[10,37,73,96,114,135],
[6,48,83,106,124,143],
[7,53,88,109,130,147],
[3,55,84,110,115,136],
[4,61,89,97,116,144],
[5,68,74,98,125,148],
[11,38,56,102,117,149],
[19,40,57,75,126],
[23,49,58,90,99,131],
[25,39,62,85,127],
[12,41,63,111,121,132],
[24,50,59,76,103,137],
[26,42,64,91,104,112],
[45,65,93,128,138],
[15,51,66,86,118,133],
[16,35,69,92,122,139],
[20,43,87,94,145],
[27,46,70,77,107,119],
[13,52,71,100,141]],

[[0,83,84,85,86,87],
[4,7,14,16,20,27],
[5,33,37,40,49,51],
[8,34,58,62,64,70],
[17,30,93,99,106,110],
[21,31,114,117,125,127],
[28,32,131,139,145],
[9,38,73,94,115,132],
[10,41,78,118,140],
[6,52,88,111,128,146],
[1,63,89,95,119,141],
[2,65,74,100,121,147],
[3,71,79,102,129,133],
[11,39,54,103,120,148],
[18,42,55,75,130,142],
[22,45,56,90,101,134],
[29,57,80,96,122],
[12,43,59,107,123,135],
[19,46,60,81,112,149],
[23,53,61,76,104,136],
[24,35,66,82,108,143],
[25,44,67,91,105],
[47,68,97,126,137],
[15,36,72,92,124,138],
[26,48,69,77,109,116],
[13,50,98,113,144]],

[[0,88,89,90,91,92],
[3,6,14,15,23,26],
[4,33,35,41,48,53],
[7,34,55,63,66,71],
[16,30,96,102,111],
[24,31,119,121,130],
[27,32,133,136,144,149],
[8,36,73,97,113,134],
[9,42,78,100,120,137],
[10,49,83,103,122],
[5,56,84,107,114,138],
[1,67,74,101,123,145],
[2,72,79,104,126,135],
[11,37,57,105,116,146],
[17,43,58,75,127,141],
[28,50,54,80,93,124],
[29,38,59,85,98,128],
[12,44,60,108,125,131],
[18,45,61,81,115,147],
[20,51,62,76,106,139],
[21,39,68,82,109,142],
[46,64,94,129,140],
[19,52,65,86,117,132],
[22,40,69,87,95,148],
[25,47,77,110,118],
[13,70,99,112,143]],

[[0,93,94,95,96,97],
[3,9,12,19,20,28],
[4,32,39,40,46],
[10,33,54,63,65,70],
[34,77,80,83,91],
[21,30,115,119,123,126],
[29,31,135,137,144,145],
[6,41,81,98,120,138],
[7,47,84,102,124],
[8,53,92,107,127,146],
[5,55,85,108,112,139],
[1,66,73,99,125,147],
[2,71,82,103,128,131],
[13,35,56,104,116,148],
[15,42,57,74,129,141],
[22,48,58,88,132],
[25,36,59,86,100,130],
[14,43,60,109,121,133],
[16,49,61,78,149],
[23,50,62,75,105,140],
[24,37,67,79,110,142],
[26,44,68,89,106,113],
[17,51,64,87,117,134],
[18,38,72,90,122,136],
[27,45,69,76,111,118],
[11,52,101,114,143]],

[[0,98,99,100,101],
[2,8,11,19,23,27],
[3,32,37,44,48,50],
[9,33,55,62,68,69],
[12,34,76,82,85,90],
[24,30,112,120,124,127],
[28,31,133,140,141,148],
[10,38,77,93,134],
[6,49,86,102,125,142],
[7,51,91,107,128,149],
[4,56,87,108,113,136],
[5,63,92,94,116,143],
[1,78,103,129,135],
[39,57,104,117,145],
[15,40,58,73,130,144],
[29,52,54,79,95,121],
[13,41,59,109,122,131],
[16,45,60,80,114,146],
[20,61,74,105,137],
[21,35,64,81,110],
[25,42,65,88,106,115],
[14,46,66,96,126,138],
[17,53,67,83,118,132],
[18,36,70,89,123,139],
[22,43,71,84,97,147],
[26,47,72,75,111,119]],

[[0,102,103,104,105,106],
[1,7,13,19,22,26],
[2,32,38,41,49,52],
[8,33,57,59,66,72],
[14,34,74,81,87,89],
[23,30,118,125,129],
[27,31,134,138,147],
[9,39,75,93,113,135],
[10,42,82,98,119,139],
[6,90,107,130,148],
[3,58,83,108,114,140],
[4,60,91,94,120,141],
[5,67,76,99,121,149],
[15,43,54,77,126,142],
[24,45,55,92,131],
[28,53,56,78,95,122],
[29,35,61,84,100,127],
[11,44,62,109,123,132],
[16,46,63,79,115,145],
[20,36,68,80,110,143],
[12,47,64,96,128,136],
[17,50,65,85,116,133],
[18,37,69,88,124,137],
[21,40,86,97,146],
[25,48,70,73,111,117],
[51,71,101,112,144]],

[[0,107,108,109,110,111],
[4,6,19,21,25],
[5,32,36,42,45,53],
[7,33,58,61,67],
[13,34,73,78,86,92],
[22,30,114,116,122,130],
[26,31,132,139,142,149],
[8,37,74,93,115,133],
[9,43,79,98,117,140],
[10,46,87,102,123,143],
[1,62,88,94,118,144],
[2,68,75,99,124,145],
[3,70,80,103,126,134],
[14,38,54,104,119,146],
[15,44,55,76,127],
[23,47,56,89,135],
[27,50,57,81,95,125],
[28,39,63,83,100,128],
[16,48,59,82,112,147],
[24,51,60,77,105,136],
[29,40,64,90,106],
[11,49,65,96,129,137],
[17,52,66,84,120,131],
[18,35,71,91,121,138],
[20,41,72,85,97,148],
[12,69,101,113,141]],

[[0,112,113,114,115],
[4,9,11,17,24,26],
[5,31,39,41,47,50],
[10,32,58,60,66,69],
[12,33,77,79,86,89],
[18,34,97,98,102,110],
[27,30,135,139,141,146],
[6,42,80,99,116,140],
[7,48,87,103,121,142],
[8,51,90,111,126,147],
[1,61,91,93,117,143],
[2,67,73,122,148],
[3,81,104,127,131],
[35,54,105,118,149],
[19,43,55,74,128,144],
[20,49,56,92,100,132],
[28,52,57,82,94,123],
[29,36,62,83,101,129],
[13,44,63,107,124,133],
[21,59,75,106,136],
[22,37,68,78,108],
[14,45,64,95,130,137],
[15,53,65,84,119,134],
[16,38,70,88,125,138],
[23,40,71,85,96,145],
[25,46,72,76,109,120]],

[[0,116,117,118,119,120],
[3,8,13,16,24,25],
[4,31,38,44,45,51],
[9,32,57,63,64],
[14,33,73,82,84,91],
[17,34,96,101,104,107],
[26,30,131,140,144,147],
[10,39,74,97,112,132],
[6,46,85,105,121],
[7,52,92,108,126,148],
[5,58,86,109,136],
[1,65,75,98,122,149],
[2,70,78,106,127,133],
[18,40,54,76,128,141],
[20,47,55,88,99,134],
[27,56,79,93,123],
[28,35,59,87,129],
[11,41,60,110,124,135],
[19,48,61,80,113,145],
[21,53,62,77,102,137],
[22,36,66,81,111,142],
[29,42,67,89,103,114],
[12,49,68,94,130,138],
[15,37,71,90,125,139],
[23,43,72,83,95,146],
[50,69,100,115,143]],

[[0,121,122,123,124,125],
[2,7,15,24,28],
[3,31,35,42,49],
[8,32,54,61,68,71],
[13,33,76,80,87,88],
[16,34,95,100,106,109],
[29,30,132,136,148],
[9,36,77,96,112,133],
[10,43,81,101,116,137],
[6,53,89,110,126,149],
[4,55,83,111,138],
[5,62,90,97,117,141],
[1,72,82,102,127,134],
[14,37,56,103,118,145],
[17,44,57,73,128,142],
[20,45,58,91,98,135],
[25,38,63,84,99,129],
[18,46,59,78,113,146],
[21,50,60,74,104,139],
[22,39,64,79,107,143],
[26,40,65,92,105,114],
[11,47,66,93,130,140],
[19,51,67,85,119,131],
[23,41,69,86,94,147],
[27,48,75,108,120],
[12,52,70,115,144]],

[[0,126,127,128,129,130],
[1,6,12,18,24,27],
[2,31,37,43,46,53],
[7,32,56,62,65,72],
[33,75,81,85,92],
[19,34,94,99,105,111],
[28,30,134,137,143,149],
[8,38,76,95,112,135],
[9,44,82,116,138],
[10,47,86,106,121,144],
[3,57,87,107,139],
[4,63,88,96,117],
[5,66,77,100,122,145],
[13,39,58,102,118,146],
[20,48,54,89,101,131],
[29,50,55,78,97,123],
[14,40,59,108,124,132],
[15,49,60,79,113,147],
[21,51,61,73,103,140],
[22,35,67,80,109,141],
[25,41,68,90,104,114],
[16,52,64,83,119,133],
[17,36,69,91,125,136],
[23,42,84,93,148],
[26,45,70,74,110,120],
[11,71,98,115,142]],

[[0,131,132,133,134,135],
[1,9,16,23,29],
[2,30,39,42,48,51],
[10,31,55,61,64,72],
[13,32,77,81,84,90],
[17,33,97,105,109],
[24,34,115,117,122,129],
[6,43,82,100,118,136],
[7,49,85,106,123,141],
[8,52,91,110,130,145],
[3,56,86,111,112,137],
[4,62,92,93,119,142],
[5,65,73,101,124,146],
[14,35,57,102,120,147],
[18,44,58,74,126,143],
[25,54,78,94,125],
[26,36,63,87,98,127],
[19,45,59,79,148],
[20,53,60,75,103,138],
[21,37,66,80,107,144],
[27,40,67,88,104,113],
[11,46,68,95,128,139],
[15,38,69,89,121,140],
[22,41,83,96,149],
[28,47,70,76,108,116],
[12,50,71,99,114]],

[[0,136,137,138,139,140],
[4,8,12,15,22,29],
[5,30,35,44,46,52],
[9,31,58,59,65,71],
[32,74,82,86,88],
[16,33,94,101,103,110],
[23,34,114,120,121,126],
[10,36,75,95,115,131],
[6,47,87,104,122,141],
[7,89,111,127,145],
[1,60,90,96,116,142],
[2,66,76,98,123,146],
[3,72,78,105,128,132],
[13,37,54,106,117,147],
[17,40,55,77,129,143],
[24,48,56,91,99,133],
[25,53,57,79,97,124],
[26,38,61,83,130],
[14,41,62,107,125,134],
[18,49,63,80,112,148],
[20,39,67,81,108,144],
[27,42,68,92,102],
[19,50,64,84,118,135],
[21,43,69,85,93,149],
[28,45,73,109,119],
[11,51,70,100,113]],

[[0,141,142,143,144],
[3,7,11,18,21,29],
[4,30,36,43,49,50],
[8,31,56,63,67,69],
[12,32,75,78,87,91],
[19,33,96,98,106,108],
[22,34,112,119,125,128],
[9,37,76,97,131],
[10,44,79,99,120,136],
[6,51,92,109,129,145],
[5,57,83,110,113,137],
[1,68,77,121,146],
[2,80,102,130,132],
[38,58,103,116,147],
[23,45,54,88,100,133],
[25,52,55,81,93,122],
[26,39,59,84,101,126],
[13,40,60,111,123,134],
[15,46,61,82,114,148],
[24,62,73,104,138],
[27,41,64,89,105,115],
[14,47,65,94,127,139],
[16,53,66,85,117,135],
[17,35,70,90,124,140],
[20,42,71,86,95,149],
[28,48,72,74,107,118]]

]
