[[[0,48,96],
[1,52,112],
[2,67,109],
[3,88,133],
[4,55,128],
[5,51,141],
[6,91,100],
[7,64,119],
[8,82,122],
[9,87,106],
[10,59,139],
[11,79,125],
[12,74,115],
[13,71,99],
[14,60,134],
[15,95,110],
[16,70,123],
[17,75,107],
[18,94,138],
[19,61,124],
[20,73,142],
[21,68,131],
[22,63,116],
[23,92,103],
[24,78,135],
[25,58,111],
[26,86,114],
[27,83,98],
[28,65,137],
[29,90,127],
[30,50,120],
[31,54,104],
[32,69,105],
[33,72,121],
[34,93,126],
[35,62,136],
[36,81,113],
[37,84,97],
[38,56,132],
[39,76,108],
[40,77,140],
[41,57,129],
[42,85,118],
[43,80,101],
[44,89,130],
[45,66,143],
[46,53,102],
[47,49,117]],

[[0,49,97],
[1,53,113],
[2,66,108],
[3,89,132],
[4,54,129],
[5,50,140],
[6,90,101],
[7,65,118],
[8,83,123],
[9,86,107],
[10,58,138],
[11,78,124],
[12,75,114],
[13,70,98],
[14,61,135],
[15,94,111],
[16,71,122],
[17,74,106],
[18,95,139],
[19,60,125],
[20,72,143],
[21,69,130],
[22,62,117],
[23,93,102],
[24,79,134],
[25,59,110],
[26,87,115],
[27,82,99],
[28,64,136],
[29,91,126],
[30,51,121],
[31,55,105],
[32,68,104],
[33,73,120],
[34,92,127],
[35,63,137],
[36,80,112],
[37,85,96],
[38,57,133],
[39,77,109],
[40,76,141],
[41,56,128],
[42,84,119],
[43,81,100],
[44,88,131],
[45,67,142],
[46,52,103],
[47,48,116]],

[[0,50,98],
[1,54,114],
[2,65,111],
[3,90,135],
[4,53,130],
[5,49,143],
[6,89,102],
[7,66,117],
[8,80,120],
[9,85,104],
[10,57,137],
[11,77,127],
[12,72,113],
[13,69,97],
[14,62,132],
[15,93,108],
[16,68,121],
[17,73,105],
[18,92,136],
[19,63,126],
[20,75,140],
[21,70,129],
[22,61,118],
[23,94,101],
[24,76,133],
[25,56,109],
[26,84,112],
[27,81,96],
[28,67,139],
[29,88,125],
[30,48,122],
[31,52,106],
[32,71,107],
[33,74,123],
[34,95,124],
[35,60,138],
[36,83,115],
[37,86,99],
[38,58,134],
[39,78,110],
[40,79,142],
[41,59,131],
[42,87,116],
[43,82,103],
[44,91,128],
[45,64,141],
[46,55,100],
[47,51,119]],

[[0,51,99],
[1,55,115],
[2,64,110],
[3,91,134],
[4,52,131],
[5,48,142],
[6,88,103],
[7,67,116],
[8,81,121],
[9,84,105],
[10,56,136],
[11,76,126],
[12,73,112],
[13,68,96],
[14,63,133],
[15,92,109],
[16,69,120],
[17,72,104],
[18,93,137],
[19,62,127],
[20,74,141],
[21,71,128],
[22,60,119],
[23,95,100],
[24,77,132],
[25,57,108],
[26,85,113],
[27,80,97],
[28,66,138],
[29,89,124],
[30,49,123],
[31,53,107],
[32,70,106],
[33,75,122],
[34,94,125],
[35,61,139],
[36,82,114],
[37,87,98],
[38,59,135],
[39,79,111],
[40,78,143],
[41,58,130],
[42,86,117],
[43,83,102],
[44,90,129],
[45,65,140],
[46,54,101],
[47,50,118]],

[[0,52,100],
[1,48,119],
[2,88,128],
[3,67,141],
[4,51,109],
[5,55,133],
[6,64,96],
[7,91,112],
[8,73,134],
[9,68,110],
[10,63,115],
[11,92,99],
[12,81,139],
[13,84,125],
[14,56,122],
[15,76,106],
[16,74,116],
[17,71,103],
[18,60,142],
[19,95,131],
[20,69,138],
[21,72,124],
[22,93,123],
[23,62,107],
[24,66,120],
[25,89,104],
[26,49,137],
[27,53,127],
[28,77,114],
[29,57,98],
[30,85,135],
[31,80,111],
[32,82,132],
[33,87,108],
[34,59,113],
[35,79,97],
[36,70,126],
[37,75,136],
[38,94,105],
[39,61,121],
[40,90,102],
[41,65,117],
[42,54,130],
[43,50,143],
[44,78,118],
[45,58,101],
[46,86,140],
[47,83,129]],

[[0,53,101],
[1,49,118],
[2,89,129],
[3,66,140],
[4,50,108],
[5,54,132],
[6,65,97],
[7,90,113],
[8,72,135],
[9,69,111],
[10,62,114],
[11,93,98],
[12,80,138],
[13,85,124],
[14,57,123],
[15,77,107],
[16,75,117],
[17,70,102],
[18,61,143],
[19,94,130],
[20,68,139],
[21,73,125],
[22,92,122],
[23,63,106],
[24,67,121],
[25,88,105],
[26,48,136],
[27,52,126],
[28,76,115],
[29,56,99],
[30,84,134],
[31,81,110],
[32,83,133],
[33,86,109],
[34,58,112],
[35,78,96],
[36,71,127],
[37,74,137],
[38,95,104],
[39,60,120],
[40,91,103],
[41,64,116],
[42,55,131],
[43,51,142],
[44,79,119],
[45,59,100],
[46,87,141],
[47,82,128]],

[[0,54,102],
[1,50,117],
[2,90,130],
[3,65,143],
[4,49,111],
[5,53,135],
[6,66,98],
[7,89,114],
[8,75,132],
[9,70,108],
[10,61,113],
[11,94,97],
[12,83,137],
[13,86,127],
[14,58,120],
[15,78,104],
[16,72,118],
[17,69,101],
[18,62,140],
[19,93,129],
[20,71,136],
[21,74,126],
[22,95,121],
[23,60,105],
[24,64,122],
[25,91,106],
[26,51,139],
[27,55,125],
[28,79,112],
[29,59,96],
[30,87,133],
[31,82,109],
[32,80,134],
[33,85,110],
[34,57,115],
[35,77,99],
[36,68,124],
[37,73,138],
[38,92,107],
[39,63,123],
[40,88,100],
[41,67,119],
[42,52,128],
[43,48,141],
[44,76,116],
[45,56,103],
[46,84,142],
[47,81,131]],

[[0,55,103],
[1,51,116],
[2,91,131],
[3,64,142],
[4,48,110],
[5,52,134],
[6,67,99],
[7,88,115],
[8,74,133],
[9,71,109],
[10,60,112],
[11,95,96],
[12,82,136],
[13,87,126],
[14,59,121],
[15,79,105],
[16,73,119],
[17,68,100],
[18,63,141],
[19,92,128],
[20,70,137],
[21,75,127],
[22,94,120],
[23,61,104],
[24,65,123],
[25,90,107],
[26,50,138],
[27,54,124],
[28,78,113],
[29,58,97],
[30,86,132],
[31,83,108],
[32,81,135],
[33,84,111],
[34,56,114],
[35,76,98],
[36,69,125],
[37,72,139],
[38,93,106],
[39,62,122],
[40,89,101],
[41,66,118],
[42,53,129],
[43,49,140],
[44,77,117],
[45,57,102],
[46,85,143],
[47,80,130]],

[[0,56,104],
[1,76,120],
[2,81,127],
[3,84,137],
[4,63,97],
[5,92,113],
[6,73,108],
[7,68,132],
[8,64,114],
[9,91,98],
[10,51,135],
[11,55,111],
[12,88,143],
[13,67,130],
[14,52,117],
[15,48,102],
[16,85,109],
[17,80,133],
[18,77,96],
[19,57,112],
[20,49,125],
[21,53,139],
[22,66,106],
[23,89,122],
[24,93,105],
[25,62,121],
[26,69,126],
[27,72,136],
[28,60,129],
[29,95,140],
[30,74,101],
[31,71,118],
[32,86,131],
[33,83,142],
[34,78,103],
[35,58,116],
[36,54,141],
[37,50,128],
[38,90,119],
[39,65,100],
[40,94,123],
[41,61,107],
[42,70,138],
[43,75,124],
[44,59,99],
[45,79,115],
[46,82,110],
[47,87,134]],

[[0,57,105],
[1,77,121],
[2,80,126],
[3,85,136],
[4,62,96],
[5,93,112],
[6,72,109],
[7,69,133],
[8,65,115],
[9,90,99],
[10,50,134],
[11,54,110],
[12,89,142],
[13,66,131],
[14,53,116],
[15,49,103],
[16,84,108],
[17,81,132],
[18,76,97],
[19,56,113],
[20,48,124],
[21,52,138],
[22,67,107],
[23,88,123],
[24,92,104],
[25,63,120],
[26,68,127],
[27,73,137],
[28,61,128],
[29,94,141],
[30,75,100],
[31,70,119],
[32,87,130],
[33,82,143],
[34,79,102],
[35,59,117],
[36,55,140],
[37,51,129],
[38,91,118],
[39,64,101],
[40,95,122],
[41,60,106],
[42,71,139],
[43,74,125],
[44,58,98],
[45,78,114],
[46,83,111],
[47,86,135]],

[[0,58,106],
[1,78,122],
[2,83,125],
[3,86,139],
[4,61,99],
[5,94,115],
[6,75,110],
[7,70,134],
[8,66,112],
[9,89,96],
[10,49,133],
[11,53,109],
[12,90,141],
[13,65,128],
[14,54,119],
[15,50,100],
[16,87,111],
[17,82,135],
[18,79,98],
[19,59,114],
[20,51,127],
[21,55,137],
[22,64,104],
[23,91,120],
[24,95,107],
[25,60,123],
[26,71,124],
[27,74,138],
[28,62,131],
[29,93,142],
[30,72,103],
[31,69,116],
[32,84,129],
[33,81,140],
[34,76,101],
[35,56,118],
[36,52,143],
[37,48,130],
[38,88,117],
[39,67,102],
[40,92,121],
[41,63,105],
[42,68,136],
[43,73,126],
[44,57,97],
[45,77,113],
[46,80,108],
[47,85,132]],

[[0,59,107],
[1,79,123],
[2,82,124],
[3,87,138],
[4,60,98],
[5,95,114],
[6,74,111],
[7,71,135],
[8,67,113],
[9,88,97],
[10,48,132],
[11,52,108],
[12,91,140],
[13,64,129],
[14,55,118],
[15,51,101],
[16,86,110],
[17,83,134],
[18,78,99],
[19,58,115],
[20,50,126],
[21,54,136],
[22,65,105],
[23,90,121],
[24,94,106],
[25,61,122],
[26,70,125],
[27,75,139],
[28,63,130],
[29,92,143],
[30,73,102],
[31,68,117],
[32,85,128],
[33,80,141],
[34,77,100],
[35,57,119],
[36,53,142],
[37,49,131],
[38,89,116],
[39,66,103],
[40,93,120],
[41,62,104],
[42,69,137],
[43,72,127],
[44,56,96],
[45,76,112],
[46,81,109],
[47,84,133]],

[[0,60,108],
[1,95,132],
[2,74,97],
[3,71,113],
[4,59,127],
[5,79,137],
[6,82,104],
[7,87,120],
[8,91,117],
[9,64,102],
[10,55,143],
[11,51,130],
[12,67,135],
[13,88,111],
[14,48,114],
[15,52,98],
[16,50,106],
[17,54,122],
[18,65,125],
[19,90,139],
[20,86,96],
[21,83,112],
[22,78,109],
[23,58,133],
[24,63,101],
[25,92,118],
[26,73,129],
[27,68,140],
[28,94,126],
[29,61,136],
[30,70,105],
[31,75,121],
[32,53,119],
[33,49,100],
[34,89,141],
[35,66,128],
[36,85,103],
[37,80,116],
[38,77,131],
[39,57,142],
[40,56,110],
[41,76,134],
[42,81,99],
[43,84,115],
[44,93,138],
[45,62,124],
[46,69,123],
[47,72,107]],

[[0,61,109],
[1,94,133],
[2,75,96],
[3,70,112],
[4,58,126],
[5,78,136],
[6,83,105],
[7,86,121],
[8,90,116],
[9,65,103],
[10,54,142],
[11,50,131],
[12,66,134],
[13,89,110],
[14,49,115],
[15,53,99],
[16,51,107],
[17,55,123],
[18,64,124],
[19,91,138],
[20,87,97],
[21,82,113],
[22,79,108],
[23,59,132],
[24,62,100],
[25,93,119],
[26,72,128],
[27,69,141],
[28,95,127],
[29,60,137],
[30,71,104],
[31,74,120],
[32,52,118],
[33,48,101],
[34,88,140],
[35,67,129],
[36,84,102],
[37,81,117],
[38,76,130],
[39,56,143],
[40,57,111],
[41,77,135],
[42,80,98],
[43,85,114],
[44,92,139],
[45,63,125],
[46,68,122],
[47,73,106]],

[[0,62,110],
[1,93,134],
[2,72,99],
[3,69,115],
[4,57,125],
[5,77,139],
[6,80,106],
[7,85,122],
[8,89,119],
[9,66,100],
[10,53,141],
[11,49,128],
[12,65,133],
[13,90,109],
[14,50,112],
[15,54,96],
[16,48,104],
[17,52,120],
[18,67,127],
[19,88,137],
[20,84,98],
[21,81,114],
[22,76,111],
[23,56,135],
[24,61,103],
[25,94,116],
[26,75,131],
[27,70,142],
[28,92,124],
[29,63,138],
[30,68,107],
[31,73,123],
[32,55,117],
[33,51,102],
[34,91,143],
[35,64,130],
[36,87,101],
[37,82,118],
[38,79,129],
[39,59,140],
[40,58,108],
[41,78,132],
[42,83,97],
[43,86,113],
[44,95,136],
[45,60,126],
[46,71,121],
[47,74,105]],

[[0,63,111],
[1,92,135],
[2,73,98],
[3,68,114],
[4,56,124],
[5,76,138],
[6,81,107],
[7,84,123],
[8,88,118],
[9,67,101],
[10,52,140],
[11,48,129],
[12,64,132],
[13,91,108],
[14,51,113],
[15,55,97],
[16,49,105],
[17,53,121],
[18,66,126],
[19,89,136],
[20,85,99],
[21,80,115],
[22,77,110],
[23,57,134],
[24,60,102],
[25,95,117],
[26,74,130],
[27,71,143],
[28,93,125],
[29,62,139],
[30,69,106],
[31,72,122],
[32,54,116],
[33,50,103],
[34,90,142],
[35,65,131],
[36,86,100],
[37,83,119],
[38,78,128],
[39,58,141],
[40,59,109],
[41,79,133],
[42,82,96],
[43,87,112],
[44,94,137],
[45,61,127],
[46,70,120],
[47,75,104]],

[[0,64,112],
[1,91,96],
[2,51,133],
[3,55,109],
[4,71,142],
[5,74,131],
[6,95,116],
[7,60,103],
[8,61,106],
[9,94,122],
[10,75,125],
[11,70,139],
[12,84,121],
[13,81,105],
[14,76,136],
[15,56,126],
[16,57,130],
[17,77,143],
[18,80,102],
[19,85,117],
[20,78,123],
[21,58,107],
[22,86,138],
[23,83,124],
[24,68,99],
[25,73,115],
[26,92,110],
[27,63,134],
[28,89,140],
[29,66,129],
[30,53,118],
[31,49,101],
[32,67,98],
[33,88,114],
[34,48,111],
[35,52,135],
[36,90,104],
[37,65,120],
[38,54,127],
[39,50,137],
[40,62,119],
[41,93,100],
[42,72,141],
[43,69,128],
[44,82,108],
[45,87,132],
[46,59,97],
[47,79,113]],

[[0,65,113],
[1,90,97],
[2,50,132],
[3,54,108],
[4,70,143],
[5,75,130],
[6,94,117],
[7,61,102],
[8,60,107],
[9,95,123],
[10,74,124],
[11,71,138],
[12,85,120],
[13,80,104],
[14,77,137],
[15,57,127],
[16,56,131],
[17,76,142],
[18,81,103],
[19,84,116],
[20,79,122],
[21,59,106],
[22,87,139],
[23,82,125],
[24,69,98],
[25,72,114],
[26,93,111],
[27,62,135],
[28,88,141],
[29,67,128],
[30,52,119],
[31,48,100],
[32,66,99],
[33,89,115],
[34,49,110],
[35,53,134],
[36,91,105],
[37,64,121],
[38,55,126],
[39,51,136],
[40,63,118],
[41,92,101],
[42,73,140],
[43,68,129],
[44,83,109],
[45,86,133],
[46,58,96],
[47,78,112]],

[[0,66,114],
[1,89,98],
[2,49,135],
[3,53,111],
[4,69,140],
[5,72,129],
[6,93,118],
[7,62,101],
[8,63,104],
[9,92,120],
[10,73,127],
[11,68,137],
[12,86,123],
[13,83,107],
[14,78,138],
[15,58,124],
[16,59,128],
[17,79,141],
[18,82,100],
[19,87,119],
[20,76,121],
[21,56,105],
[22,84,136],
[23,81,126],
[24,70,97],
[25,75,113],
[26,94,108],
[27,61,132],
[28,91,142],
[29,64,131],
[30,55,116],
[31,51,103],
[32,65,96],
[33,90,112],
[34,50,109],
[35,54,133],
[36,88,106],
[37,67,122],
[38,52,125],
[39,48,139],
[40,60,117],
[41,95,102],
[42,74,143],
[43,71,130],
[44,80,110],
[45,85,134],
[46,57,99],
[47,77,115]],

[[0,67,115],
[1,88,99],
[2,48,134],
[3,52,110],
[4,68,141],
[5,73,128],
[6,92,119],
[7,63,100],
[8,62,105],
[9,93,121],
[10,72,126],
[11,69,136],
[12,87,122],
[13,82,106],
[14,79,139],
[15,59,125],
[16,58,129],
[17,78,140],
[18,83,101],
[19,86,118],
[20,77,120],
[21,57,104],
[22,85,137],
[23,80,127],
[24,71,96],
[25,74,112],
[26,95,109],
[27,60,133],
[28,90,143],
[29,65,130],
[30,54,117],
[31,50,102],
[32,64,97],
[33,91,113],
[34,51,108],
[35,55,132],
[36,89,107],
[37,66,123],
[38,53,124],
[39,49,138],
[40,61,116],
[41,94,103],
[42,75,142],
[43,70,131],
[44,81,111],
[45,84,135],
[46,56,98],
[47,76,114]],

[[0,68,116],
[1,73,103],
[2,92,142],
[3,63,131],
[4,67,133],
[5,88,109],
[6,48,112],
[7,52,96],
[8,87,136],
[9,82,126],
[10,79,121],
[11,59,105],
[12,62,125],
[13,93,139],
[14,72,106],
[15,69,122],
[16,77,138],
[17,57,124],
[18,85,123],
[19,80,107],
[20,58,102],
[21,78,117],
[22,83,130],
[23,86,143],
[24,90,118],
[25,65,101],
[26,54,140],
[27,50,129],
[28,71,110],
[29,74,134],
[30,95,99],
[31,60,115],
[32,89,127],
[33,66,137],
[34,53,104],
[35,49,120],
[36,64,111],
[37,91,135],
[38,51,98],
[39,55,114],
[40,81,97],
[41,84,113],
[42,56,108],
[43,76,132],
[44,61,141],
[45,94,128],
[46,75,119],
[47,70,100]],

[[0,69,117],
[1,72,102],
[2,93,143],
[3,62,130],
[4,66,132],
[5,89,108],
[6,49,113],
[7,53,97],
[8,86,137],
[9,83,127],
[10,78,120],
[11,58,104],
[12,63,124],
[13,92,138],
[14,73,107],
[15,68,123],
[16,76,139],
[17,56,125],
[18,84,122],
[19,81,106],
[20,59,103],
[21,79,116],
[22,82,131],
[23,87,142],
[24,91,119],
[25,64,100],
[26,55,141],
[27,51,128],
[28,70,111],
[29,75,135],
[30,94,98],
[31,61,114],
[32,88,126],
[33,67,136],
[34,52,105],
[35,48,121],
[36,65,110],
[37,90,134],
[38,50,99],
[39,54,115],
[40,80,96],
[41,85,112],
[42,57,109],
[43,77,133],
[44,60,140],
[45,95,129],
[46,74,118],
[47,71,101]],

[[0,70,118],
[1,75,101],
[2,94,140],
[3,61,129],
[4,65,135],
[5,90,111],
[6,50,114],
[7,54,98],
[8,85,138],
[9,80,124],
[10,77,123],
[11,57,107],
[12,60,127],
[13,95,137],
[14,74,104],
[15,71,120],
[16,79,136],
[17,59,126],
[18,87,121],
[19,82,105],
[20,56,100],
[21,76,119],
[22,81,128],
[23,84,141],
[24,88,116],
[25,67,103],
[26,52,142],
[27,48,131],
[28,69,108],
[29,72,132],
[30,93,97],
[31,62,113],
[32,91,125],
[33,64,139],
[34,55,106],
[35,51,122],
[36,66,109],
[37,89,133],
[38,49,96],
[39,53,112],
[40,83,99],
[41,86,115],
[42,58,110],
[43,78,134],
[44,63,143],
[45,92,130],
[46,73,117],
[47,68,102]],

[[0,71,119],
[1,74,100],
[2,95,141],
[3,60,128],
[4,64,134],
[5,91,110],
[6,51,115],
[7,55,99],
[8,84,139],
[9,81,125],
[10,76,122],
[11,56,106],
[12,61,126],
[13,94,136],
[14,75,105],
[15,70,121],
[16,78,137],
[17,58,127],
[18,86,120],
[19,83,104],
[20,57,101],
[21,77,118],
[22,80,129],
[23,85,140],
[24,89,117],
[25,66,102],
[26,53,143],
[27,49,130],
[28,68,109],
[29,73,133],
[30,92,96],
[31,63,112],
[32,90,124],
[33,65,138],
[34,54,107],
[35,50,123],
[36,67,108],
[37,88,132],
[38,48,97],
[39,52,113],
[40,82,98],
[41,87,114],
[42,59,111],
[43,79,135],
[44,62,142],
[45,93,131],
[46,72,116],
[47,69,103]],

[[0,72,120],
[1,69,104],
[2,62,137],
[3,93,127],
[4,79,107],
[5,59,123],
[6,87,124],
[7,82,138],
[8,48,98],
[9,52,114],
[10,67,111],
[11,88,135],
[12,92,129],
[13,63,140],
[14,68,101],
[15,73,118],
[16,95,113],
[17,60,97],
[18,71,132],
[19,74,108],
[20,54,131],
[21,50,142],
[22,90,103],
[23,65,116],
[24,83,141],
[25,86,128],
[26,58,119],
[27,78,100],
[28,85,105],
[29,80,121],
[30,77,126],
[31,57,136],
[32,75,102],
[33,70,117],
[34,61,130],
[35,94,143],
[36,56,134],
[37,76,110],
[38,81,115],
[39,84,99],
[40,51,112],
[41,55,96],
[42,64,133],
[43,91,109],
[44,53,122],
[45,49,106],
[46,89,139],
[47,66,125]],

[[0,73,121],
[1,68,105],
[2,63,136],
[3,92,126],
[4,78,106],
[5,58,122],
[6,86,125],
[7,83,139],
[8,49,99],
[9,53,115],
[10,66,110],
[11,89,134],
[12,93,128],
[13,62,141],
[14,69,100],
[15,72,119],
[16,94,112],
[17,61,96],
[18,70,133],
[19,75,109],
[20,55,130],
[21,51,143],
[22,91,102],
[23,64,117],
[24,82,140],
[25,87,129],
[26,59,118],
[27,79,101],
[28,84,104],
[29,81,120],
[30,76,127],
[31,56,137],
[32,74,103],
[33,71,116],
[34,60,131],
[35,95,142],
[36,57,135],
[37,77,111],
[38,80,114],
[39,85,98],
[40,50,113],
[41,54,97],
[42,65,132],
[43,90,108],
[44,52,123],
[45,48,107],
[46,88,138],
[47,67,124]],

[[0,74,122],
[1,71,106],
[2,60,139],
[3,95,125],
[4,77,105],
[5,57,121],
[6,85,126],
[7,80,136],
[8,50,96],
[9,54,112],
[10,65,109],
[11,90,133],
[12,94,131],
[13,61,142],
[14,70,103],
[15,75,116],
[16,93,115],
[17,62,99],
[18,69,134],
[19,72,110],
[20,52,129],
[21,48,140],
[22,88,101],
[23,67,118],
[24,81,143],
[25,84,130],
[26,56,117],
[27,76,102],
[28,87,107],
[29,82,123],
[30,79,124],
[31,59,138],
[32,73,100],
[33,68,119],
[34,63,128],
[35,92,141],
[36,58,132],
[37,78,108],
[38,83,113],
[39,86,97],
[40,49,114],
[41,53,98],
[42,66,135],
[43,89,111],
[44,55,120],
[45,51,104],
[46,91,137],
[47,64,127]],

[[0,75,123],
[1,70,107],
[2,61,138],
[3,94,124],
[4,76,104],
[5,56,120],
[6,84,127],
[7,81,137],
[8,51,97],
[9,55,113],
[10,64,108],
[11,91,132],
[12,95,130],
[13,60,143],
[14,71,102],
[15,74,117],
[16,92,114],
[17,63,98],
[18,68,135],
[19,73,111],
[20,53,128],
[21,49,141],
[22,89,100],
[23,66,119],
[24,80,142],
[25,85,131],
[26,57,116],
[27,77,103],
[28,86,106],
[29,83,122],
[30,78,125],
[31,58,139],
[32,72,101],
[33,69,118],
[34,62,129],
[35,93,140],
[36,59,133],
[37,79,109],
[38,82,112],
[39,87,96],
[40,48,115],
[41,52,99],
[42,67,134],
[43,88,110],
[44,54,121],
[45,50,105],
[46,90,136],
[47,65,126]],

[[0,76,124],
[1,56,138],
[2,84,107],
[3,81,123],
[4,75,137],
[5,70,127],
[6,61,120],
[7,94,104],
[8,95,101],
[9,60,118],
[10,71,129],
[11,74,140],
[12,51,111],
[13,55,135],
[14,64,98],
[15,91,114],
[16,53,103],
[17,49,116],
[18,89,131],
[19,66,142],
[20,92,132],
[21,63,108],
[22,68,113],
[23,73,97],
[24,86,126],
[25,83,136],
[26,78,105],
[27,58,121],
[28,80,119],
[29,85,100],
[30,57,141],
[31,77,128],
[32,59,115],
[33,79,99],
[34,82,134],
[35,87,110],
[36,72,130],
[37,69,143],
[38,62,102],
[39,93,117],
[40,54,139],
[41,50,125],
[42,90,122],
[43,65,106],
[44,48,133],
[45,52,109],
[46,67,112],
[47,88,96]],

[[0,77,125],
[1,57,139],
[2,85,106],
[3,80,122],
[4,74,136],
[5,71,126],
[6,60,121],
[7,95,105],
[8,94,100],
[9,61,119],
[10,70,128],
[11,75,141],
[12,50,110],
[13,54,134],
[14,65,99],
[15,90,115],
[16,52,102],
[17,48,117],
[18,88,130],
[19,67,143],
[20,93,133],
[21,62,109],
[22,69,112],
[23,72,96],
[24,87,127],
[25,82,137],
[26,79,104],
[27,59,120],
[28,81,118],
[29,84,101],
[30,56,140],
[31,76,129],
[32,58,114],
[33,78,98],
[34,83,135],
[35,86,111],
[36,73,131],
[37,68,142],
[38,63,103],
[39,92,116],
[40,55,138],
[41,51,124],
[42,91,123],
[43,64,107],
[44,49,132],
[45,53,108],
[46,66,113],
[47,89,97]],

[[0,78,126],
[1,58,136],
[2,86,105],
[3,83,121],
[4,73,139],
[5,68,125],
[6,63,122],
[7,92,106],
[8,93,103],
[9,62,116],
[10,69,131],
[11,72,142],
[12,49,109],
[13,53,133],
[14,66,96],
[15,89,112],
[16,55,101],
[17,51,118],
[18,91,129],
[19,64,140],
[20,94,134],
[21,61,110],
[22,70,115],
[23,75,99],
[24,84,124],
[25,81,138],
[26,76,107],
[27,56,123],
[28,82,117],
[29,87,102],
[30,59,143],
[31,79,130],
[32,57,113],
[33,77,97],
[34,80,132],
[35,85,108],
[36,74,128],
[37,71,141],
[38,60,100],
[39,95,119],
[40,52,137],
[41,48,127],
[42,88,120],
[43,67,104],
[44,50,135],
[45,54,111],
[46,65,114],
[47,90,98]],

[[0,79,127],
[1,59,137],
[2,87,104],
[3,82,120],
[4,72,138],
[5,69,124],
[6,62,123],
[7,93,107],
[8,92,102],
[9,63,117],
[10,68,130],
[11,73,143],
[12,48,108],
[13,52,132],
[14,67,97],
[15,88,113],
[16,54,100],
[17,50,119],
[18,90,128],
[19,65,141],
[20,95,135],
[21,60,111],
[22,71,114],
[23,74,98],
[24,85,125],
[25,80,139],
[26,77,106],
[27,57,122],
[28,83,116],
[29,86,103],
[30,58,142],
[31,78,131],
[32,56,112],
[33,76,96],
[34,81,133],
[35,84,109],
[36,75,129],
[37,70,140],
[38,61,101],
[39,94,118],
[40,53,136],
[41,49,126],
[42,89,121],
[43,66,105],
[44,51,134],
[45,55,110],
[46,64,115],
[47,91,99]],

[[0,80,128],
[1,85,141],
[2,57,100],
[3,77,119],
[4,87,113],
[5,82,97],
[6,79,132],
[7,59,108],
[8,55,124],
[9,51,138],
[10,91,107],
[11,64,123],
[12,68,103],
[13,73,116],
[14,92,131],
[15,63,142],
[16,83,143],
[17,86,130],
[18,58,117],
[19,78,102],
[20,66,104],
[21,89,120],
[22,49,127],
[23,53,137],
[24,52,115],
[25,48,99],
[26,88,134],
[27,67,110],
[28,74,96],
[29,71,112],
[30,60,109],
[31,95,133],
[32,94,121],
[33,61,105],
[34,70,136],
[35,75,126],
[36,62,98],
[37,93,114],
[38,72,111],
[39,69,135],
[40,65,129],
[41,90,140],
[42,50,101],
[43,54,118],
[44,84,106],
[45,81,122],
[46,76,125],
[47,56,139]],

[[0,81,129],
[1,84,140],
[2,56,101],
[3,76,118],
[4,86,112],
[5,83,96],
[6,78,133],
[7,58,109],
[8,54,125],
[9,50,139],
[10,90,106],
[11,65,122],
[12,69,102],
[13,72,117],
[14,93,130],
[15,62,143],
[16,82,142],
[17,87,131],
[18,59,116],
[19,79,103],
[20,67,105],
[21,88,121],
[22,48,126],
[23,52,136],
[24,53,114],
[25,49,98],
[26,89,135],
[27,66,111],
[28,75,97],
[29,70,113],
[30,61,108],
[31,94,132],
[32,95,120],
[33,60,104],
[34,71,137],
[35,74,127],
[36,63,99],
[37,92,115],
[38,73,110],
[39,68,134],
[40,64,128],
[41,91,141],
[42,51,100],
[43,55,119],
[44,85,107],
[45,80,123],
[46,77,124],
[47,57,138]],

[[0,82,130],
[1,87,143],
[2,59,102],
[3,79,117],
[4,85,115],
[5,80,99],
[6,77,134],
[7,57,110],
[8,53,126],
[9,49,136],
[10,89,105],
[11,66,121],
[12,70,101],
[13,75,118],
[14,94,129],
[15,61,140],
[16,81,141],
[17,84,128],
[18,56,119],
[19,76,100],
[20,64,106],
[21,91,122],
[22,51,125],
[23,55,139],
[24,54,113],
[25,50,97],
[26,90,132],
[27,65,108],
[28,72,98],
[29,69,114],
[30,62,111],
[31,93,135],
[32,92,123],
[33,63,107],
[34,68,138],
[35,73,124],
[36,60,96],
[37,95,112],
[38,74,109],
[39,71,133],
[40,67,131],
[41,88,142],
[42,48,103],
[43,52,116],
[44,86,104],
[45,83,120],
[46,78,127],
[47,58,137]],

[[0,83,131],
[1,86,142],
[2,58,103],
[3,78,116],
[4,84,114],
[5,81,98],
[6,76,135],
[7,56,111],
[8,52,127],
[9,48,137],
[10,88,104],
[11,67,120],
[12,71,100],
[13,74,119],
[14,95,128],
[15,60,141],
[16,80,140],
[17,85,129],
[18,57,118],
[19,77,101],
[20,65,107],
[21,90,123],
[22,50,124],
[23,54,138],
[24,55,112],
[25,51,96],
[26,91,133],
[27,64,109],
[28,73,99],
[29,68,115],
[30,63,110],
[31,92,134],
[32,93,122],
[33,62,106],
[34,69,139],
[35,72,125],
[36,61,97],
[37,94,113],
[38,75,108],
[39,70,132],
[40,66,130],
[41,89,143],
[42,49,102],
[43,53,117],
[44,87,105],
[45,82,121],
[46,79,126],
[47,59,136]],

[[0,84,132],
[1,81,108],
[2,76,113],
[3,56,97],
[4,83,100],
[5,86,119],
[6,58,128],
[7,78,141],
[8,71,131],
[9,74,142],
[10,95,103],
[11,60,116],
[12,52,107],
[13,48,123],
[14,88,124],
[15,67,138],
[16,65,127],
[17,90,137],
[18,50,104],
[19,54,120],
[20,80,117],
[21,85,102],
[22,57,143],
[23,77,130],
[24,73,109],
[25,68,133],
[26,63,96],
[27,92,112],
[28,55,134],
[29,51,110],
[30,91,115],
[31,64,99],
[32,61,111],
[33,94,135],
[34,75,98],
[35,70,114],
[36,93,136],
[37,62,126],
[38,69,121],
[39,72,105],
[40,87,125],
[41,82,139],
[42,79,106],
[43,59,122],
[44,66,101],
[45,89,118],
[46,49,129],
[47,53,140]],

[[0,85,133],
[1,80,109],
[2,77,112],
[3,57,96],
[4,82,101],
[5,87,118],
[6,59,129],
[7,79,140],
[8,70,130],
[9,75,143],
[10,94,102],
[11,61,117],
[12,53,106],
[13,49,122],
[14,89,125],
[15,66,139],
[16,64,126],
[17,91,136],
[18,51,105],
[19,55,121],
[20,81,116],
[21,84,103],
[22,56,142],
[23,76,131],
[24,72,108],
[25,69,132],
[26,62,97],
[27,93,113],
[28,54,135],
[29,50,111],
[30,90,114],
[31,65,98],
[32,60,110],
[33,95,134],
[34,74,99],
[35,71,115],
[36,92,137],
[37,63,127],
[38,68,120],
[39,73,104],
[40,86,124],
[41,83,138],
[42,78,107],
[43,58,123],
[44,67,100],
[45,88,119],
[46,48,128],
[47,52,141]],

[[0,86,134],
[1,83,110],
[2,78,115],
[3,58,99],
[4,81,102],
[5,84,117],
[6,56,130],
[7,76,143],
[8,69,129],
[9,72,140],
[10,93,101],
[11,62,118],
[12,54,105],
[13,50,121],
[14,90,126],
[15,65,136],
[16,67,125],
[17,88,139],
[18,48,106],
[19,52,122],
[20,82,119],
[21,87,100],
[22,59,141],
[23,79,128],
[24,75,111],
[25,70,135],
[26,61,98],
[27,94,114],
[28,53,132],
[29,49,108],
[30,89,113],
[31,66,97],
[32,63,109],
[33,92,133],
[34,73,96],
[35,68,112],
[36,95,138],
[37,60,124],
[38,71,123],
[39,74,107],
[40,85,127],
[41,80,137],
[42,77,104],
[43,57,120],
[44,64,103],
[45,91,116],
[46,51,131],
[47,55,142]],

[[0,87,135],
[1,82,111],
[2,79,114],
[3,59,98],
[4,80,103],
[5,85,116],
[6,57,131],
[7,77,142],
[8,68,128],
[9,73,141],
[10,92,100],
[11,63,119],
[12,55,104],
[13,51,120],
[14,91,127],
[15,64,137],
[16,66,124],
[17,89,138],
[18,49,107],
[19,53,123],
[20,83,118],
[21,86,101],
[22,58,140],
[23,78,129],
[24,74,110],
[25,71,134],
[26,60,99],
[27,95,115],
[28,52,133],
[29,48,109],
[30,88,112],
[31,67,96],
[32,62,108],
[33,93,132],
[34,72,97],
[35,69,113],
[36,94,139],
[37,61,125],
[38,70,122],
[39,75,106],
[40,84,126],
[41,81,136],
[42,76,105],
[43,56,121],
[44,65,102],
[45,90,117],
[46,50,130],
[47,54,143]],

[[0,88,136],
[1,67,126],
[2,52,121],
[3,48,105],
[4,95,118],
[5,60,101],
[6,71,140],
[7,74,129],
[8,58,143],
[9,78,130],
[10,83,117],
[11,86,102],
[12,76,99],
[13,56,115],
[14,84,110],
[15,81,134],
[16,91,97],
[17,64,113],
[18,55,108],
[19,51,132],
[20,63,114],
[21,92,98],
[22,73,135],
[23,68,111],
[24,57,128],
[25,77,141],
[26,80,100],
[27,85,119],
[28,50,122],
[29,54,106],
[30,65,139],
[31,90,125],
[32,49,142],
[33,53,131],
[34,66,116],
[35,89,103],
[36,79,120],
[37,59,104],
[38,87,137],
[39,82,127],
[40,69,107],
[41,72,123],
[42,93,124],
[43,62,138],
[44,75,112],
[45,70,96],
[46,61,133],
[47,94,109]],

[[0,89,137],
[1,66,127],
[2,53,120],
[3,49,104],
[4,94,119],
[5,61,100],
[6,70,141],
[7,75,128],
[8,59,142],
[9,79,131],
[10,82,116],
[11,87,103],
[12,77,98],
[13,57,114],
[14,85,111],
[15,80,135],
[16,90,96],
[17,65,112],
[18,54,109],
[19,50,133],
[20,62,115],
[21,93,99],
[22,72,134],
[23,69,110],
[24,56,129],
[25,76,140],
[26,81,101],
[27,84,118],
[28,51,123],
[29,55,107],
[30,64,138],
[31,91,124],
[32,48,143],
[33,52,130],
[34,67,117],
[35,88,102],
[36,78,121],
[37,58,105],
[38,86,136],
[39,83,126],
[40,68,106],
[41,73,122],
[42,92,125],
[43,63,139],
[44,74,113],
[45,71,97],
[46,60,132],
[47,95,108]],

[[0,90,138],
[1,65,124],
[2,54,123],
[3,50,107],
[4,93,116],
[5,62,103],
[6,69,142],
[7,72,131],
[8,56,141],
[9,76,128],
[10,81,119],
[11,84,100],
[12,78,97],
[13,58,113],
[14,86,108],
[15,83,132],
[16,89,99],
[17,66,115],
[18,53,110],
[19,49,134],
[20,61,112],
[21,94,96],
[22,75,133],
[23,70,109],
[24,59,130],
[25,79,143],
[26,82,102],
[27,87,117],
[28,48,120],
[29,52,104],
[30,67,137],
[31,88,127],
[32,51,140],
[33,55,129],
[34,64,118],
[35,91,101],
[36,77,122],
[37,57,106],
[38,85,139],
[39,80,125],
[40,71,105],
[41,74,121],
[42,95,126],
[43,60,136],
[44,73,114],
[45,68,98],
[46,63,135],
[47,92,111]],

[[0,91,139],
[1,64,125],
[2,55,122],
[3,51,106],
[4,92,117],
[5,63,102],
[6,68,143],
[7,73,130],
[8,57,140],
[9,77,129],
[10,80,118],
[11,85,101],
[12,79,96],
[13,59,112],
[14,87,109],
[15,82,133],
[16,88,98],
[17,67,114],
[18,52,111],
[19,48,135],
[20,60,113],
[21,95,97],
[22,74,132],
[23,71,108],
[24,58,131],
[25,78,142],
[26,83,103],
[27,86,116],
[28,49,121],
[29,53,105],
[30,66,136],
[31,89,126],
[32,50,141],
[33,54,128],
[34,65,119],
[35,90,100],
[36,76,123],
[37,56,107],
[38,84,138],
[39,81,124],
[40,70,104],
[41,75,120],
[42,94,127],
[43,61,137],
[44,72,115],
[45,69,99],
[46,62,134],
[47,93,110]],

[[0,92,140],
[1,63,129],
[2,68,118],
[3,73,101],
[4,91,121],
[5,64,105],
[6,55,136],
[7,51,126],
[8,79,110],
[9,59,134],
[10,87,99],
[11,82,115],
[12,57,117],
[13,77,102],
[14,80,143],
[15,85,130],
[16,60,135],
[17,95,111],
[18,74,114],
[19,71,98],
[20,88,108],
[21,67,132],
[22,52,97],
[23,48,113],
[24,49,139],
[25,53,125],
[26,66,122],
[27,89,106],
[28,58,100],
[29,78,119],
[30,83,128],
[31,86,141],
[32,76,137],
[33,56,127],
[34,84,120],
[35,81,104],
[36,50,116],
[37,54,103],
[38,65,142],
[39,90,131],
[40,72,133],
[41,69,109],
[42,62,112],
[43,93,96],
[44,70,124],
[45,75,138],
[46,94,107],
[47,61,123]],

[[0,93,141],
[1,62,128],
[2,69,119],
[3,72,100],
[4,90,120],
[5,65,104],
[6,54,137],
[7,50,127],
[8,78,111],
[9,58,135],
[10,86,98],
[11,83,114],
[12,56,116],
[13,76,103],
[14,81,142],
[15,84,131],
[16,61,134],
[17,94,110],
[18,75,115],
[19,70,99],
[20,89,109],
[21,66,133],
[22,53,96],
[23,49,112],
[24,48,138],
[25,52,124],
[26,67,123],
[27,88,107],
[28,59,101],
[29,79,118],
[30,82,129],
[31,87,140],
[32,77,136],
[33,57,126],
[34,85,121],
[35,80,105],
[36,51,117],
[37,55,102],
[38,64,143],
[39,91,130],
[40,73,132],
[41,68,108],
[42,63,113],
[43,92,97],
[44,71,125],
[45,74,139],
[46,95,106],
[47,60,122]],

[[0,94,142],
[1,61,131],
[2,70,116],
[3,75,103],
[4,89,123],
[5,66,107],
[6,53,138],
[7,49,124],
[8,77,108],
[9,57,132],
[10,85,97],
[11,80,113],
[12,59,119],
[13,79,100],
[14,82,141],
[15,87,128],
[16,62,133],
[17,93,109],
[18,72,112],
[19,69,96],
[20,90,110],
[21,65,134],
[22,54,99],
[23,50,115],
[24,51,137],
[25,55,127],
[26,64,120],
[27,91,104],
[28,56,102],
[29,76,117],
[30,81,130],
[31,84,143],
[32,78,139],
[33,58,125],
[34,86,122],
[35,83,106],
[36,48,118],
[37,52,101],
[38,67,140],
[39,88,129],
[40,74,135],
[41,71,111],
[42,60,114],
[43,95,98],
[44,68,126],
[45,73,136],
[46,92,105],
[47,63,121]],

[[0,95,143],
[1,60,130],
[2,71,117],
[3,74,102],
[4,88,122],
[5,67,106],
[6,52,139],
[7,48,125],
[8,76,109],
[9,56,133],
[10,84,96],
[11,81,112],
[12,58,118],
[13,78,101],
[14,83,140],
[15,86,129],
[16,63,132],
[17,92,108],
[18,73,113],
[19,68,97],
[20,91,111],
[21,64,135],
[22,55,98],
[23,51,114],
[24,50,136],
[25,54,126],
[26,65,121],
[27,90,105],
[28,57,103],
[29,77,116],
[30,80,131],
[31,85,142],
[32,79,138],
[33,59,124],
[34,87,123],
[35,82,107],
[36,49,119],
[37,53,100],
[38,66,141],
[39,89,128],
[40,75,134],
[41,70,110],
[42,61,115],
[43,94,99],
[44,69,127],
[45,72,137],
[46,93,104],
[47,62,120]],

[[14,23,46],
[1,2,4],
[5,10,20],
[3,7,45],
[6,15,37],
[8,19,42],
[9,16,36],
[11,17,24],
[22,38,47],
[25,26,28],
[29,34,44],
[21,27,31],
[13,30,39],
[18,32,43],
[12,33,40],
[0,35,41],
[62,71,94],
[49,50,52],
[53,58,68],
[51,55,93],
[54,63,85],
[56,67,90],
[57,64,84],
[59,65,72],
[70,86,95],
[73,74,76],
[77,82,92],
[69,75,79],
[61,78,87],
[66,80,91],
[60,81,88],
[48,83,89],
[110,119,142],
[97,98,100],
[101,106,116],
[99,103,141],
[102,111,133],
[104,115,138],
[105,112,132],
[107,113,120],
[118,134,143],
[121,122,124],
[125,130,140],
[117,123,127],
[109,126,135],
[114,128,139],
[108,129,136],
[96,131,137]],

[[15,23,24],
[2,3,5],
[6,11,21],
[4,8,46],
[7,16,38],
[9,20,43],
[10,17,37],
[12,18,25],
[0,39,47],
[26,27,29],
[30,35,45],
[22,28,32],
[14,31,40],
[19,33,44],
[13,34,41],
[1,36,42],
[63,71,72],
[50,51,53],
[54,59,69],
[52,56,94],
[55,64,86],
[57,68,91],
[58,65,85],
[60,66,73],
[48,87,95],
[74,75,77],
[78,83,93],
[70,76,80],
[62,79,88],
[67,81,92],
[61,82,89],
[49,84,90],
[111,119,120],
[98,99,101],
[102,107,117],
[100,104,142],
[103,112,134],
[105,116,139],
[106,113,133],
[108,114,121],
[96,135,143],
[122,123,125],
[126,131,141],
[118,124,128],
[110,127,136],
[115,129,140],
[109,130,137],
[97,132,138]],

[[16,23,25],
[3,4,6],
[7,12,22],
[5,9,24],
[8,17,39],
[10,21,44],
[11,18,38],
[13,19,26],
[1,40,47],
[27,28,30],
[31,36,46],
[0,29,33],
[15,32,41],
[20,34,45],
[14,35,42],
[2,37,43],
[64,71,73],
[51,52,54],
[55,60,70],
[53,57,72],
[56,65,87],
[58,69,92],
[59,66,86],
[61,67,74],
[49,88,95],
[75,76,78],
[79,84,94],
[48,77,81],
[63,80,89],
[68,82,93],
[62,83,90],
[50,85,91],
[112,119,121],
[99,100,102],
[103,108,118],
[101,105,120],
[104,113,135],
[106,117,140],
[107,114,134],
[109,115,122],
[97,136,143],
[123,124,126],
[127,132,142],
[96,125,129],
[111,128,137],
[116,130,141],
[110,131,138],
[98,133,139]],

[[17,23,26],
[4,5,7],
[0,8,13],
[6,10,25],
[9,18,40],
[11,22,45],
[12,19,39],
[14,20,27],
[2,41,47],
[28,29,31],
[24,32,37],
[1,30,34],
[16,33,42],
[21,35,46],
[15,36,43],
[3,38,44],
[65,71,74],
[52,53,55],
[48,56,61],
[54,58,73],
[57,66,88],
[59,70,93],
[60,67,87],
[62,68,75],
[50,89,95],
[76,77,79],
[72,80,85],
[49,78,82],
[64,81,90],
[69,83,94],
[63,84,91],
[51,86,92],
[113,119,122],
[100,101,103],
[96,104,109],
[102,106,121],
[105,114,136],
[107,118,141],
[108,115,135],
[110,116,123],
[98,137,143],
[124,125,127],
[120,128,133],
[97,126,130],
[112,129,138],
[117,131,142],
[111,132,139],
[99,134,140]],

[[18,23,27],
[5,6,8],
[1,9,14],
[7,11,26],
[10,19,41],
[0,12,46],
[13,20,40],
[15,21,28],
[3,42,47],
[29,30,32],
[25,33,38],
[2,31,35],
[17,34,43],
[22,24,36],
[16,37,44],
[4,39,45],
[66,71,75],
[53,54,56],
[49,57,62],
[55,59,74],
[58,67,89],
[48,60,94],
[61,68,88],
[63,69,76],
[51,90,95],
[77,78,80],
[73,81,86],
[50,79,83],
[65,82,91],
[70,72,84],
[64,85,92],
[52,87,93],
[114,119,123],
[101,102,104],
[97,105,110],
[103,107,122],
[106,115,137],
[96,108,142],
[109,116,136],
[111,117,124],
[99,138,143],
[125,126,128],
[121,129,134],
[98,127,131],
[113,130,139],
[118,120,132],
[112,133,140],
[100,135,141]],

[[19,23,28],
[6,7,9],
[2,10,15],
[8,12,27],
[11,20,42],
[1,13,24],
[14,21,41],
[16,22,29],
[4,43,47],
[30,31,33],
[26,34,39],
[3,32,36],
[18,35,44],
[0,25,37],
[17,38,45],
[5,40,46],
[67,71,76],
[54,55,57],
[50,58,63],
[56,60,75],
[59,68,90],
[49,61,72],
[62,69,89],
[64,70,77],
[52,91,95],
[78,79,81],
[74,82,87],
[51,80,84],
[66,83,92],
[48,73,85],
[65,86,93],
[53,88,94],
[115,119,124],
[102,103,105],
[98,106,111],
[104,108,123],
[107,116,138],
[97,109,120],
[110,117,137],
[112,118,125],
[100,139,143],
[126,127,129],
[122,130,135],
[99,128,132],
[114,131,140],
[96,121,133],
[113,134,141],
[101,136,142]],

[[20,23,29],
[7,8,10],
[3,11,16],
[9,13,28],
[12,21,43],
[2,14,25],
[15,22,42],
[0,17,30],
[5,44,47],
[31,32,34],
[27,35,40],
[4,33,37],
[19,36,45],
[1,26,38],
[18,39,46],
[6,24,41],
[68,71,77],
[55,56,58],
[51,59,64],
[57,61,76],
[60,69,91],
[50,62,73],
[63,70,90],
[48,65,78],
[53,92,95],
[79,80,82],
[75,83,88],
[52,81,85],
[67,84,93],
[49,74,86],
[66,87,94],
[54,72,89],
[116,119,125],
[103,104,106],
[99,107,112],
[105,109,124],
[108,117,139],
[98,110,121],
[111,118,138],
[96,113,126],
[101,140,143],
[127,128,130],
[123,131,136],
[100,129,133],
[115,132,141],
[97,122,134],
[114,135,142],
[102,120,137]],

[[21,23,30],
[8,9,11],
[4,12,17],
[10,14,29],
[13,22,44],
[3,15,26],
[0,16,43],
[1,18,31],
[6,45,47],
[32,33,35],
[28,36,41],
[5,34,38],
[20,37,46],
[2,27,39],
[19,24,40],
[7,25,42],
[69,71,78],
[56,57,59],
[52,60,65],
[58,62,77],
[61,70,92],
[51,63,74],
[48,64,91],
[49,66,79],
[54,93,95],
[80,81,83],
[76,84,89],
[53,82,86],
[68,85,94],
[50,75,87],
[67,72,88],
[55,73,90],
[117,119,126],
[104,105,107],
[100,108,113],
[106,110,125],
[109,118,140],
[99,111,122],
[96,112,139],
[97,114,127],
[102,141,143],
[128,129,131],
[124,132,137],
[101,130,134],
[116,133,142],
[98,123,135],
[115,120,136],
[103,121,138]],

[[22,23,31],
[9,10,12],
[5,13,18],
[11,15,30],
[0,14,45],
[4,16,27],
[1,17,44],
[2,19,32],
[7,46,47],
[33,34,36],
[29,37,42],
[6,35,39],
[21,24,38],
[3,28,40],
[20,25,41],
[8,26,43],
[70,71,79],
[57,58,60],
[53,61,66],
[59,63,78],
[48,62,93],
[52,64,75],
[49,65,92],
[50,67,80],
[55,94,95],
[81,82,84],
[77,85,90],
[54,83,87],
[69,72,86],
[51,76,88],
[68,73,89],
[56,74,91],
[118,119,127],
[105,106,108],
[101,109,114],
[107,111,126],
[96,110,141],
[100,112,123],
[97,113,140],
[98,115,128],
[103,142,143],
[129,130,132],
[125,133,138],
[102,131,135],
[117,120,134],
[99,124,136],
[116,121,137],
[104,122,139]],

[[0,23,32],
[10,11,13],
[6,14,19],
[12,16,31],
[1,15,46],
[5,17,28],
[2,18,45],
[3,20,33],
[8,24,47],
[34,35,37],
[30,38,43],
[7,36,40],
[22,25,39],
[4,29,41],
[21,26,42],
[9,27,44],
[48,71,80],
[58,59,61],
[54,62,67],
[60,64,79],
[49,63,94],
[53,65,76],
[50,66,93],
[51,68,81],
[56,72,95],
[82,83,85],
[78,86,91],
[55,84,88],
[70,73,87],
[52,77,89],
[69,74,90],
[57,75,92],
[96,119,128],
[106,107,109],
[102,110,115],
[108,112,127],
[97,111,142],
[101,113,124],
[98,114,141],
[99,116,129],
[104,120,143],
[130,131,133],
[126,134,139],
[103,132,136],
[118,121,135],
[100,125,137],
[117,122,138],
[105,123,140]],

[[1,23,33],
[11,12,14],
[7,15,20],
[13,17,32],
[2,16,24],
[6,18,29],
[3,19,46],
[4,21,34],
[9,25,47],
[35,36,38],
[31,39,44],
[8,37,41],
[0,26,40],
[5,30,42],
[22,27,43],
[10,28,45],
[49,71,81],
[59,60,62],
[55,63,68],
[61,65,80],
[50,64,72],
[54,66,77],
[51,67,94],
[52,69,82],
[57,73,95],
[83,84,86],
[79,87,92],
[56,85,89],
[48,74,88],
[53,78,90],
[70,75,91],
[58,76,93],
[97,119,129],
[107,108,110],
[103,111,116],
[109,113,128],
[98,112,120],
[102,114,125],
[99,115,142],
[100,117,130],
[105,121,143],
[131,132,134],
[127,135,140],
[104,133,137],
[96,122,136],
[101,126,138],
[118,123,139],
[106,124,141]],

[[2,23,34],
[12,13,15],
[8,16,21],
[14,18,33],
[3,17,25],
[7,19,30],
[4,20,24],
[5,22,35],
[10,26,47],
[36,37,39],
[32,40,45],
[9,38,42],
[1,27,41],
[6,31,43],
[0,28,44],
[11,29,46],
[50,71,82],
[60,61,63],
[56,64,69],
[62,66,81],
[51,65,73],
[55,67,78],
[52,68,72],
[53,70,83],
[58,74,95],
[84,85,87],
[80,88,93],
[57,86,90],
[49,75,89],
[54,79,91],
[48,76,92],
[59,77,94],
[98,119,130],
[108,109,111],
[104,112,117],
[110,114,129],
[99,113,121],
[103,115,126],
[100,116,120],
[101,118,131],
[106,122,143],
[132,133,135],
[128,136,141],
[105,134,138],
[97,123,137],
[102,127,139],
[96,124,140],
[107,125,142]],

[[3,23,35],
[13,14,16],
[9,17,22],
[15,19,34],
[4,18,26],
[8,20,31],
[5,21,25],
[0,6,36],
[11,27,47],
[37,38,40],
[33,41,46],
[10,39,43],
[2,28,42],
[7,32,44],
[1,29,45],
[12,24,30],
[51,71,83],
[61,62,64],
[57,65,70],
[63,67,82],
[52,66,74],
[56,68,79],
[53,69,73],
[48,54,84],
[59,75,95],
[85,86,88],
[81,89,94],
[58,87,91],
[50,76,90],
[55,80,92],
[49,77,93],
[60,72,78],
[99,119,131],
[109,110,112],
[105,113,118],
[111,115,130],
[100,114,122],
[104,116,127],
[101,117,121],
[96,102,132],
[107,123,143],
[133,134,136],
[129,137,142],
[106,135,139],
[98,124,138],
[103,128,140],
[97,125,141],
[108,120,126]],

[[4,23,36],
[14,15,17],
[0,10,18],
[16,20,35],
[5,19,27],
[9,21,32],
[6,22,26],
[1,7,37],
[12,28,47],
[38,39,41],
[24,34,42],
[11,40,44],
[3,29,43],
[8,33,45],
[2,30,46],
[13,25,31],
[52,71,84],
[62,63,65],
[48,58,66],
[64,68,83],
[53,67,75],
[57,69,80],
[54,70,74],
[49,55,85],
[60,76,95],
[86,87,89],
[72,82,90],
[59,88,92],
[51,77,91],
[56,81,93],
[50,78,94],
[61,73,79],
[100,119,132],
[110,111,113],
[96,106,114],
[112,116,131],
[101,115,123],
[105,117,128],
[102,118,122],
[97,103,133],
[108,124,143],
[134,135,137],
[120,130,138],
[107,136,140],
[99,125,139],
[104,129,141],
[98,126,142],
[109,121,127]],

[[5,23,37],
[15,16,18],
[1,11,19],
[17,21,36],
[6,20,28],
[10,22,33],
[0,7,27],
[2,8,38],
[13,29,47],
[39,40,42],
[25,35,43],
[12,41,45],
[4,30,44],
[9,34,46],
[3,24,31],
[14,26,32],
[53,71,85],
[63,64,66],
[49,59,67],
[65,69,84],
[54,68,76],
[58,70,81],
[48,55,75],
[50,56,86],
[61,77,95],
[87,88,90],
[73,83,91],
[60,89,93],
[52,78,92],
[57,82,94],
[51,72,79],
[62,74,80],
[101,119,133],
[111,112,114],
[97,107,115],
[113,117,132],
[102,116,124],
[106,118,129],
[96,103,123],
[98,104,134],
[109,125,143],
[135,136,138],
[121,131,139],
[108,137,141],
[100,126,140],
[105,130,142],
[99,120,127],
[110,122,128]],

[[6,23,38],
[16,17,19],
[2,12,20],
[18,22,37],
[7,21,29],
[0,11,34],
[1,8,28],
[3,9,39],
[14,30,47],
[40,41,43],
[26,36,44],
[13,42,46],
[5,31,45],
[10,24,35],
[4,25,32],
[15,27,33],
[54,71,86],
[64,65,67],
[50,60,68],
[66,70,85],
[55,69,77],
[48,59,82],
[49,56,76],
[51,57,87],
[62,78,95],
[88,89,91],
[74,84,92],
[61,90,94],
[53,79,93],
[58,72,83],
[52,73,80],
[63,75,81],
[102,119,134],
[112,113,115],
[98,108,116],
[114,118,133],
[103,117,125],
[96,107,130],
[97,104,124],
[99,105,135],
[110,126,143],
[136,137,139],
[122,132,140],
[109,138,142],
[101,127,141],
[106,120,131],
[100,121,128],
[111,123,129]],

[[7,23,39],
[17,18,20],
[3,13,21],
[0,19,38],
[8,22,30],
[1,12,35],
[2,9,29],
[4,10,40],
[15,31,47],
[41,42,44],
[27,37,45],
[14,24,43],
[6,32,46],
[11,25,36],
[5,26,33],
[16,28,34],
[55,71,87],
[65,66,68],
[51,61,69],
[48,67,86],
[56,70,78],
[49,60,83],
[50,57,77],
[52,58,88],
[63,79,95],
[89,90,92],
[75,85,93],
[62,72,91],
[54,80,94],
[59,73,84],
[53,74,81],
[64,76,82],
[103,119,135],
[113,114,116],
[99,109,117],
[96,115,134],
[104,118,126],
[97,108,131],
[98,105,125],
[100,106,136],
[111,127,143],
[137,138,140],
[123,133,141],
[110,120,139],
[102,128,142],
[107,121,132],
[101,122,129],
[112,124,130]],

[[8,23,40],
[18,19,21],
[4,14,22],
[1,20,39],
[0,9,31],
[2,13,36],
[3,10,30],
[5,11,41],
[16,32,47],
[42,43,45],
[28,38,46],
[15,25,44],
[7,24,33],
[12,26,37],
[6,27,34],
[17,29,35],
[56,71,88],
[66,67,69],
[52,62,70],
[49,68,87],
[48,57,79],
[50,61,84],
[51,58,78],
[53,59,89],
[64,80,95],
[90,91,93],
[76,86,94],
[63,73,92],
[55,72,81],
[60,74,85],
[54,75,82],
[65,77,83],
[104,119,136],
[114,115,117],
[100,110,118],
[97,116,135],
[96,105,127],
[98,109,132],
[99,106,126],
[101,107,137],
[112,128,143],
[138,139,141],
[124,134,142],
[111,121,140],
[103,120,129],
[108,122,133],
[102,123,130],
[113,125,131]],

[[9,23,41],
[19,20,22],
[0,5,15],
[2,21,40],
[1,10,32],
[3,14,37],
[4,11,31],
[6,12,42],
[17,33,47],
[43,44,46],
[24,29,39],
[16,26,45],
[8,25,34],
[13,27,38],
[7,28,35],
[18,30,36],
[57,71,89],
[67,68,70],
[48,53,63],
[50,69,88],
[49,58,80],
[51,62,85],
[52,59,79],
[54,60,90],
[65,81,95],
[91,92,94],
[72,77,87],
[64,74,93],
[56,73,82],
[61,75,86],
[55,76,83],
[66,78,84],
[105,119,137],
[115,116,118],
[96,101,111],
[98,117,136],
[97,106,128],
[99,110,133],
[100,107,127],
[102,108,138],
[113,129,143],
[139,140,142],
[120,125,135],
[112,122,141],
[104,121,130],
[109,123,134],
[103,124,131],
[114,126,132]],

[[10,23,42],
[0,20,21],
[1,6,16],
[3,22,41],
[2,11,33],
[4,15,38],
[5,12,32],
[7,13,43],
[18,34,47],
[24,44,45],
[25,30,40],
[17,27,46],
[9,26,35],
[14,28,39],
[8,29,36],
[19,31,37],
[58,71,90],
[48,68,69],
[49,54,64],
[51,70,89],
[50,59,81],
[52,63,86],
[53,60,80],
[55,61,91],
[66,82,95],
[72,92,93],
[73,78,88],
[65,75,94],
[57,74,83],
[62,76,87],
[56,77,84],
[67,79,85],
[106,119,138],
[96,116,117],
[97,102,112],
[99,118,137],
[98,107,129],
[100,111,134],
[101,108,128],
[103,109,139],
[114,130,143],
[120,140,141],
[121,126,136],
[113,123,142],
[105,122,131],
[110,124,135],
[104,125,132],
[115,127,133]],

[[11,23,43],
[1,21,22],
[2,7,17],
[0,4,42],
[3,12,34],
[5,16,39],
[6,13,33],
[8,14,44],
[19,35,47],
[25,45,46],
[26,31,41],
[18,24,28],
[10,27,36],
[15,29,40],
[9,30,37],
[20,32,38],
[59,71,91],
[49,69,70],
[50,55,65],
[48,52,90],
[51,60,82],
[53,64,87],
[54,61,81],
[56,62,92],
[67,83,95],
[73,93,94],
[74,79,89],
[66,72,76],
[58,75,84],
[63,77,88],
[57,78,85],
[68,80,86],
[107,119,139],
[97,117,118],
[98,103,113],
[96,100,138],
[99,108,130],
[101,112,135],
[102,109,129],
[104,110,140],
[115,131,143],
[121,141,142],
[122,127,137],
[114,120,124],
[106,123,132],
[111,125,136],
[105,126,133],
[116,128,134]],

[[12,23,44],
[0,2,22],
[3,8,18],
[1,5,43],
[4,13,35],
[6,17,40],
[7,14,34],
[9,15,45],
[20,36,47],
[24,26,46],
[27,32,42],
[19,25,29],
[11,28,37],
[16,30,41],
[10,31,38],
[21,33,39],
[60,71,92],
[48,50,70],
[51,56,66],
[49,53,91],
[52,61,83],
[54,65,88],
[55,62,82],
[57,63,93],
[68,84,95],
[72,74,94],
[75,80,90],
[67,73,77],
[59,76,85],
[64,78,89],
[58,79,86],
[69,81,87],
[108,119,140],
[96,98,118],
[99,104,114],
[97,101,139],
[100,109,131],
[102,113,136],
[103,110,130],
[105,111,141],
[116,132,143],
[120,122,142],
[123,128,138],
[115,121,125],
[107,124,133],
[112,126,137],
[106,127,134],
[117,129,135]],

[[13,23,45],
[0,1,3],
[4,9,19],
[2,6,44],
[5,14,36],
[7,18,41],
[8,15,35],
[10,16,46],
[21,37,47],
[24,25,27],
[28,33,43],
[20,26,30],
[12,29,38],
[17,31,42],
[11,32,39],
[22,34,40],
[61,71,93],
[48,49,51],
[52,57,67],
[50,54,92],
[53,62,84],
[55,66,89],
[56,63,83],
[58,64,94],
[69,85,95],
[72,73,75],
[76,81,91],
[68,74,78],
[60,77,86],
[65,79,90],
[59,80,87],
[70,82,88],
[109,119,141],
[96,97,99],
[100,105,115],
[98,102,140],
[101,110,132],
[103,114,137],
[104,111,131],
[106,112,142],
[117,133,143],
[120,121,123],
[124,129,139],
[116,122,126],
[108,125,134],
[113,127,138],
[107,128,135],
[118,130,136]]

]
