[[[0,32,64,96],
[1,33,66,99],
[2,34,67,100],
[3,35,68,101],
[4,36,69,102],
[5,37,70,103],
[6,38,71,104],
[7,39,72,105],
[8,40,73,106],
[9,41,74,107],
[10,42,75,108],
[11,43,76,109],
[12,44,77,110,128],
[13,45,78,111,129],
[14,46,79,112,130],
[15,47,80,113,131],
[16,48,81,114,132],
[17,49,82,115,133],
[18,50,83,116,134],
[19,51,84,117,135],
[20,52,85,118,136],
[21,53,86,119,137],
[22,54,87,120,138],
[23,55,88,121,139],
[24,56,89,122,140],
[25,57,90,123,141],
[26,58,91,124,142],
[27,59,92,125,143],
[28,60,93,126,144],
[29,61,94,127],
[30,62,95,97],
[31,63,65,98]],

[[0,33,65,97],
[1,32,83,102,143],
[2,51,70,126],
[3,38,94,107],
[4,62,75,99,141],
[5,43,67,124,136],
[6,35,92,119,134],
[7,60,87,117,130],
[8,55,85,113],
[9,53,81,101,133],
[10,49,69,116,137],
[11,37,84,120,128],
[12,52,88,111],
[13,56,79,110,138],
[14,47,78,121],
[15,46,89,106,144],
[16,57,74,127],
[17,42,95,98],
[18,63,66,108],
[19,34,76,105,139],
[20,44,73,122],
[21,41,90,104],
[22,58,72,109,129],
[23,40,77,112,135],
[24,45,80,118,142],
[25,48,86,125],
[26,54,93,103,140],
[27,61,71,123],
[28,39,91,100,131],
[29,59,68,114],
[30,36,82,96,132],
[31,50,64,115]],

[[0,34,66,98],
[1,51,64,116],
[2,32,84,103,144],
[3,52,71,127],
[4,39,95,108],
[5,63,76,100,142],
[6,44,68,125,137],
[7,36,93,120,135],
[8,61,88,118,131],
[9,56,86,114],
[10,54,82,102,134],
[11,50,70,117,138],
[12,38,85,121,129],
[13,53,89,112,128],
[14,57,80,111,139],
[15,48,79,122],
[16,47,90,107],
[17,58,75,97],
[18,43,65,99],
[19,33,67,109],
[20,35,77,106,140],
[21,45,74,123],
[22,42,91,105],
[23,59,73,110,130],
[24,41,78,113,136],
[25,46,81,119,143],
[26,49,87,126],
[27,55,94,104,141],
[28,62,72,124],
[29,40,92,101,132],
[30,60,69,115],
[31,37,83,96,133]],

[[0,35,67,99],
[1,38,84,96,134],
[2,52,64,117],
[3,32,85,104],
[4,53,72,97],
[5,40,65,109],
[6,33,77,101,143],
[7,45,69,126,138],
[8,37,94,121,136],
[9,62,89,119,132],
[10,57,87,115],
[11,55,83,103,135],
[12,51,71,118,139],
[13,39,86,122,130],
[14,54,90,113,129],
[15,58,81,112,140],
[16,49,80,123],
[17,48,91,108],
[18,59,76,98],
[19,44,66,100],
[20,34,68,110],
[21,36,78,107,141],
[22,46,75,124],
[23,43,92,106,128],
[24,60,74,111,131],
[25,42,79,114,137],
[26,47,82,120,144],
[27,50,88,127],
[28,56,95,105,142],
[29,63,73,125],
[30,41,93,102,133],
[31,61,70,116]],

[[0,36,68,100],
[1,62,71,117],
[2,39,85,96,135],
[3,53,64,118],
[4,32,86,105],
[5,54,73,98],
[6,41,66,110],
[7,34,78,102,144],
[8,46,70,127,139],
[9,38,95,122,137],
[10,63,90,120,133],
[11,58,88,116],
[12,56,84,104,136],
[13,52,72,119,140],
[14,40,87,123,131],
[15,55,91,114,130],
[16,59,82,113,141],
[17,50,81,124],
[18,49,92,109],
[19,60,77,99],
[20,45,67,101,128],
[21,35,69,111],
[22,37,79,108,142],
[23,47,76,125],
[24,44,93,107,129],
[25,61,75,112,132],
[26,43,80,115,138],
[27,48,83,121],
[28,51,89,97],
[29,57,65,106,143],
[30,33,74,126],
[31,42,94,103,134]],

[[0,37,69,101],
[1,43,95,104,135],
[2,63,72,118],
[3,40,86,96,136],
[4,54,64,119],
[5,32,87,106],
[6,55,74,99,128],
[7,42,67,111],
[8,35,79,103],
[9,47,71,97,140],
[10,39,65,123,138],
[11,33,91,121,134],
[12,59,89,117],
[13,57,85,105,137],
[14,53,73,120,141],
[15,41,88,124,132],
[16,56,92,115,131],
[17,60,83,114,142],
[18,51,82,125],
[19,50,93,110],
[20,61,78,100],
[21,46,68,102,129],
[22,36,70,112],
[23,38,80,109,143],
[24,48,77,126],
[25,45,94,108,130],
[26,62,76,113,133],
[27,44,81,116,139],
[28,49,84,122],
[29,52,90,98],
[30,58,66,107,144],
[31,34,75,127]],

[[0,38,70,102],
[1,35,76,97],
[2,44,65,105,136],
[3,33,73,119],
[4,41,87,96,137],
[5,55,64,120],
[6,32,88,107],
[7,56,75,100,129],
[8,43,68,112],
[9,36,80,104],
[10,48,72,98,141],
[11,40,66,124,139],
[12,34,92,122,135],
[13,60,90,118],
[14,58,86,106,138],
[15,54,74,121,142],
[16,42,89,125,133],
[17,57,93,116,132],
[18,61,84,115,143],
[19,52,83,126,128],
[20,51,94,111],
[21,62,79,101],
[22,47,69,103,130],
[23,37,71,113],
[24,39,81,110,144],
[25,49,78,127],
[26,46,95,109,131],
[27,63,77,114,134],
[28,45,82,117,140],
[29,50,85,123],
[30,53,91,99],
[31,59,67,108]],

[[0,39,71,103],
[1,60,68,109],
[2,36,77,98],
[3,45,66,106,137],
[4,34,74,120],
[5,42,88,96,138],
[6,56,64,121],
[7,32,89,108],
[8,57,76,101,130],
[9,44,69,113],
[10,37,81,105],
[11,49,73,99,142],
[12,41,67,125,140],
[13,35,93,123,136],
[14,61,91,119],
[15,59,87,107,139],
[16,55,75,122,143],
[17,43,90,126,134],
[18,58,94,117,133],
[19,62,85,116,144],
[20,53,84,127,129],
[21,52,95,112],
[22,63,80,102],
[23,48,70,104,131],
[24,38,72,114,128],
[25,40,82,111],
[26,50,79,97],
[27,47,65,110,132],
[28,33,78,115,135],
[29,46,83,118,141],
[30,51,86,124],
[31,54,92,100]],

[[0,40,72,104],
[1,55,93,101],
[2,61,69,110],
[3,37,78,99],
[4,46,67,107,138],
[5,35,75,121],
[6,43,89,96,139],
[7,57,64,122],
[8,32,90,109],
[9,58,77,102,131],
[10,45,70,114],
[11,38,82,106],
[12,50,74,100,143],
[13,42,68,126,141],
[14,36,94,124,137],
[15,62,92,120],
[16,60,88,108,140],
[17,56,76,123,144],
[18,44,91,127,135],
[19,59,95,118,134],
[20,63,86,117],
[21,54,85,97,130],
[22,53,65,113],
[23,33,81,103],
[24,49,71,105,132],
[25,39,73,115,129],
[26,41,83,112],
[27,51,80,98,128],
[28,48,66,111,133],
[29,34,79,116,136],
[30,47,84,119,142],
[31,52,87,125]],

[[0,41,73,105],
[1,53,88,126],
[2,56,94,102,128],
[3,62,70,111],
[4,38,79,100],
[5,47,68,108,139],
[6,36,76,122],
[7,44,90,96,140],
[8,58,64,123],
[9,32,91,110],
[10,59,78,103,132],
[11,46,71,115],
[12,39,83,107],
[13,51,75,101,144],
[14,43,69,127,142],
[15,37,95,125,138],
[16,63,93,121],
[17,61,89,109,141],
[18,57,77,124],
[19,45,92,97,136],
[20,60,65,119,135],
[21,33,87,118],
[22,55,86,98,131],
[23,54,66,114],
[24,34,82,104],
[25,50,72,106,133],
[26,40,74,116,130],
[27,42,84,113],
[28,52,81,99,129],
[29,49,67,112,134],
[30,35,80,117,137],
[31,48,85,120,143]],

[[0,42,74,106],
[1,49,86,121,144],
[2,54,89,127],
[3,57,95,103,129],
[4,63,71,112],
[5,39,80,101],
[6,48,69,109,140],
[7,37,77,123],
[8,45,91,96,141],
[9,59,64,124,128],
[10,32,92,111],
[11,60,79,104,133],
[12,47,72,116],
[13,40,84,108],
[14,52,76,102],
[15,44,70,97,143],
[16,38,65,126,139],
[17,33,94,122],
[18,62,90,110,142],
[19,58,78,125],
[20,46,93,98,137],
[21,61,66,120,136],
[22,34,88,119],
[23,56,87,99,132],
[24,55,67,115],
[25,35,83,105],
[26,51,73,107,134],
[27,41,75,117,131],
[28,43,85,114],
[29,53,82,100,130],
[30,50,68,113,135],
[31,36,81,118,138]],

[[0,43,75,107],
[1,37,82,119,139],
[2,50,87,122],
[3,55,90,97],
[4,58,65,104,130],
[5,33,72,113],
[6,40,81,102],
[7,49,70,110,141],
[8,38,78,124],
[9,46,92,96,142],
[10,60,64,125,129],
[11,32,93,112],
[12,61,80,105,134],
[13,48,73,117],
[14,41,85,109],
[15,53,77,103],
[16,45,71,98,144],
[17,39,66,127,140],
[18,34,95,123,128],
[19,63,91,111,143],
[20,59,79,126],
[21,47,94,99,138],
[22,62,67,121,137],
[23,35,89,120],
[24,57,88,100,133],
[25,56,68,116],
[26,36,84,106],
[27,52,74,108,135],
[28,42,76,118,132],
[29,44,86,115],
[30,54,83,101,131],
[31,51,69,114,136]],

[[0,44,76,108],
[1,52,70,115,137],
[2,38,83,120,140],
[3,51,88,123],
[4,56,91,98],
[5,59,66,105,131],
[6,34,73,114],
[7,41,82,103,128],
[8,50,71,111,142],
[9,39,79,125],
[10,47,93,96,143],
[11,61,64,126,130],
[12,32,94,113],
[13,62,81,106,135],
[14,49,74,118],
[15,42,86,110],
[16,54,78,104],
[17,46,72,99],
[18,40,67,97,141],
[19,35,65,124,129],
[20,33,92,112,144],
[21,60,80,127],
[22,48,95,100,139],
[23,63,68,122,138],
[24,36,90,121],
[25,58,89,101,134],
[26,57,69,117],
[27,37,85,107],
[28,53,75,109,136],
[29,43,77,119,133],
[30,45,87,116],
[31,55,84,102,132]],

[[0,45,77,109],
[1,56,85,103,133],
[2,53,71,116,138],
[3,39,84,121,141],
[4,52,89,124],
[5,57,92,99],
[6,60,67,106,132],
[7,35,74,115],
[8,42,83,104,129],
[9,51,72,112,143],
[10,40,80,126],
[11,48,94,96,144],
[12,62,64,127,131],
[13,32,95,114],
[14,63,82,107,136],
[15,50,75,119,128],
[16,43,87,111],
[17,55,79,105],
[18,47,73,100],
[19,41,68,98,142],
[20,36,66,125,130],
[21,34,93,113],
[22,61,81,97],
[23,49,65,101,140],
[24,33,69,123,139],
[25,37,91,122],
[26,59,90,102,135],
[27,58,70,118],
[28,38,86,108],
[29,54,76,110,137],
[30,44,78,120,134],
[31,46,88,117]],

[[0,46,78,110],
[1,47,89,118],
[2,57,86,104,134],
[3,54,72,117,139],
[4,40,85,122,142],
[5,53,90,125],
[6,58,93,100],
[7,61,68,107,133],
[8,36,75,116],
[9,43,84,105,130],
[10,52,73,113,144],
[11,41,81,127],
[12,49,95,96],
[13,63,64,97,132],
[14,32,65,115],
[15,33,83,108,137],
[16,51,76,120,129],
[17,44,88,112],
[18,56,80,106],
[19,48,74,101],
[20,42,69,99,143],
[21,37,67,126,131],
[22,35,94,114],
[23,62,82,98],
[24,50,66,102,141],
[25,34,70,124,140],
[26,38,92,123],
[27,60,91,103,136],
[28,59,71,119],
[29,39,87,109,128],
[30,55,77,111,138],
[31,45,79,121,135]],

[[0,47,79,111,128],
[1,46,80,122,136],
[2,48,90,119],
[3,58,87,105,135],
[4,55,73,118,140],
[5,41,86,123,143],
[6,54,91,126],
[7,59,94,101],
[8,62,69,108,134],
[9,37,76,117],
[10,44,85,106,131],
[11,53,74,114],
[12,42,82,97],
[13,50,65,96],
[14,33,64,98,133],
[15,32,66,116],
[16,34,84,109,138],
[17,52,77,121,130],
[18,45,89,113],
[19,57,81,107],
[20,49,75,102],
[21,43,70,100,144],
[22,38,68,127,132],
[23,36,95,115],
[24,63,83,99],
[25,51,67,103,142],
[26,35,71,125,141],
[27,39,93,124],
[28,61,92,104,137],
[29,60,72,120],
[30,40,88,110,129],
[31,56,78,112,139]],

[[0,48,80,112,129],
[1,57,79,113,140],
[2,47,81,123,137],
[3,49,91,120],
[4,59,88,106,136],
[5,56,74,119,141],
[6,42,87,124,144],
[7,55,92,127],
[8,60,95,102],
[9,63,70,109,135],
[10,38,77,118],
[11,45,86,107,132],
[12,54,75,115],
[13,43,83,98],
[14,51,66,96],
[15,34,64,99,134],
[16,32,67,117],
[17,35,85,110,139],
[18,53,78,122,131],
[19,46,90,114],
[20,58,82,108],
[21,50,76,103],
[22,44,71,101],
[23,39,69,97,133],
[24,37,65,116],
[25,33,84,100],
[26,52,68,104,143],
[27,36,72,126,142],
[28,40,94,125],
[29,62,93,105,138],
[30,61,73,121,128],
[31,41,89,111,130]],

[[0,49,81,113,130],
[1,42,90,112,131],
[2,58,80,114,141],
[3,48,82,124,138],
[4,50,92,121],
[5,60,89,107,137],
[6,57,75,120,142],
[7,43,88,125],
[8,56,93,97],
[9,61,65,103],
[10,33,71,110,136],
[11,39,78,119],
[12,46,87,108,133],
[13,55,76,116],
[14,44,84,99],
[15,52,67,96],
[16,35,64,100,135],
[17,32,68,118,128],
[18,36,86,111,140],
[19,54,79,123,132],
[20,47,91,115],
[21,59,83,109],
[22,51,77,104],
[23,45,72,102],
[24,40,70,98,134],
[25,38,66,117],
[26,34,85,101],
[27,53,69,105,144],
[28,37,73,127,143],
[29,41,95,126],
[30,63,94,106,139],
[31,62,74,122,129]],

[[0,50,82,114,131],
[1,63,75,123,130],
[2,43,91,113,132],
[3,59,81,115,142],
[4,49,83,125,139],
[5,51,93,122],
[6,61,90,108,138],
[7,58,76,121,143],
[8,44,89,126],
[9,57,94,98],
[10,62,66,104,128],
[11,34,72,111,137],
[12,40,79,120],
[13,47,88,109,134],
[14,56,77,117],
[15,45,85,100],
[16,53,68,96],
[17,36,64,101,136],
[18,32,69,119,129],
[19,37,87,112,141],
[20,55,80,124,133],
[21,48,92,116],
[22,60,84,110],
[23,52,78,105],
[24,46,73,103],
[25,41,71,99,135],
[26,39,67,118],
[27,35,86,102],
[28,54,70,106],
[29,38,74,97,144],
[30,42,65,127],
[31,33,95,107,140]],

[[0,51,83,115,132],
[1,34,65,108,141],
[2,33,76,124,131],
[3,44,92,114,133],
[4,60,82,116,143],
[5,50,84,126,140],
[6,52,94,123],
[7,62,91,109,139],
[8,59,77,122,144],
[9,45,90,127],
[10,58,95,99],
[11,63,67,105,129],
[12,35,73,112,138],
[13,41,80,121],
[14,48,89,110,135],
[15,57,78,118],
[16,46,86,101],
[17,54,69,96],
[18,37,64,102,137],
[19,32,70,120,130],
[20,38,88,113,142],
[21,56,81,125,134],
[22,49,93,117,128],
[23,61,85,111],
[24,53,79,106],
[25,47,74,104],
[26,42,72,100,136],
[27,40,68,119],
[28,36,87,103],
[29,55,71,107],
[30,39,75,98],
[31,43,66,97]],

[[0,52,84,116,133],
[1,44,67,98],
[2,35,66,109,142],
[3,34,77,125,132],
[4,45,93,115,134],
[5,61,83,117,144],
[6,51,85,127,141],
[7,53,95,124],
[8,63,92,110,140],
[9,60,78,123],
[10,46,91,97],
[11,59,65,100],
[12,33,68,106,130],
[13,36,74,113,139],
[14,42,81,122,128],
[15,49,90,111,136],
[16,58,79,119],
[17,47,87,102],
[18,55,70,96],
[19,38,64,103,138],
[20,32,71,121,131],
[21,39,89,114,143],
[22,57,82,126,135],
[23,50,94,118,129],
[24,62,86,112],
[25,54,80,107],
[26,48,75,105],
[27,43,73,101,137],
[28,41,69,120],
[29,37,88,104],
[30,56,72,108],
[31,40,76,99]],

[[0,53,85,117,134],
[1,41,77,100],
[2,45,68,99],
[3,36,67,110,143],
[4,35,78,126,133],
[5,46,94,116,135],
[6,62,84,118],
[7,52,86,97,142],
[8,54,65,125,128],
[9,33,93,111,141],
[10,61,79,124],
[11,47,92,98],
[12,60,66,101],
[13,34,69,107,131],
[14,37,75,114,140],
[15,43,82,123,129],
[16,50,91,112,137],
[17,59,80,120],
[18,48,88,103],
[19,56,71,96],
[20,39,64,104,139],
[21,32,72,122,132],
[22,40,90,115,144],
[23,58,83,127,136],
[24,51,95,119,130],
[25,63,87,113],
[26,55,81,108],
[27,49,76,106],
[28,44,74,102,138],
[29,42,70,121],
[30,38,89,105],
[31,57,73,109]],

[[0,54,86,118,135],
[1,58,74,110],
[2,42,78,101],
[3,46,69,100,128],
[4,37,68,111,144],
[5,36,79,127,134],
[6,47,95,117,136],
[7,63,85,119],
[8,53,87,98,143],
[9,55,66,126,129],
[10,34,94,112,142],
[11,62,80,125],
[12,48,93,99],
[13,61,67,102],
[14,35,70,108,132],
[15,38,76,115,141],
[16,44,83,124,130],
[17,51,92,113,138],
[18,60,81,121],
[19,49,89,104],
[20,57,72,96],
[21,40,64,105,140],
[22,32,73,123,133],
[23,41,91,116],
[24,59,84,97,137],
[25,52,65,120,131],
[26,33,88,114],
[27,56,82,109],
[28,50,77,107],
[29,45,75,103,139],
[30,43,71,122],
[31,39,90,106]],

[[0,55,87,119,136],
[1,40,91,107,128],
[2,59,75,111],
[3,43,79,102],
[4,47,70,101,129],
[5,38,69,112],
[6,37,80,97,135],
[7,48,65,118,137],
[8,33,86,120],
[9,54,88,99,144],
[10,56,67,127,130],
[11,35,95,113,143],
[12,63,81,126],
[13,49,94,100],
[14,62,68,103],
[15,36,71,109,133],
[16,39,77,116,142],
[17,45,84,125,131],
[18,52,93,114,139],
[19,61,82,122],
[20,50,90,105],
[21,58,73,96],
[22,41,64,106,141],
[23,32,74,124,134],
[24,42,92,117],
[25,60,85,98,138],
[26,53,66,121,132],
[27,34,89,115],
[28,57,83,110],
[29,51,78,108],
[30,46,76,104,140],
[31,44,72,123]],

[[0,56,88,120,137],
[1,45,73,124],
[2,41,92,108,129],
[3,60,76,112],
[4,44,80,103],
[5,48,71,102,130],
[6,39,70,113],
[7,38,81,98,136],
[8,49,66,119,138],
[9,34,87,121],
[10,55,89,100],
[11,57,68,97,131],
[12,36,65,114,144],
[13,33,82,127],
[14,50,95,101],
[15,63,69,104],
[16,37,72,110,134],
[17,40,78,117,143],
[18,46,85,126,132],
[19,53,94,115,140],
[20,62,83,123],
[21,51,91,106],
[22,59,74,96],
[23,42,64,107,142],
[24,32,75,125,135],
[25,43,93,118],
[26,61,86,99,139],
[27,54,67,122,133],
[28,35,90,116,128],
[29,58,84,111],
[30,52,79,109],
[31,47,77,105,141]],

[[0,57,89,121,138],
[1,48,78,106,142],
[2,46,74,125],
[3,42,93,109,130],
[4,61,77,113],
[5,45,81,104],
[6,49,72,103,131],
[7,40,71,114],
[8,39,82,99,137],
[9,50,67,120,139],
[10,35,88,122],
[11,56,90,101],
[12,58,69,98,132],
[13,37,66,115],
[14,34,83,97],
[15,51,65,102],
[16,33,70,105,128],
[17,38,73,111,135],
[18,41,79,118,144],
[19,47,86,127,133],
[20,54,95,116,141],
[21,63,84,124],
[22,52,92,107],
[23,60,75,96],
[24,43,64,108,143],
[25,32,76,126,136],
[26,44,94,119],
[27,62,87,100,140],
[28,55,68,123,134],
[29,36,91,117,129],
[30,59,85,112],
[31,53,80,110]],

[[0,58,90,122,139],
[1,54,81,111],
[2,49,79,107,143],
[3,47,75,126],
[4,43,94,110,131],
[5,62,78,114],
[6,46,82,105],
[7,50,73,104,132],
[8,41,72,115],
[9,40,83,100,138],
[10,51,68,121,140],
[11,36,89,123],
[12,57,91,102],
[13,59,70,99,133],
[14,38,67,116],
[15,35,84,98],
[16,52,66,103],
[17,34,71,106,129],
[18,39,74,112,136],
[19,42,80,119],
[20,48,87,97,134],
[21,55,65,117,142],
[22,33,85,125],
[23,53,93,108],
[24,61,76,96],
[25,44,64,109,144],
[26,32,77,127,137],
[27,45,95,120],
[28,63,88,101,141],
[29,56,69,124,135],
[30,37,92,118,130],
[31,60,86,113,128]],

[[0,59,91,123,140],
[1,61,87,114,129],
[2,55,82,112],
[3,50,80,108,144],
[4,48,76,127,128],
[5,44,95,111,132],
[6,63,79,115],
[7,47,83,106],
[8,51,74,105,133],
[9,42,73,116],
[10,41,84,101,139],
[11,52,69,122,141],
[12,37,90,124],
[13,58,92,103],
[14,60,71,100,134],
[15,39,68,117],
[16,36,85,99],
[17,53,67,104],
[18,35,72,107,130],
[19,40,75,113,137],
[20,43,81,120],
[21,49,88,98,135],
[22,56,66,118,143],
[23,34,86,126],
[24,54,94,109],
[25,62,77,96],
[26,45,64,110],
[27,32,78,97,138],
[28,46,65,121],
[29,33,89,102,142],
[30,57,70,125,136],
[31,38,93,119,131]],

[[0,60,92,124,141],
[1,39,94,120,132],
[2,62,88,115,130],
[3,56,83,113],
[4,51,81,109],
[5,49,77,97,129],
[6,45,65,112,133],
[7,33,80,116],
[8,48,84,107],
[9,52,75,106,134],
[10,43,74,117],
[11,42,85,102,140],
[12,53,70,123,142],
[13,38,91,125],
[14,59,93,104],
[15,61,72,101,135],
[16,40,69,118],
[17,37,86,100],
[18,54,68,105],
[19,36,73,108,131],
[20,41,76,114,138],
[21,44,82,121],
[22,50,89,99,136],
[23,57,67,119,144],
[24,35,87,127],
[25,55,95,110],
[26,63,78,96,128],
[27,46,64,111],
[28,32,79,98,139],
[29,47,66,122],
[30,34,90,103,143],
[31,58,71,126,137]],

[[0,61,93,125,142],
[1,59,72,127,138],
[2,40,95,121,133],
[3,63,89,116,131],
[4,57,84,114],
[5,52,82,110],
[6,50,78,98,130],
[7,46,66,113,134],
[8,34,81,117],
[9,49,85,108],
[10,53,76,107,135],
[11,44,75,118],
[12,43,86,103,141],
[13,54,71,124,143],
[14,39,92,126],
[15,60,94,105],
[16,62,73,102,136],
[17,41,70,119],
[18,38,87,101],
[19,55,69,106],
[20,37,74,109,132],
[21,42,77,115,139],
[22,45,83,122],
[23,51,90,100,137],
[24,58,68,120],
[25,36,88,97,128],
[26,56,65,111],
[27,33,79,96,129],
[28,47,64,112],
[29,32,80,99,140],
[30,48,67,123],
[31,35,91,104,144]],

[[0,62,94,126,143],
[1,36,92,105],
[2,60,73,97,139],
[3,41,65,122,134],
[4,33,90,117,132],
[5,58,85,115,128],
[6,53,83,111],
[7,51,79,99,131],
[8,47,67,114,135],
[9,35,82,118],
[10,50,86,109],
[11,54,77,108,136],
[12,45,76,119],
[13,44,87,104,142],
[14,55,72,125,144],
[15,40,93,127],
[16,61,95,106],
[17,63,74,103,137],
[18,42,71,120],
[19,39,88,102],
[20,56,70,107],
[21,38,75,110,133],
[22,43,78,116,140],
[23,46,84,123],
[24,52,91,101,138],
[25,59,69,121],
[26,37,89,98,129],
[27,57,66,112],
[28,34,80,96,130],
[29,48,64,113],
[30,32,81,100,141],
[31,49,68,124]],

[[0,63,95,127,144],
[1,50,69,125],
[2,37,93,106],
[3,61,74,98,140],
[4,42,66,123,135],
[5,34,91,118,133],
[6,59,86,116,129],
[7,54,84,112],
[8,52,80,100,132],
[9,48,68,115,136],
[10,36,83,119],
[11,51,87,110],
[12,55,78,109,137],
[13,46,77,120],
[14,45,88,105,143],
[15,56,73,126],
[16,41,94,97],
[17,62,65,107],
[18,33,75,104,138],
[19,43,72,121],
[20,40,89,103],
[21,57,71,108,128],
[22,39,76,111,134],
[23,44,79,117,141],
[24,47,85,124],
[25,53,92,102,139],
[26,60,70,122],
[27,38,90,99,130],
[28,58,67,113],
[29,35,81,96,131],
[30,49,64,114],
[31,32,82,101,142]]

]
