[[[0,34,68,102],
[1,48,74,104],
[2,37,87,131,137],
[3,49,98,126],
[4,64,85,124],
[5,57,75,106],
[6,47,70,122],
[7,40,97,107],
[8,56,84,125],
[9,46,92,108],
[10,66,88,117],
[11,61,100,115],
[12,65,79,130],
[13,42,72,132,143],
[14,59,91,112],
[15,43,86,123,145],
[16,58,96,128],
[17,38,78,114],
[18,54,69,127,141],
[19,44,73,129],
[20,36,80,133],
[21,51,76,109],
[22,53,94,116],
[23,62,89,134],
[24,35,99,113,140],
[25,63,83,118],
[26,50,95,121],
[27,45,101,119,144],
[28,60,93,110,142],
[29,67,82,120,138],
[30,52,71,111],
[31,41,77,135,139],
[32,39,81,105],
[33,55,90,103,136]],

[[0,40,82,106],
[1,35,69,103],
[2,49,75,105],
[3,38,88,132,138],
[4,50,99,127],
[5,65,86,125],
[6,58,76,107],
[7,48,71,123],
[8,41,98,108],
[9,57,85,126],
[10,47,93,109],
[11,34,89,118],
[12,62,68,116],
[13,66,80,131],
[14,43,73,133,144],
[15,60,92,113],
[16,44,87,124,145],
[17,59,97,129],
[18,39,79,115],
[19,55,70,128,142],
[20,45,74,130],
[21,37,81,134],
[22,52,77,110],
[23,54,95,117],
[24,63,90,102],
[25,36,100,114,141],
[26,64,84,119],
[27,51,96,122],
[28,46,101,120],
[29,61,94,111,143],
[30,67,83,121,139],
[31,53,72,112,136],
[32,42,78,135,140],
[33,56,91,104,137]],

[[0,43,79,135,141],
[1,41,83,107],
[2,36,70,104],
[3,50,76,106,136],
[4,39,89,133,139],
[5,51,100,128],
[6,66,87,126],
[7,59,77,108],
[8,49,72,124],
[9,42,99,109],
[10,58,86,127],
[11,48,94,110],
[12,35,90,119],
[13,63,69,117],
[14,34,81,132],
[15,44,74,134],
[16,61,93,114],
[17,45,88,125,145],
[18,60,98,130],
[19,40,80,116],
[20,56,71,129,143],
[21,46,75,131],
[22,38,82,102],
[23,53,78,111],
[24,55,96,118],
[25,64,91,103],
[26,37,68,115,142],
[27,65,85,120],
[28,52,97,123],
[29,47,101,121],
[30,62,95,112,144],
[31,67,84,122,140],
[32,54,73,113,137],
[33,57,92,105,138]],

[[0,55,74,114,138],
[1,44,80,135,142],
[2,42,84,108],
[3,37,71,105],
[4,51,77,107,137],
[5,40,90,134,140],
[6,52,68,129],
[7,34,88,127],
[8,60,78,109],
[9,50,73,125],
[10,43,100,110,136],
[11,59,87,128],
[12,49,95,111],
[13,36,91,120],
[14,64,70,118],
[15,35,82,133],
[16,45,75,102],
[17,62,94,115],
[18,46,89,126,145],
[19,61,99,131],
[20,41,81,117],
[21,57,72,130,144],
[22,47,76,132],
[23,39,83,103],
[24,54,79,112],
[25,56,97,119],
[26,65,92,104],
[27,38,69,116,143],
[28,66,86,121],
[29,53,98,124],
[30,48,101,122],
[31,63,96,113],
[32,67,85,123,141],
[33,58,93,106,139]],

[[0,67,86,124,142],
[1,56,75,115,139],
[2,45,81,135,143],
[3,43,85,109],
[4,38,72,106],
[5,52,78,108,138],
[6,41,91,102,141],
[7,53,69,130],
[8,35,89,128],
[9,61,79,110],
[10,51,74,126],
[11,44,68,111,137],
[12,60,88,129,136],
[13,50,96,112],
[14,37,92,121],
[15,65,71,119],
[16,36,83,134],
[17,46,76,103],
[18,63,95,116],
[19,47,90,127,145],
[20,62,100,132],
[21,42,82,118],
[22,58,73,131],
[23,48,77,133],
[24,40,84,104],
[25,55,80,113],
[26,57,98,120],
[27,66,93,105],
[28,39,70,117,144],
[29,34,87,122],
[30,54,99,125],
[31,49,101,123],
[32,64,97,114],
[33,59,94,107,140]],

[[0,65,98,115],
[1,67,87,125,143],
[2,57,76,116,140],
[3,46,82,135,144],
[4,44,86,110],
[5,39,73,107],
[6,53,79,109,139],
[7,42,92,103,142],
[8,54,70,131],
[9,36,90,129],
[10,62,80,111],
[11,52,75,127],
[12,45,69,112,138],
[13,61,89,130,137],
[14,51,97,113],
[15,38,93,122],
[16,66,72,120],
[17,37,84,102],
[18,47,77,104],
[19,64,96,117],
[20,48,91,128,145],
[21,63,68,133],
[22,43,83,119],
[23,59,74,132],
[24,49,78,134],
[25,41,85,105],
[26,56,81,114,136],
[27,58,99,121],
[28,34,94,106],
[29,40,71,118],
[30,35,88,123],
[31,55,100,126],
[32,50,101,124],
[33,60,95,108,141]],

[[0,51,101,125],
[1,66,99,116],
[2,67,88,126,144],
[3,58,77,117,141],
[4,47,83,135],
[5,45,87,111],
[6,40,74,108],
[7,54,80,110,140],
[8,43,93,104,143],
[9,55,71,132],
[10,37,91,130],
[11,63,81,112],
[12,53,76,128],
[13,46,70,113,139],
[14,62,90,131,138],
[15,52,98,114],
[16,39,94,123,136],
[17,34,73,121],
[18,38,85,103],
[19,48,78,105],
[20,65,97,118],
[21,49,92,129,145],
[22,64,69,134],
[23,44,84,120],
[24,60,75,133],
[25,50,79,102],
[26,42,86,106],
[27,57,82,115,137],
[28,59,100,122],
[29,35,95,107],
[30,41,72,119],
[31,36,89,124],
[32,56,68,127],
[33,61,96,109,142]],

[[0,57,69,128],
[1,52,101,126],
[2,34,100,117],
[3,67,89,127],
[4,59,78,118,142],
[5,48,84,135],
[6,46,88,112],
[7,41,75,109],
[8,55,81,111,141],
[9,44,94,105,144],
[10,56,72,133],
[11,38,92,131],
[12,64,82,113],
[13,54,77,129],
[14,47,71,114,140],
[15,63,91,132,139],
[16,53,99,115],
[17,40,95,124,137],
[18,35,74,122],
[19,39,86,104],
[20,49,79,106],
[21,66,98,119],
[22,50,93,130,145],
[23,65,70,102,136],
[24,45,85,121],
[25,61,76,134],
[26,51,80,103],
[27,43,87,107],
[28,58,83,116,138],
[29,60,68,123],
[30,36,96,108],
[31,42,73,120],
[32,37,90,125],
[33,62,97,110,143]],

[[0,38,91,126],
[1,58,70,129],
[2,53,101,127],
[3,35,68,118],
[4,67,90,128],
[5,60,79,119,143],
[6,49,85,135],
[7,47,89,113,136],
[8,42,76,110],
[9,56,82,112,142],
[10,45,95,106],
[11,57,73,134],
[12,39,93,132],
[13,65,83,114],
[14,55,78,130],
[15,48,72,115,141],
[16,64,92,133,140],
[17,54,100,116],
[18,41,96,125,138],
[19,36,75,123],
[20,40,87,105],
[21,50,80,107],
[22,34,99,120],
[23,51,94,131,145],
[24,66,71,103,137],
[25,46,86,122],
[26,62,77,102],
[27,52,81,104],
[28,44,88,108],
[29,59,84,117,139],
[30,61,69,124],
[31,37,97,109],
[32,43,74,121],
[33,63,98,111,144]],

[[0,44,75,122],
[1,39,92,127],
[2,59,71,130],
[3,54,101,128],
[4,36,69,119],
[5,67,91,129],
[6,61,80,120,144],
[7,50,86,135],
[8,48,90,114,137],
[9,43,77,111],
[10,57,83,113,143],
[11,46,96,107],
[12,58,74,102],
[13,40,94,133],
[14,66,84,115,136],
[15,56,79,131],
[16,49,73,116,142],
[17,65,93,134,141],
[18,55,68,117],
[19,42,97,126,139],
[20,37,76,124],
[21,41,88,106],
[22,51,81,108],
[23,35,100,121],
[24,52,95,132,145],
[25,34,72,104,138],
[26,47,87,123],
[27,63,78,103],
[28,53,82,105],
[29,45,89,109],
[30,60,85,118,140],
[31,62,70,125],
[32,38,98,110],
[33,64,99,112]],

[[0,39,99,111],
[1,45,76,123],
[2,40,93,128,136],
[3,60,72,131],
[4,55,101,129],
[5,37,70,120],
[6,67,92,130],
[7,62,81,121],
[8,51,87,135],
[9,49,91,115,138],
[10,44,78,112],
[11,58,84,114,144],
[12,47,97,108],
[13,59,75,103],
[14,41,95,134],
[15,34,85,116,137],
[16,57,80,132],
[17,50,74,117,143],
[18,66,94,102,142],
[19,56,69,118],
[20,43,98,127,140],
[21,38,77,125],
[22,42,89,107],
[23,52,82,109],
[24,36,68,122],
[25,53,96,133,145],
[26,35,73,105,139],
[27,48,88,124],
[28,64,79,104],
[29,54,83,106],
[30,46,90,110],
[31,61,86,119,141],
[32,63,71,126],
[33,65,100,113]],

[[0,64,72,127],
[1,40,100,112],
[2,46,77,124],
[3,41,94,129,137],
[4,61,73,132,136],
[5,56,101,130],
[6,38,71,121],
[7,67,93,131],
[8,63,82,122],
[9,52,88,135],
[10,50,92,116,139],
[11,45,79,113],
[12,59,85,115],
[13,48,98,109],
[14,60,76,104],
[15,42,96,102],
[16,35,86,117,138],
[17,58,81,133],
[18,51,75,118,144],
[19,34,95,103,143],
[20,57,70,119],
[21,44,99,128,141],
[22,39,78,126],
[23,43,90,108],
[24,53,83,110],
[25,37,69,123],
[26,54,97,134,145],
[27,36,74,106,140],
[28,49,89,125],
[29,65,80,105],
[30,55,84,107],
[31,47,91,111],
[32,62,87,120,142],
[33,66,68,114]],

[[0,63,88,121,143],
[1,65,73,128],
[2,41,68,113],
[3,47,78,125],
[4,42,95,130,138],
[5,62,74,133,137],
[6,57,101,131],
[7,39,72,122],
[8,67,94,132],
[9,64,83,123],
[10,53,89,135],
[11,51,93,117,140],
[12,46,80,114],
[13,60,86,116],
[14,49,99,110],
[15,61,77,105],
[16,43,97,103],
[17,36,87,118,139],
[18,59,82,134,136],
[19,52,76,119],
[20,35,96,104,144],
[21,58,71,120],
[22,45,100,129,142],
[23,40,79,127],
[24,44,91,109],
[25,54,84,111],
[26,38,70,124],
[27,55,98,102,145],
[28,37,75,107,141],
[29,50,90,126],
[30,66,81,106],
[31,56,85,108],
[32,48,92,112],
[33,34,69,115]],

[[0,49,93,113],
[1,64,89,122,144],
[2,66,74,129],
[3,42,69,114],
[4,48,79,126],
[5,43,96,131,139],
[6,63,75,134,138],
[7,58,101,132],
[8,40,73,123],
[9,67,95,133],
[10,65,84,124],
[11,54,90,135],
[12,52,94,118,141],
[13,47,81,115],
[14,61,87,117],
[15,50,100,111],
[16,62,78,106],
[17,44,98,104],
[18,37,88,119,140],
[19,60,83,102,137],
[20,53,77,120],
[21,36,97,105],
[22,59,72,121],
[23,46,68,130,143],
[24,41,80,128],
[25,45,92,110],
[26,55,85,112],
[27,39,71,125],
[28,56,99,103,145],
[29,38,76,108,142],
[30,51,91,127,136],
[31,34,82,107],
[32,57,86,109],
[33,35,70,116]],

[[0,58,87,110],
[1,50,94,114],
[2,65,90,123],
[3,34,75,130],
[4,43,70,115],
[5,49,80,127],
[6,44,97,132,140],
[7,64,76,102,139],
[8,59,101,133],
[9,41,74,124],
[10,67,96,134],
[11,66,85,125],
[12,55,91,135],
[13,53,95,119,142],
[14,48,82,116],
[15,62,88,118],
[16,51,68,112],
[17,63,79,107,136],
[18,45,99,105],
[19,38,89,120,141],
[20,61,84,103,138],
[21,54,78,121],
[22,37,98,106],
[23,60,73,122],
[24,47,69,131,144],
[25,42,81,129],
[26,46,93,111],
[27,56,86,113],
[28,40,72,126],
[29,57,100,104,145],
[30,39,77,109,143],
[31,52,92,128,137],
[32,35,83,108],
[33,36,71,117]],

[[0,36,84,109],
[1,59,88,111],
[2,51,95,115],
[3,66,91,124],
[4,35,76,131],
[5,44,71,116,136],
[6,50,81,128],
[7,45,98,133,141],
[8,65,77,103,140],
[9,60,101,134],
[10,42,75,125],
[11,67,97,102],
[12,34,86,126],
[13,56,92,135],
[14,54,96,120,143],
[15,49,83,117],
[16,63,89,119],
[17,52,69,113],
[18,64,80,108,137],
[19,46,100,106],
[20,39,90,121,142],
[21,62,85,104,139],
[22,55,79,122],
[23,38,99,107],
[24,61,74,123],
[25,48,70,132],
[26,43,82,130],
[27,47,94,112],
[28,57,87,114],
[29,41,73,127],
[30,58,68,105,145],
[31,40,78,110,144],
[32,53,93,129,138],
[33,37,72,118]],

[[0,54,94,130,139],
[1,37,85,110],
[2,60,89,112],
[3,52,96,116],
[4,34,92,125],
[5,36,77,132],
[6,45,72,117,137],
[7,51,82,129],
[8,46,99,134,142],
[9,66,78,104,141],
[10,61,101,102],
[11,43,76,126],
[12,67,98,103],
[13,35,87,127],
[14,57,93,135],
[15,55,97,121,144],
[16,50,84,118],
[17,64,90,120],
[18,53,70,114],
[19,65,81,109,138],
[20,47,68,107],
[21,40,91,122,143],
[22,63,86,105,140],
[23,56,80,123],
[24,39,100,108],
[25,62,75,124,136],
[26,49,71,133],
[27,44,83,131],
[28,48,95,113],
[29,58,88,115],
[30,42,74,128],
[31,59,69,106,145],
[32,41,79,111],
[33,38,73,119]],

[[0,42,80,112],
[1,55,95,131,140],
[2,38,86,111],
[3,61,90,113],
[4,53,97,117],
[5,35,93,126],
[6,37,78,133],
[7,46,73,118,138],
[8,52,83,130],
[9,47,100,102,143],
[10,34,79,105,142],
[11,62,101,103],
[12,44,77,127],
[13,67,99,104],
[14,36,88,128],
[15,58,94,135],
[16,56,98,122],
[17,51,85,119],
[18,65,91,121],
[19,54,71,115],
[20,66,82,110,139],
[21,48,69,108,136],
[22,41,92,123,144],
[23,64,87,106,141],
[24,57,81,124],
[25,40,68,109],
[26,63,76,125,137],
[27,50,72,134],
[28,45,84,132],
[29,49,96,114],
[30,59,89,116],
[31,43,75,129],
[32,60,70,107,145],
[33,39,74,120]],

[[0,61,71,108,145],
[1,43,81,113],
[2,56,96,132,141],
[3,39,87,112],
[4,62,91,114],
[5,54,98,118],
[6,36,94,127],
[7,38,79,134],
[8,47,74,119,139],
[9,53,84,131],
[10,48,68,103,144],
[11,35,80,106,143],
[12,63,101,104],
[13,45,78,128],
[14,67,100,105],
[15,37,89,129],
[16,59,95,135],
[17,57,99,123],
[18,52,86,120],
[19,66,92,122],
[20,55,72,116],
[21,34,83,111,140],
[22,49,70,109,137],
[23,42,93,124],
[24,65,88,107,142],
[25,58,82,125],
[26,41,69,110],
[27,64,77,126,138],
[28,51,73,102],
[29,46,85,133,136],
[30,50,97,115],
[31,60,90,117],
[32,44,76,130],
[33,40,75,121]],

[[0,45,77,131,136],
[1,62,72,109,145],
[2,44,82,114],
[3,57,97,133,142],
[4,40,88,113],
[5,63,92,115],
[6,55,99,119],
[7,37,95,128],
[8,39,80,102],
[9,48,75,120,140],
[10,54,85,132],
[11,49,69,104],
[12,36,81,107,144],
[13,64,101,105],
[14,46,79,129],
[15,67,68,106],
[16,38,90,130],
[17,60,96,135],
[18,58,100,124],
[19,53,87,121],
[20,34,93,123],
[21,56,73,117],
[22,35,84,112,141],
[23,50,71,110,138],
[24,43,94,125],
[25,66,89,108,143],
[26,59,83,126],
[27,42,70,111],
[28,65,78,127,139],
[29,52,74,103],
[30,47,86,134,137],
[31,51,98,116],
[32,61,91,118],
[33,41,76,122]],

[[0,62,92,119],
[1,46,78,132,137],
[2,63,73,110,145],
[3,45,83,115],
[4,58,98,134,143],
[5,41,89,114],
[6,64,93,116],
[7,56,100,120],
[8,38,96,129],
[9,40,81,103],
[10,49,76,121,141],
[11,55,86,133],
[12,50,70,105],
[13,37,82,108],
[14,65,101,106],
[15,47,80,130],
[16,67,69,107],
[17,39,91,131],
[18,61,97,135],
[19,59,68,125],
[20,54,88,122],
[21,35,94,124],
[22,57,74,118],
[23,36,85,113,142],
[24,51,72,111,139],
[25,44,95,126],
[26,34,90,109,144],
[27,60,84,127],
[28,43,71,112],
[29,66,79,128,140],
[30,53,75,104],
[31,48,87,102,138],
[32,52,99,117,136],
[33,42,77,123]],

[[0,53,100,118,137],
[1,63,93,120],
[2,47,79,133,138],
[3,64,74,111,145],
[4,46,84,116],
[5,59,99,102,144],
[6,42,90,115],
[7,65,94,117],
[8,57,68,121,136],
[9,39,97,130],
[10,41,82,104],
[11,50,77,122,142],
[12,56,87,134],
[13,51,71,106],
[14,38,83,109],
[15,66,101,107],
[16,48,81,131],
[17,67,70,108],
[18,40,92,132],
[19,62,98,135],
[20,60,69,126],
[21,55,89,123],
[22,36,95,125],
[23,58,75,119],
[24,37,86,114,143],
[25,52,73,112,140],
[26,45,96,127],
[27,35,91,110],
[28,61,85,128],
[29,44,72,113],
[30,34,80,129,141],
[31,54,76,105],
[32,49,88,103,139],
[33,43,78,124]],

[[0,50,89,104,140],
[1,54,68,119,138],
[2,64,94,121],
[3,48,80,134,139],
[4,65,75,112,145],
[5,47,85,117],
[6,60,100,103],
[7,43,91,116],
[8,66,95,118],
[9,58,69,122,137],
[10,40,98,131],
[11,42,83,105,136],
[12,51,78,123,143],
[13,57,88,102],
[14,52,72,107],
[15,39,84,110],
[16,34,101,108],
[17,49,82,132],
[18,67,71,109],
[19,41,93,133],
[20,63,99,135],
[21,61,70,127],
[22,56,90,124],
[23,37,96,126],
[24,59,76,120],
[25,38,87,115,144],
[26,53,74,113,141],
[27,46,97,128],
[28,36,92,111],
[29,62,86,129],
[30,45,73,114],
[31,35,81,130,142],
[32,55,77,106],
[33,44,79,125]],

[[0,56,78,107],
[1,51,90,105,141],
[2,55,69,120,139],
[3,65,95,122],
[4,49,81,102,140],
[5,66,76,113,145],
[6,48,86,118],
[7,61,68,104],
[8,44,92,117],
[9,34,96,119,136],
[10,59,70,123,138],
[11,41,99,132],
[12,43,84,106,137],
[13,52,79,124,144],
[14,58,89,103],
[15,53,73,108],
[16,40,85,111],
[17,35,101,109],
[18,50,83,133],
[19,67,72,110],
[20,42,94,134],
[21,64,100,135],
[22,62,71,128],
[23,57,91,125],
[24,38,97,127],
[25,60,77,121],
[26,39,88,116],
[27,54,75,114,142],
[28,47,98,129],
[29,37,93,112],
[30,63,87,130],
[31,46,74,115],
[32,36,82,131,143],
[33,45,80,126]],

[[0,37,83,132,144],
[1,57,79,108],
[2,52,91,106,142],
[3,56,70,121,140],
[4,66,96,123],
[5,50,82,103,141],
[6,34,77,114,145],
[7,49,87,119],
[8,62,69,105],
[9,45,93,118],
[10,35,97,120,137],
[11,60,71,124,139],
[12,42,100,133],
[13,44,85,107,138],
[14,53,80,125],
[15,59,90,104],
[16,54,74,109],
[17,41,86,112],
[18,36,101,110],
[19,51,84,134],
[20,67,73,111],
[21,43,95,102],
[22,65,68,135],
[23,63,72,129],
[24,58,92,126,136],
[25,39,98,128],
[26,61,78,122],
[27,40,89,117],
[28,55,76,115,143],
[29,48,99,130],
[30,38,94,113],
[31,64,88,131],
[32,47,75,116],
[33,46,81,127]],

[[0,48,76,117],
[1,38,84,133],
[2,58,80,109],
[3,53,92,107,143],
[4,57,71,122,141],
[5,34,97,124],
[6,51,83,104,142],
[7,35,78,115,145],
[8,50,88,120],
[9,63,70,106],
[10,46,94,119],
[11,36,98,121,138],
[12,61,72,125,140],
[13,43,68,134],
[14,45,86,108,139],
[15,54,81,126],
[16,60,91,105],
[17,55,75,110],
[18,42,87,113],
[19,37,101,111,136],
[20,52,85,102],
[21,67,74,112],
[22,44,96,103],
[23,66,69,135],
[24,64,73,130],
[25,59,93,127,137],
[26,40,99,129],
[27,62,79,123],
[28,41,90,118],
[29,56,77,116,144],
[30,49,100,131],
[31,39,95,114],
[32,65,89,132],
[33,47,82,128]],

[[0,66,90,133],
[1,49,77,118],
[2,39,85,134],
[3,59,81,110],
[4,54,93,108,144],
[5,58,72,123,142],
[6,35,98,125,136],
[7,52,84,105,143],
[8,36,79,116,145],
[9,51,89,121],
[10,64,71,107],
[11,47,95,120],
[12,37,99,122,139],
[13,62,73,126,141],
[14,44,69,102],
[15,46,87,109,140],
[16,55,82,127],
[17,61,92,106],
[18,56,76,111],
[19,43,88,114],
[20,38,101,112,137],
[21,53,86,103],
[22,67,75,113],
[23,45,97,104],
[24,34,70,135],
[25,65,74,131],
[26,60,94,128,138],
[27,41,100,130],
[28,63,80,124],
[29,42,91,119],
[30,57,78,117],
[31,50,68,132],
[32,40,96,115],
[33,48,83,129]],

[[0,41,97,116],
[1,34,91,134],
[2,50,78,119],
[3,40,86,102],
[4,60,82,111],
[5,55,94,109],
[6,59,73,124,143],
[7,36,99,126,137],
[8,53,85,106,144],
[9,37,80,117,145],
[10,52,90,122],
[11,65,72,108],
[12,48,96,121],
[13,38,100,123,140],
[14,63,74,127,142],
[15,45,70,103],
[16,47,88,110,141],
[17,56,83,128],
[18,62,93,107],
[19,57,77,112],
[20,44,89,115],
[21,39,101,113,138],
[22,54,87,104,136],
[23,67,76,114],
[24,46,98,105],
[25,35,71,135],
[26,66,75,132],
[27,61,95,129,139],
[28,42,68,131],
[29,64,81,125],
[30,43,92,120],
[31,58,79,118],
[32,51,69,133],
[33,49,84,130]],

[[0,52,70,134],
[1,42,98,117],
[2,35,92,102],
[3,51,79,120],
[4,41,87,103],
[5,61,83,112],
[6,56,95,110],
[7,60,74,125,144],
[8,37,100,127,138],
[9,54,86,107],
[10,38,81,118,145],
[11,53,91,123],
[12,66,73,109],
[13,49,97,122,136],
[14,39,68,124,141],
[15,64,75,128,143],
[16,46,71,104],
[17,48,89,111,142],
[18,57,84,129],
[19,63,94,108],
[20,58,78,113],
[21,45,90,116],
[22,40,101,114,139],
[23,55,88,105,137],
[24,67,77,115],
[25,47,99,106],
[26,36,72,135],
[27,34,76,133],
[28,62,96,130,140],
[29,43,69,132],
[30,65,82,126],
[31,44,93,121],
[32,59,80,119],
[33,50,85,131]],

[[0,60,81,120],
[1,53,71,102],
[2,43,99,118],
[3,36,93,103],
[4,52,80,121],
[5,42,88,104],
[6,62,84,113],
[7,57,96,111],
[8,61,75,126],
[9,38,68,128,139],
[10,55,87,108],
[11,39,82,119,145],
[12,54,92,124],
[13,34,74,110],
[14,50,98,123,137],
[15,40,69,125,142],
[16,65,76,129,144],
[17,47,72,105],
[18,49,90,112,143],
[19,58,85,130],
[20,64,95,109,136],
[21,59,79,114],
[22,46,91,117],
[23,41,101,115,140],
[24,56,89,106,138],
[25,67,78,116],
[26,48,100,107],
[27,37,73,135],
[28,35,77,134],
[29,63,97,131,141],
[30,44,70,133],
[31,66,83,127],
[32,45,94,122],
[33,51,86,132]],

[[0,46,95,123],
[1,61,82,121],
[2,54,72,103],
[3,44,100,119],
[4,37,94,104],
[5,53,81,122],
[6,43,89,105],
[7,63,85,114],
[8,58,97,112],
[9,62,76,127],
[10,39,69,129,140],
[11,56,88,109],
[12,40,83,120,145],
[13,55,93,125],
[14,35,75,111],
[15,51,99,124,138],
[16,41,70,126,143],
[17,66,77,130],
[18,48,73,106],
[19,50,91,113,144],
[20,59,86,131],
[21,65,96,110,137],
[22,60,80,115],
[23,47,92,118],
[24,42,101,116,141],
[25,57,90,107,139],
[26,67,79,117],
[27,49,68,108],
[28,38,74,135,136],
[29,36,78,102],
[30,64,98,132,142],
[31,45,71,134],
[32,34,84,128],
[33,52,87,133]],

[[0,35,85,129],
[1,47,96,124],
[2,62,83,122],
[3,55,73,104],
[4,45,68,120],
[5,38,95,105],
[6,54,82,123],
[7,44,90,106],
[8,64,86,115],
[9,59,98,113],
[10,63,77,128],
[11,40,70,130,141],
[12,57,89,110],
[13,41,84,121,145],
[14,56,94,126],
[15,36,76,112],
[16,52,100,125,139],
[17,42,71,127,144],
[18,34,78,131],
[19,49,74,107],
[20,51,92,114],
[21,60,87,132],
[22,66,97,111,138],
[23,61,81,116],
[24,48,93,119],
[25,43,101,117,142],
[26,58,91,108,140],
[27,67,80,118,136],
[28,50,69,109],
[29,39,75,135,137],
[30,37,79,103],
[31,65,99,133,143],
[32,46,72,102],
[33,53,88,134]],

[[0,47,73,103],
[1,36,86,130,136],
[2,48,97,125],
[3,63,84,123],
[4,56,74,105],
[5,46,69,121],
[6,39,96,106],
[7,55,83,124],
[8,45,91,107],
[9,65,87,116],
[10,60,99,114],
[11,64,78,129],
[12,41,71,131,142],
[13,58,90,111],
[14,42,85,122,145],
[15,57,95,127],
[16,37,77,113],
[17,53,68,126,140],
[18,43,72,128],
[19,35,79,132],
[20,50,75,108],
[21,52,93,115],
[22,61,88,133],
[23,34,98,112,139],
[24,62,82,117],
[25,49,94,120],
[26,44,101,118,143],
[27,59,92,109,141],
[28,67,81,119,137],
[29,51,70,110],
[30,40,76,135,138],
[31,38,80,104],
[32,66,100,134,144],
[33,54,89,102]],

[[0,59,96,105],
[1,60,97,106],
[2,61,98,107],
[3,62,99,108],
[4,63,100,109],
[5,64,68,110],
[6,65,69,111],
[7,66,70,112],
[8,34,71,113],
[9,35,72,114],
[10,36,73,115],
[11,37,74,116],
[12,38,75,117],
[13,39,76,118],
[14,40,77,119],
[15,41,78,120,136],
[16,42,79,121,137],
[17,43,80,122,138],
[18,44,81,123,139],
[19,45,82,124,140],
[20,46,83,125,141],
[21,47,84,126,142],
[22,48,85,127,143],
[23,49,86,128,144],
[24,50,87,129],
[25,51,88,130],
[26,52,89,131],
[27,53,90,132],
[28,54,91,133],
[29,55,92,134],
[30,56,93,102],
[31,57,94,103],
[32,58,95,104],
[33,67,101,135,145]]

]
