[[[0,27,54,81,108],
[1,28,56,84,112],
[2,29,57,85,113],
[3,30,58,86,114],
[4,31,59,87,115],
[5,32,60,88,116],
[6,33,61,89,117],
[7,34,62,90,118],
[8,35,63,91,119],
[9,36,64,92,120],
[10,37,65,93,121],
[11,38,66,94,122,135],
[12,39,67,95,123,136],
[13,40,68,96,124,137],
[14,41,69,97,125,138],
[15,42,70,98,126,139],
[16,43,71,99,127,140],
[17,44,72,100,128,141],
[18,45,73,101,129,142],
[19,46,74,102,130,143],
[20,47,75,103,131,144],
[21,48,76,104,132,145],
[22,49,77,105,133,146],
[23,50,78,106,134],
[24,51,79,107,109],
[25,52,80,82,110],
[26,53,55,83,111]],

[[0,28,55,82,109],
[1,41,64,103,110,139],
[2,37,76,83,127,138],
[3,49,56,100,126],
[4,29,73,99,120],
[5,46,72,93,113,136],
[6,45,66,86,124],
[7,39,59,97,112],
[8,32,70,85,115],
[9,43,58,88,119],
[10,31,61,92,111],
[11,34,65,84,108,137],
[12,38,57,81,125,146],
[13,30,54,98,134,143],
[14,27,71,107,131,141],
[15,44,80,104,129],
[16,53,77,102,116,144],
[17,50,75,89,132],
[18,48,62,105,114],
[19,35,78,87,121,135],
[20,51,60,94,123,145],
[21,33,67,96,133,140],
[22,40,69,106,128],
[23,42,79,101,117],
[24,52,74,90,122],
[25,47,63,95,118,142],
[26,36,68,91,130]],

[[0,29,56,83,110],
[1,37,69,92,131],
[2,42,65,104,111,140],
[3,38,77,84,128,139],
[4,50,57,101,127],
[5,30,74,100,121],
[6,47,73,94,114,137],
[7,46,67,87,125],
[8,40,60,98,113],
[9,33,71,86,116],
[10,44,59,89,120],
[11,32,62,93,112],
[12,35,66,85,108,138],
[13,39,58,81,126],
[14,31,54,99,109,144],
[15,27,72,82,132,142],
[16,45,55,105,130],
[17,28,78,103,117,145],
[18,51,76,90,133],
[19,49,63,106,115],
[20,36,79,88,122,136],
[21,52,61,95,124,146],
[22,34,68,97,134,141],
[23,41,70,107,129],
[24,43,80,102,118,135],
[25,53,75,91,123],
[26,48,64,96,119,143]],

[[0,30,57,84,111],
[1,49,65,97,120,144],
[2,38,70,93,132],
[3,43,66,105,112,141],
[4,39,78,85,129,140],
[5,51,58,102,128],
[6,31,75,101,122],
[7,48,74,95,115,138],
[8,47,68,88,126],
[9,41,61,99,114],
[10,34,72,87,117],
[11,45,60,90,121],
[12,33,63,94,113],
[13,36,67,86,108,139],
[14,40,59,81,127],
[15,32,54,100,110,145],
[16,27,73,83,133,143],
[17,46,56,106,131],
[18,29,79,104,118,146],
[19,52,77,91,134],
[20,50,64,107,116,135],
[21,37,80,89,123,137],
[22,53,62,96,125],
[23,35,69,98,109,142],
[24,42,71,82,130],
[25,44,55,103,119,136],
[26,28,76,92,124]],

[[0,31,58,85,112],
[1,29,77,93,125],
[2,50,66,98,121,145],
[3,39,71,94,133],
[4,44,67,106,113,142],
[5,40,79,86,130,141],
[6,52,59,103,129,135],
[7,32,76,102,123],
[8,49,75,96,116,139],
[9,48,69,89,127],
[10,42,62,100,115],
[11,35,73,88,118],
[12,46,61,91,122],
[13,34,64,95,114],
[14,37,68,87,108,140],
[15,41,60,81,128],
[16,33,54,101,111,146],
[17,27,74,84,134,144],
[18,47,57,107,132],
[19,30,80,105,119],
[20,53,78,92,109],
[21,51,65,82,117,136],
[22,38,55,90,124,138],
[23,28,63,97,126],
[24,36,70,99,110,143],
[25,43,72,83,131],
[26,45,56,104,120,137]],

[[0,32,59,86,113],
[1,46,57,105,121,138],
[2,30,78,94,126],
[3,51,67,99,122,146],
[4,40,72,95,134],
[5,45,68,107,114,143],
[6,41,80,87,131,142],
[7,53,60,104,130,136],
[8,33,77,103,124],
[9,50,76,97,117,140],
[10,49,70,90,128],
[11,43,63,101,116],
[12,36,74,89,119,135],
[13,47,62,92,123],
[14,35,65,96,115],
[15,38,69,88,108,141],
[16,42,61,81,129],
[17,34,54,102,112],
[18,27,75,85,109,145],
[19,48,58,82,133],
[20,31,55,106,120],
[21,28,79,93,110],
[22,52,66,83,118,137],
[23,39,56,91,125,139],
[24,29,64,98,127],
[25,37,71,100,111,144],
[26,44,73,84,132]],

[[0,33,60,87,114],
[1,45,74,85,133],
[2,47,58,106,122,139],
[3,31,79,95,127,135],
[4,52,68,100,123],
[5,41,73,96,109],
[6,46,69,82,115,144],
[7,42,55,88,132,143],
[8,28,61,105,131,137],
[9,34,78,104,125],
[10,51,77,98,118,141],
[11,50,71,91,129],
[12,44,64,102,117],
[13,37,75,90,120,136],
[14,48,63,93,124],
[15,36,66,97,116],
[16,39,70,89,108,142],
[17,43,62,81,130],
[18,35,54,103,113],
[19,27,76,86,110,146],
[20,49,59,83,134],
[21,32,56,107,121],
[22,29,80,94,111],
[23,53,67,84,119,138],
[24,40,57,92,126,140],
[25,30,65,99,128],
[26,38,72,101,112,145]],

[[0,34,61,88,115],
[1,39,73,102,113,146],
[2,46,75,86,134,135],
[3,48,59,107,123,140],
[4,32,80,96,128,136],
[5,53,69,101,124],
[6,42,74,97,110],
[7,47,70,83,116,145],
[8,43,56,89,133,144],
[9,29,62,106,132,138],
[10,35,79,105,126],
[11,52,78,99,119,142],
[12,51,72,92,130],
[13,45,65,103,118],
[14,38,76,91,121,137],
[15,49,64,94,125],
[16,37,67,98,117],
[17,40,71,90,108,143],
[18,44,63,81,131],
[19,36,54,104,114],
[20,27,77,87,111],
[21,50,60,84,109],
[22,33,57,82,122],
[23,30,55,95,112],
[24,28,68,85,120,139],
[25,41,58,93,127,141],
[26,31,66,100,129]],

[[0,35,62,89,116],
[1,32,67,101,130],
[2,40,74,103,114],
[3,47,76,87,109,136],
[4,49,60,82,124,141],
[5,33,55,97,129,137],
[6,28,70,102,125],
[7,43,75,98,111],
[8,48,71,84,117,146],
[9,44,57,90,134,145],
[10,30,63,107,133,139],
[11,36,80,106,127],
[12,53,79,100,120,143],
[13,52,73,93,131],
[14,46,66,104,119],
[15,39,77,92,122,138],
[16,50,65,95,126],
[17,38,68,99,118],
[18,41,72,91,108,144],
[19,45,64,81,132],
[20,37,54,105,115],
[21,27,78,88,112],
[22,51,61,85,110,135],
[23,34,58,83,123],
[24,31,56,96,113],
[25,29,69,86,121,140],
[26,42,59,94,128,142]],

[[0,36,63,90,117],
[1,43,60,95,129,143],
[2,33,68,102,131],
[3,41,75,104,115],
[4,48,77,88,110,137],
[5,50,61,83,125,142],
[6,34,56,98,130,138],
[7,29,71,103,126],
[8,44,76,99,112],
[9,49,72,85,118],
[10,45,58,91,109,146],
[11,31,64,82,134,140],
[12,37,55,107,128],
[13,28,80,101,121,144],
[14,53,74,94,132],
[15,47,67,105,120,135],
[16,40,78,93,123,139],
[17,51,66,96,127],
[18,39,69,100,119],
[19,42,73,92,108,145],
[20,46,65,81,133],
[21,38,54,106,116],
[22,27,79,89,113],
[23,52,62,86,111,136],
[24,35,59,84,124],
[25,32,57,97,114],
[26,30,70,87,122,141]],

[[0,37,64,91,118],
[1,31,71,88,123,142],
[2,44,61,96,130,144],
[3,34,69,103,132],
[4,42,76,105,116],
[5,49,78,89,111,138],
[6,51,62,84,126,143],
[7,35,57,99,131,139],
[8,30,72,104,127],
[9,45,77,100,113],
[10,50,73,86,119],
[11,46,59,92,110],
[12,32,65,83,109,141],
[13,38,56,82,129],
[14,29,55,102,122,145],
[15,28,75,95,133],
[16,48,68,106,121,136],
[17,41,79,94,124,140],
[18,52,67,97,128],
[19,40,70,101,120],
[20,43,74,93,108,146],
[21,47,66,81,134],
[22,39,54,107,117],
[23,27,80,90,114],
[24,53,63,87,112,137],
[25,36,60,85,125],
[26,33,58,98,115,135]],

[[0,38,65,92,119],
[1,34,59,99,116,136],
[2,32,72,89,124,143],
[3,45,62,97,131,145],
[4,35,70,104,133],
[5,43,77,106,117],
[6,50,79,90,112,139],
[7,52,63,85,127,144],
[8,36,58,100,132,140],
[9,31,73,105,128],
[10,46,78,101,114],
[11,51,74,87,120],
[12,47,60,93,111],
[13,33,66,84,110,142],
[14,39,57,83,130,135],
[15,30,56,103,123,146],
[16,29,76,96,134],
[17,49,69,107,122,137],
[18,42,80,95,125,141],
[19,53,68,98,129],
[20,41,71,102,121],
[21,44,75,94,108],
[22,48,67,81,109],
[23,40,54,82,118],
[24,27,55,91,115],
[25,28,64,88,113,138],
[26,37,61,86,126]],

[[0,39,66,93,120],
[1,38,62,87,127],
[2,35,60,100,117,137],
[3,33,73,90,125,144],
[4,46,63,98,132,146],
[5,36,71,105,134],
[6,44,78,107,118],
[7,51,80,91,113,140],
[8,53,64,86,128,145],
[9,37,59,101,133,141],
[10,32,74,106,129],
[11,47,79,102,115],
[12,52,75,88,121],
[13,48,61,94,112],
[14,34,67,85,111,143],
[15,40,58,84,131,136],
[16,31,57,104,124],
[17,30,77,97,109,135],
[18,50,70,82,123,138],
[19,43,55,96,126,142],
[20,28,69,99,130],
[21,42,72,103,122],
[22,45,76,95,108],
[23,49,68,81,110],
[24,41,54,83,119],
[25,27,56,92,116],
[26,29,65,89,114,139]],

[[0,40,67,94,121],
[1,30,66,90,115,140],
[2,39,63,88,128],
[3,36,61,101,118,138],
[4,34,74,91,126,145],
[5,47,64,99,133],
[6,37,72,106,109],
[7,45,79,82,119],
[8,52,55,92,114,141],
[9,28,65,87,129,146],
[10,38,60,102,134,142],
[11,33,75,107,130],
[12,48,80,103,116],
[13,53,76,89,122],
[14,49,62,95,113],
[15,35,68,86,112,144],
[16,41,59,85,132,137],
[17,32,58,105,125],
[18,31,78,98,110,136],
[19,51,71,83,124,139],
[20,44,56,97,127,143],
[21,29,70,100,131,135],
[22,43,73,104,123],
[23,46,77,96,108],
[24,50,69,81,111],
[25,42,54,84,120],
[26,27,57,93,117]],

[[0,41,68,95,122],
[1,27,58,94,118],
[2,31,67,91,116,141],
[3,40,64,89,129],
[4,37,62,102,119,139],
[5,35,75,92,127,146],
[6,48,65,100,134],
[7,38,73,107,110],
[8,46,80,83,120],
[9,53,56,93,115,142],
[10,29,66,88,130],
[11,39,61,103,109,143],
[12,34,76,82,131],
[13,49,55,104,117,135],
[14,28,77,90,123],
[15,50,63,96,114],
[16,36,69,87,113,145],
[17,42,60,86,133,138],
[18,33,59,106,126],
[19,32,79,99,111,137],
[20,52,72,84,125,140],
[21,45,57,98,128,144],
[22,30,71,101,132,136],
[23,44,74,105,124],
[24,47,78,97,108],
[25,51,70,81,112],
[26,43,54,85,121]],

[[0,42,69,96,123,135],
[1,44,54,86,122],
[2,27,59,95,119],
[3,32,68,92,117,142],
[4,41,65,90,130],
[5,38,63,103,120,140],
[6,36,76,93,128],
[7,49,66,101,109],
[8,39,74,82,111],
[9,47,55,84,121],
[10,28,57,94,116,143],
[11,30,67,89,131],
[12,40,62,104,110,144],
[13,35,77,83,132],
[14,50,56,105,118,136],
[15,29,78,91,124],
[16,51,64,97,115],
[17,37,70,88,114,146],
[18,43,61,87,134,139],
[19,34,60,107,127],
[20,33,80,100,112,138],
[21,53,73,85,126,141],
[22,46,58,99,129,145],
[23,31,72,102,133,137],
[24,45,75,106,125],
[25,48,79,98,108],
[26,52,71,81,113]],

[[0,43,70,97,124,136],
[1,53,72,81,114,135],
[2,45,54,87,123],
[3,27,60,96,120],
[4,33,69,93,118,143],
[5,42,66,91,131],
[6,39,64,104,121,141],
[7,37,77,94,129],
[8,50,67,102,110],
[9,40,75,83,112],
[10,48,56,85,122],
[11,29,58,95,117,144],
[12,31,68,90,132],
[13,41,63,105,111,145],
[14,36,78,84,133],
[15,51,57,106,119,137],
[16,30,79,92,125],
[17,52,65,98,116],
[18,38,71,89,115],
[19,44,62,88,109,140],
[20,35,61,82,128],
[21,34,55,101,113,139],
[22,28,74,86,127,142],
[23,47,59,100,130,146],
[24,32,73,103,134,138],
[25,46,76,107,126],
[26,49,80,99,108]],

[[0,44,71,98,125,137],
[1,50,55,100,108],
[2,28,73,81,115,136],
[3,46,54,88,124],
[4,27,61,97,121],
[5,34,70,94,119,144],
[6,43,67,92,132],
[7,40,65,105,122,142],
[8,38,78,95,130],
[9,51,68,103,111],
[10,41,76,84,113,135],
[11,49,57,86,123],
[12,30,59,96,118,145],
[13,32,69,91,133],
[14,42,64,106,112,146],
[15,37,79,85,134],
[16,52,58,107,120,138],
[17,31,80,93,126],
[18,53,66,99,117],
[19,39,72,90,116],
[20,45,63,89,110,141],
[21,36,62,83,129],
[22,35,56,102,114,140],
[23,29,75,87,128,143],
[24,48,60,101,131],
[25,33,74,104,109,139],
[26,47,77,82,127]],

[[0,45,72,99,126,138],
[1,48,78,83,128],
[2,51,56,101,108],
[3,29,74,81,116,137],
[4,47,54,89,125],
[5,27,62,98,122],
[6,35,71,95,120,145],
[7,44,68,93,133,135],
[8,41,66,106,123,143],
[9,39,79,96,131],
[10,52,69,104,112],
[11,42,77,85,114,136],
[12,50,58,87,124],
[13,31,60,97,119,146],
[14,33,70,92,134],
[15,43,65,107,113],
[16,38,80,86,109],
[17,53,59,82,121,139],
[18,32,55,94,127],
[19,28,67,100,118],
[20,40,73,91,117],
[21,46,64,90,111,142],
[22,37,63,84,130],
[23,36,57,103,115,141],
[24,30,76,88,129,144],
[25,49,61,102,132],
[26,34,75,105,110,140]],

[[0,46,73,100,127,139],
[1,35,76,106,111,141],
[2,49,79,84,129],
[3,52,57,102,108],
[4,30,75,81,117,138],
[5,48,54,90,126,135],
[6,27,63,99,123],
[7,36,72,96,121,146],
[8,45,69,94,134,136],
[9,42,67,107,124,144],
[10,40,80,97,132],
[11,53,70,105,113],
[12,43,78,86,115,137],
[13,51,59,88,125],
[14,32,61,98,120],
[15,34,71,93,109],
[16,44,66,82,114],
[17,39,55,87,110],
[18,28,60,83,122,140],
[19,33,56,95,128],
[20,29,68,101,119],
[21,41,74,92,118],
[22,47,65,91,112,143],
[23,38,64,85,131],
[24,37,58,104,116,142],
[25,31,77,89,130,145],
[26,50,62,103,133]],

[[0,47,74,101,128,140],
[1,51,63,104,134],
[2,36,77,107,112,142],
[3,50,80,85,130],
[4,53,58,103,108],
[5,31,76,81,118,139],
[6,49,54,91,127,136],
[7,27,64,100,124],
[8,37,73,97,122],
[9,46,70,95,109,137],
[10,43,68,82,125,145],
[11,41,55,98,133],
[12,28,71,106,114],
[13,44,79,87,116,138],
[14,52,60,89,126],
[15,33,62,99,121],
[16,35,72,94,110],
[17,45,67,83,115],
[18,40,56,88,111,135],
[19,29,61,84,123,141],
[20,34,57,96,129],
[21,30,69,102,120],
[22,42,75,93,119],
[23,48,66,92,113,144],
[24,39,65,86,132],
[25,38,59,105,117,143],
[26,32,78,90,131,146]],

[[0,48,75,102,129,141],
[1,33,79,91,132],
[2,52,64,105,109],
[3,37,78,82,113,143],
[4,51,55,86,131],
[5,28,59,104,108],
[6,32,77,81,119,140],
[7,50,54,92,128,137],
[8,27,65,101,125,135],
[9,38,74,98,123],
[10,47,71,96,110,138],
[11,44,69,83,126,146],
[12,42,56,99,134],
[13,29,72,107,115],
[14,45,80,88,117,139],
[15,53,61,90,127],
[16,34,63,100,122],
[17,36,73,95,111],
[18,46,68,84,116],
[19,41,57,89,112,136],
[20,30,62,85,124,142],
[21,35,58,97,130],
[22,31,70,103,121],
[23,43,76,94,120],
[24,49,67,93,114,145],
[25,40,66,87,133],
[26,39,60,106,118,144]],

[[0,49,76,103,130,142],
[1,40,61,107,119,145],
[2,34,80,92,133],
[3,53,65,106,110],
[4,38,79,83,114,144],
[5,52,56,87,132],
[6,29,60,105,108],
[7,33,78,81,120,141],
[8,51,54,93,129,138],
[9,27,66,102,126,136],
[10,39,75,99,124],
[11,48,72,97,111,139],
[12,45,70,84,127],
[13,43,57,100,109],
[14,30,73,82,116],
[15,46,55,89,118,140],
[16,28,62,91,128,135],
[17,35,64,101,123],
[18,37,74,96,112],
[19,47,69,85,117],
[20,42,58,90,113,137],
[21,31,63,86,125,143],
[22,36,59,98,131],
[23,32,71,104,122],
[24,44,77,95,121],
[25,50,68,94,115,146],
[26,41,67,88,134]],

[[0,50,77,104,131,143],
[1,42,68,89,109],
[2,41,62,82,120,146],
[3,35,55,93,134],
[4,28,66,107,111],
[5,39,80,84,115,145],
[6,53,57,88,133],
[7,30,61,106,108],
[8,34,79,81,121,142],
[9,52,54,94,130,139],
[10,27,67,103,127,137],
[11,40,76,100,125],
[12,49,73,98,112,140],
[13,46,71,85,128],
[14,44,58,101,110],
[15,31,74,83,117],
[16,47,56,90,119,141],
[17,29,63,92,129,136],
[18,36,65,102,124],
[19,38,75,97,113],
[20,48,70,86,118],
[21,43,59,91,114,138],
[22,32,64,87,126,144],
[23,37,60,99,132,135],
[24,33,72,105,123],
[25,45,78,96,122],
[26,51,69,95,116]],

[[0,51,78,105,132,144],
[1,52,70,96,117],
[2,43,69,90,110],
[3,42,63,83,121],
[4,36,56,94,109],
[5,29,67,82,112],
[6,40,55,85,116,146],
[7,28,58,89,134],
[8,31,62,107,108],
[9,35,80,81,122,143],
[10,53,54,95,131,140],
[11,27,68,104,128,138],
[12,41,77,101,126],
[13,50,74,99,113,141],
[14,47,72,86,129],
[15,45,59,102,111],
[16,32,75,84,118],
[17,48,57,91,120,142],
[18,30,64,93,130,137],
[19,37,66,103,125],
[20,39,76,98,114],
[21,49,71,87,119],
[22,44,60,92,115,139],
[23,33,65,88,127,145],
[24,38,61,100,133,136],
[25,34,73,106,124,135],
[26,46,79,97,123]],

[[0,52,79,106,133,145],
[1,47,80,98,124],
[2,53,71,97,118],
[3,44,70,91,111],
[4,43,64,84,122],
[5,37,57,95,110],
[6,30,68,83,113],
[7,41,56,86,117],
[8,29,59,90,109],
[9,32,63,82,108,135],
[10,36,55,81,123,144],
[11,28,54,96,132,141],
[12,27,69,105,129,139],
[13,42,78,102,127],
[14,51,75,100,114,142],
[15,48,73,87,130],
[16,46,60,103,112],
[17,33,76,85,119],
[18,49,58,92,121,143],
[19,31,65,94,131,138],
[20,38,67,104,126],
[21,40,77,99,115],
[22,50,72,88,120],
[23,45,61,93,116,140],
[24,34,66,89,128,146],
[25,39,62,101,134,137],
[26,35,74,107,125,136]],

[[0,53,80,107,134,146],
[1,36,75,82,126,137],
[2,48,55,99,125],
[3,28,72,98,119],
[4,45,71,92,112,135],
[5,44,65,85,123],
[6,38,58,96,111],
[7,31,69,84,114],
[8,42,57,87,118],
[9,30,60,91,110],
[10,33,64,83,108,136],
[11,37,56,81,124,145],
[12,29,54,97,133,142],
[13,27,70,106,130,140],
[14,43,79,103,128],
[15,52,76,101,115,143],
[16,49,74,88,131],
[17,47,61,104,113],
[18,34,77,86,120],
[19,50,59,93,122,144],
[20,32,66,95,132,139],
[21,39,68,105,127],
[22,41,78,100,116],
[23,51,73,89,121],
[24,46,62,94,117,141],
[25,35,67,90,129],
[26,40,63,102,109,138]]

]
