[[[0,28,56,84,112,143],
[1,47,78,101,127],
[2,52,83,107,121],
[3,44,69,89,130,140],
[4,41,67,102,124],
[5,36,65,108,118],
[6,53,59,106,131],
[7,50,75,85,129],
[8,40,82,90,117],
[9,31,64,91,126],
[10,30,57,95,138],
[11,49,81,103,132],
[12,54,74,99,119],
[13,39,72,96,113],
[14,37,58,111,136],
[15,35,80,110,120],
[16,45,61,87,122],
[17,38,79,98,134],
[18,34,70,105,128],
[19,43,73,86,137,142],
[20,32,71,94,114,141],
[21,46,68,97,116],
[22,33,63,109,133],
[23,42,66,100,125],
[24,51,60,92,139],
[25,55,62,104,115],
[26,29,76,88,135],
[27,48,77,93,123]],

[[0,54,60,107,132],
[1,29,57,85,113,143],
[2,48,79,102,128],
[3,53,77,108,122],
[4,45,63,90,131,140],
[5,35,68,103,125],
[6,37,66,109,112],
[7,40,73,97,114],
[8,51,76,86,130],
[9,41,83,84,118],
[10,32,65,92,127],
[11,31,58,96,139],
[12,50,82,104,126],
[13,55,75,100,120],
[14,33,72,95,115,141],
[15,38,59,105,137],
[16,36,81,111,121],
[17,46,62,88,123],
[18,39,80,99,135],
[19,28,71,106,129],
[20,44,74,87,138,142],
[21,42,78,94,124],
[22,47,69,91,117],
[23,34,64,110,134],
[24,43,67,101,119],
[25,52,61,93,133],
[26,49,56,98,116],
[27,30,70,89,136]],

[[0,38,67,110,113],
[1,55,61,108,126],
[2,30,58,86,114,143],
[3,42,80,103,129],
[4,54,78,109,123],
[5,46,64,84,132,140],
[6,36,69,104,119],
[7,49,76,101,121],
[8,41,74,91,115],
[9,52,70,87,131],
[10,35,77,85,112],
[11,33,66,93,128],
[12,32,59,97,133],
[13,51,83,98,127],
[14,45,75,88,139,142],
[15,34,73,96,116,141],
[16,39,60,106,138],
[17,37,82,105,122],
[18,47,56,89,124],
[19,40,81,100,136],
[20,29,72,107,130],
[21,31,71,90,137],
[22,43,79,95,125],
[23,48,63,92,118],
[24,28,65,111,135],
[25,44,68,102,120],
[26,53,62,94,134],
[27,50,57,99,117]],

[[0,37,63,98,120],
[1,39,68,111,114],
[2,49,62,109,127],
[3,31,59,87,115,143],
[4,43,81,104,130],
[5,55,79,110,124],
[6,47,65,85,126,140],
[7,52,77,99,128],
[8,50,70,102,122],
[9,35,75,92,116],
[10,53,71,88,132],
[11,36,78,86,113],
[12,34,67,94,129],
[13,33,60,91,134],
[14,30,73,108,131],
[15,46,76,89,133,142],
[16,28,74,97,117,141],
[17,40,61,107,139],
[18,38,83,106,123],
[19,48,57,90,125],
[20,41,82,101,137],
[21,51,58,100,118],
[22,32,72,84,138],
[23,44,80,96,119],
[24,42,64,93,112],
[25,29,66,105,136],
[26,45,69,103,121],
[27,54,56,95,135]],

[[0,48,66,86,127,140],
[1,38,64,99,121],
[2,40,69,105,115],
[3,50,56,110,128],
[4,32,60,88,116,143],
[5,44,82,98,131],
[6,49,80,111,125],
[7,34,61,92,135],
[8,53,78,100,129],
[9,51,71,103,123],
[10,36,76,93,117],
[11,54,72,89,126],
[12,37,79,87,114],
[13,28,68,95,130],
[14,35,83,102,138],
[15,31,74,109,132],
[16,47,70,90,134,142],
[17,29,75,91,118,141],
[18,41,62,108,133],
[19,39,77,107,124],
[20,42,58,84,119],
[21,55,57,96,136],
[22,52,59,101,112],
[23,33,73,85,139],
[24,45,81,97,120],
[25,43,65,94,113],
[26,30,67,106,137],
[27,46,63,104,122]],

[[0,50,81,105,119],
[1,42,67,87,128,140],
[2,39,65,100,122],
[3,41,63,106,116],
[4,51,57,111,129],
[5,33,61,89,117,143],
[6,45,83,99,132],
[7,29,69,96,131],
[8,28,62,93,136],
[9,54,79,101,130],
[10,52,72,104,124],
[11,37,70,94,118],
[12,55,73,90,127],
[13,38,80,88,115],
[14,43,59,85,120],
[15,36,77,103,139],
[16,32,75,110,126],
[17,48,71,84,135,142],
[18,30,76,92,112,141],
[19,35,56,109,134],
[20,40,78,108,125],
[21,47,64,98,123],
[22,49,58,97,137],
[23,53,60,102,113],
[24,34,74,86,133],
[25,46,82,91,121],
[26,44,66,95,114],
[27,31,68,107,138]],

[[0,46,77,100,126],
[1,51,82,106,120],
[2,43,68,88,129,140],
[3,40,66,101,123],
[4,35,64,107,117],
[5,52,58,105,130],
[6,34,62,90,118,143],
[7,39,81,89,116],
[8,30,63,97,132],
[9,29,56,94,137],
[10,55,80,102,131],
[11,53,73,98,125],
[12,38,71,95,112],
[13,49,74,84,128],
[14,41,79,109,119],
[15,44,60,86,121],
[16,37,78,104,133],
[17,33,76,111,127],
[18,42,72,85,136,142],
[19,31,70,93,113,141],
[20,36,57,110,135],
[21,32,69,108,139],
[22,48,65,99,124],
[23,50,59,91,138],
[24,54,61,103,114],
[25,28,75,87,134],
[26,47,83,92,122],
[27,45,67,96,115]],

[[0,43,82,92,136],
[1,33,75,97,124],
[2,38,57,84,133],
[3,37,64,88,131],
[4,42,74,110,139],
[5,47,81,106,112],
[6,32,79,89,120],
[7,35,63,91,119,143],
[8,54,71,108,134],
[9,45,76,100,114],
[10,51,62,96,137,140],
[11,34,60,109,117],
[12,29,58,101,125],
[13,46,66,99,138],
[14,53,61,90,123],
[15,40,56,102,126],
[16,49,59,107,118],
[17,44,67,85,132],
[18,48,69,111,122],
[19,36,83,95,128],
[20,55,70,86,116],
[21,30,65,104,129],
[22,28,73,103,113],
[23,52,68,94,115],
[24,31,72,105,127],
[25,41,77,98,135],
[26,50,80,93,130,142],
[27,39,78,87,121,141]],

[[0,33,80,90,121],
[1,44,83,93,137],
[2,34,76,91,125],
[3,39,58,85,134],
[4,38,65,89,132],
[5,43,75,111,133],
[6,48,82,107,113],
[7,47,67,100,139],
[8,36,64,92,120,143],
[9,55,72,109,135],
[10,46,70,101,115],
[11,52,56,97,138,140],
[12,28,61,110,118],
[13,30,59,102,119],
[14,49,71,87,117],
[15,54,62,84,124],
[16,41,57,103,127],
[17,50,60,108,112],
[18,45,68,86,126],
[19,42,63,105,123],
[20,37,77,96,129],
[21,40,79,88,122,141],
[22,31,66,98,130],
[23,29,74,104,114],
[24,53,69,95,116],
[25,32,73,106,128],
[26,35,78,99,136],
[27,51,81,94,131,142]],

[[0,42,83,108,114],
[1,34,81,84,122],
[2,45,77,94,138],
[3,28,70,92,119],
[4,40,59,86,135],
[5,39,66,90,126],
[6,44,76,105,134],
[7,31,60,103,120],
[8,48,68,101,133],
[9,37,65,93,121,143],
[10,49,73,110,136],
[11,47,71,102,116],
[12,53,57,91,139,140],
[13,29,62,111,112],
[14,38,78,97,130],
[15,50,72,88,118],
[16,55,56,85,125],
[17,35,58,104,128],
[18,51,61,109,113],
[19,46,69,87,127],
[20,43,64,106,124],
[21,52,82,95,132,142],
[22,41,80,89,123,141],
[23,32,67,99,131],
[24,30,75,98,115],
[25,54,63,96,117],
[26,33,74,107,129],
[27,36,79,100,137]],

[[0,45,70,106,135],
[1,43,77,109,115],
[2,28,82,85,123],
[3,46,78,95,139],
[4,29,71,93,120],
[5,41,60,87,136],
[6,40,67,84,127],
[7,30,56,105,113],
[8,32,61,104,121],
[9,42,69,102,134],
[10,38,66,94,122,143],
[11,50,74,111,137],
[12,48,72,103,117],
[13,54,58,92,133,140],
[14,44,65,107,125],
[15,39,79,91,131],
[16,51,73,89,112],
[17,49,57,86,119],
[18,36,59,98,129],
[19,52,62,110,114],
[20,47,63,88,128],
[21,37,80,101,138],
[22,53,83,96,126,142],
[23,35,81,90,124,141],
[24,33,68,100,132],
[25,31,76,99,116],
[26,55,64,97,118],
[27,34,75,108,130]],

[[0,41,68,85,128],
[1,46,71,107,136],
[2,44,78,110,116],
[3,29,83,86,124],
[4,47,79,96,133],
[5,30,72,94,121],
[6,35,61,88,137],
[7,55,59,93,134,140],
[8,31,57,106,114],
[9,33,62,98,122],
[10,43,63,103,135],
[11,39,67,95,123,143],
[12,51,75,105,138],
[13,42,73,104,118],
[14,48,64,89,129],
[15,45,66,108,119],
[16,40,80,92,132],
[17,52,74,90,113],
[18,50,58,87,120],
[19,37,60,99,130],
[20,53,56,111,115],
[21,28,76,109,131],
[22,38,81,102,139],
[23,54,77,97,127,142],
[24,36,82,84,125,141],
[25,34,69,101,126],
[26,32,70,100,117],
[27,49,65,91,112]],

[[0,36,62,89,138],
[1,35,69,86,129],
[2,47,72,108,137],
[3,45,79,111,117],
[4,30,77,87,125],
[5,48,80,97,134],
[6,31,73,95,122],
[7,43,74,98,112],
[8,49,60,94,135,140],
[9,32,58,107,115],
[10,34,56,99,123],
[11,44,64,104,136],
[12,40,68,96,124,143],
[13,52,76,106,139],
[14,54,57,105,116],
[15,42,65,90,130],
[16,46,67,109,120],
[17,41,81,93,126],
[18,53,75,84,114],
[19,51,59,88,121],
[20,38,61,100,131],
[21,50,66,92,113],
[22,29,70,110,132],
[23,39,82,103,133],
[24,55,78,91,128,142],
[25,37,83,85,119,141],
[26,28,63,102,127],
[27,33,71,101,118]],

[[0,32,74,96,123],
[1,37,56,90,139],
[2,36,63,87,130],
[3,48,73,109,138],
[4,46,80,105,118],
[5,31,78,88,119],
[6,42,81,91,135],
[7,53,70,107,133],
[8,44,75,99,113],
[9,50,61,95,136,140],
[10,33,59,108,116],
[11,28,57,100,124],
[12,45,65,98,137],
[13,41,69,97,125,143],
[14,39,62,101,132],
[15,55,58,106,117],
[16,43,66,84,131],
[17,47,68,110,121],
[18,35,82,94,127],
[19,54,76,85,115],
[20,52,60,89,122],
[21,34,72,102,112],
[22,51,67,93,114],
[23,30,71,111,126],
[24,40,83,104,134],
[25,49,79,92,129,142],
[26,38,77,86,120,141],
[27,29,64,103,128]],

[[0,51,72,97,122],
[1,49,66,96,134],
[2,31,75,101,136],
[3,52,65,84,120],
[4,48,56,91,114],
[5,29,59,100,123,142],
[6,46,57,108,128,141],
[7,32,82,111,130],
[8,47,77,95,119],
[9,28,80,86,139],
[10,37,74,106,125],
[11,41,76,90,129],
[12,43,62,102,121],
[13,34,63,107,137],
[14,42,70,98,126,143],
[15,33,64,87,113],
[16,38,69,93,135],
[17,30,83,103,116,140],
[18,55,81,88,138],
[19,50,79,94,132],
[20,39,73,92,117],
[21,36,61,99,115],
[22,54,68,104,131],
[23,45,78,105,112],
[24,44,71,109,124],
[25,35,67,89,118],
[26,40,60,85,133],
[27,53,58,110,127]],

[[0,47,58,109,129,141],
[1,52,73,91,123],
[2,50,67,97,135],
[3,32,76,102,137],
[4,53,66,85,121],
[5,42,57,92,115],
[6,30,60,101,124,142],
[7,28,64,108,138],
[8,33,83,105,131],
[9,48,78,96,120],
[10,29,81,87,133],
[11,38,75,107,119],
[12,35,70,84,130],
[13,44,56,103,122],
[14,40,74,93,118],
[15,43,71,99,127,143],
[16,34,65,88,114],
[17,39,63,94,136],
[18,31,77,104,117,140],
[19,49,82,89,139],
[20,51,80,95,126],
[21,54,59,111,128],
[22,37,62,100,116],
[23,55,69,98,132],
[24,46,79,106,113],
[25,45,72,110,125],
[26,36,68,90,112],
[27,41,61,86,134]],

[[0,31,61,102,125,142],
[1,48,59,110,130,141],
[2,53,74,92,124],
[3,51,68,91,136],
[4,33,70,103,138],
[5,54,67,86,122],
[6,43,58,93,116],
[7,45,57,104,123],
[8,29,65,109,139],
[9,34,77,106,132],
[10,42,79,97,121],
[11,30,82,88,134],
[12,39,76,108,120],
[13,36,71,85,131],
[14,52,81,96,127],
[15,41,75,94,112],
[16,44,72,100,128,143],
[17,28,66,89,115],
[18,40,64,95,137],
[19,32,78,98,118,140],
[20,50,83,90,133],
[21,35,62,87,135],
[22,55,60,105,129],
[23,38,56,101,117],
[24,49,63,99,126],
[25,47,80,107,114],
[26,46,73,111,119],
[27,37,69,84,113]],

[[0,44,59,94,117],
[1,32,62,103,119,142],
[2,42,60,111,131,141],
[3,54,75,93,125],
[4,52,69,92,137],
[5,34,71,104,139],
[6,55,68,87,123],
[7,37,72,86,132],
[8,46,58,98,124],
[9,30,66,110,133],
[10,28,78,107,126],
[11,43,80,91,122],
[12,31,83,89,135],
[13,40,70,109,121],
[14,51,77,84,134],
[15,53,82,97,128],
[16,35,76,95,113],
[17,45,73,101,129,143],
[18,29,67,90,116],
[19,41,65,96,138],
[20,33,79,99,112,140],
[21,38,63,85,114],
[22,36,56,88,136],
[23,49,61,106,130],
[24,39,57,102,118],
[25,50,64,100,127],
[26,48,81,108,115],
[27,47,74,105,120]],

[[0,49,69,88,124],
[1,45,60,95,118],
[2,33,56,104,120,142],
[3,43,61,105,132,141],
[4,55,76,94,119],
[5,53,63,93,138],
[6,28,72,98,133],
[7,41,71,110,122],
[8,38,73,87,126],
[9,47,59,99,125],
[10,31,67,111,134],
[11,29,79,108,127],
[12,44,81,92,123],
[13,32,77,90,136],
[14,34,80,100,113,140],
[15,52,78,85,135],
[16,54,83,91,129],
[17,36,70,96,114],
[18,46,74,102,130,143],
[19,30,68,84,117],
[20,35,66,97,139],
[21,48,75,106,121],
[22,39,64,86,115],
[23,37,57,89,137],
[24,50,62,107,131],
[25,40,58,103,112],
[26,51,65,101,128],
[27,42,82,109,116]],

[[0,29,73,99,134],
[1,50,63,89,125],
[2,46,61,96,112],
[3,34,57,98,121,142],
[4,44,62,106,126,141],
[5,49,70,95,120],
[6,54,64,94,139],
[7,33,78,84,137],
[8,35,72,111,123],
[9,39,74,88,127],
[10,48,60,100,119],
[11,32,68,105,135],
[12,30,80,109,128],
[13,45,82,93,124],
[14,36,67,91,133],
[15,28,81,101,114,140],
[16,53,79,86,136],
[17,55,77,92,130],
[18,37,71,97,115],
[19,47,75,103,131,143],
[20,31,69,85,118],
[21,43,83,110,117],
[22,42,76,107,122],
[23,40,65,87,116],
[24,38,58,90,138],
[25,51,56,108,132],
[26,41,59,104,113],
[27,52,66,102,129]],

[[0,55,65,95,133],
[1,30,74,100,135],
[2,51,64,90,119],
[3,47,62,97,113],
[4,28,58,99,122,142],
[5,45,56,107,127,141],
[6,50,71,96,121],
[7,46,83,94,125],
[8,34,79,85,138],
[9,36,73,105,124],
[10,40,75,89,128],
[11,42,61,101,120],
[12,33,69,106,136],
[13,31,81,110,129],
[14,32,63,86,112],
[15,37,68,92,134],
[16,29,82,102,115,140],
[17,54,80,87,137],
[18,49,78,93,131],
[19,38,72,91,116],
[20,48,76,104,132,143],
[21,53,67,103,130],
[22,44,77,111,118],
[23,43,70,108,123],
[24,41,66,88,117],
[25,39,59,84,139],
[26,52,57,109,126],
[27,35,60,98,114]],

[[0,39,75,104,137],
[1,54,70,88,112],
[2,35,73,93,132],
[3,30,81,99,118],
[4,34,83,97,136],
[5,50,69,109,114],
[6,41,56,100,130],
[7,44,79,90,115],
[8,42,59,89,127],
[9,38,82,108,129],
[10,45,58,91,113],
[11,55,63,84,121],
[12,36,66,107,116,142],
[13,53,64,101,135,141],
[14,29,68,106,122],
[15,47,61,111,138],
[16,52,71,98,119],
[17,51,78,102,117],
[18,28,60,96,125],
[19,33,67,92,126],
[20,46,65,103,134],
[21,49,77,105,133,143],
[22,40,57,94,120],
[23,31,62,86,128],
[24,37,76,110,123,140],
[25,48,74,95,131],
[26,43,72,87,139],
[27,32,80,85,124]],

[[0,35,57,101,131],
[1,40,76,98,138],
[2,55,71,89,113],
[3,36,74,94,126],
[4,31,82,100,112],
[5,28,77,91,137],
[6,51,63,110,115],
[7,54,65,102,136,141],
[8,45,80,84,116],
[9,43,60,90,128],
[10,39,83,109,130],
[11,46,59,92,114],
[12,49,64,85,122],
[13,37,67,108,117,142],
[14,47,66,104,135],
[15,30,69,107,123],
[16,48,62,105,139],
[17,53,72,99,120],
[18,52,79,103,118],
[19,29,61,97,119],
[20,34,68,93,127],
[21,33,81,86,125],
[22,50,78,106,134,143],
[23,41,58,95,121],
[24,32,56,87,129],
[25,38,70,111,124,140],
[26,42,75,96,132],
[27,44,73,88,133]],

[[0,52,64,111,116],
[1,36,58,102,132],
[2,41,70,99,139],
[3,49,72,90,114],
[4,37,75,95,127],
[5,32,83,101,113],
[6,29,78,92,138],
[7,38,68,109,118,142],
[8,55,66,103,137,141],
[9,46,81,85,117],
[10,44,61,84,129],
[11,40,77,110,131],
[12,47,60,93,115],
[13,50,65,86,123],
[14,28,69,94,128],
[15,48,67,98,136],
[16,31,63,108,124],
[17,42,56,106,133],
[18,54,73,100,121],
[19,53,80,104,112],
[20,30,62,91,120],
[21,45,74,89,134],
[22,34,82,87,119],
[23,51,79,107,135,143],
[24,35,59,96,122],
[25,33,57,88,130],
[26,39,71,105,125,140],
[27,43,76,97,126]],

[[0,30,79,93,139],
[1,53,65,105,117],
[2,37,59,103,126],
[3,35,71,100,133],
[4,50,73,84,115],
[5,38,76,96,128],
[6,33,77,102,114],
[7,51,66,87,124],
[8,39,69,110,112,142],
[9,49,67,104,138,141],
[10,47,82,86,118],
[11,45,62,85,130],
[12,41,78,111,132],
[13,48,61,94,116],
[14,31,56,92,121],
[15,29,63,95,129],
[16,42,68,99,137],
[17,32,64,109,125],
[18,43,57,107,134],
[19,55,74,101,122],
[20,54,81,98,113],
[21,44,70,91,127],
[22,46,75,90,135],
[23,28,83,88,120],
[24,52,80,108,136,143],
[25,36,60,97,123],
[26,34,58,89,131],
[27,40,72,106,119,140]],

[[0,34,78,103,115],
[1,31,80,94,133],
[2,54,66,106,118],
[3,38,60,104,127],
[4,36,72,101,134],
[5,51,74,85,116],
[6,39,70,97,129],
[7,42,62,95,117],
[8,52,67,88,125],
[9,40,63,111,113,142],
[10,50,68,98,139,141],
[11,48,83,87,112],
[12,46,56,86,131],
[13,35,79,105,126],
[14,55,82,99,114],
[15,32,57,93,122],
[16,30,64,96,130],
[17,43,69,100,138],
[18,33,65,110,119],
[19,44,58,108,135],
[20,49,75,102,123],
[21,41,73,107,120,140],
[22,45,71,92,128],
[23,47,76,84,136],
[24,29,77,89,121],
[25,53,81,109,137,143],
[26,37,61,91,124],
[27,28,59,90,132]],

[[0,40,71,91,130],
[1,28,79,104,116],
[2,32,81,95,134],
[3,55,67,107,112],
[4,39,61,98,128],
[5,37,73,102,135],
[6,52,75,86,117],
[7,36,80,106,127],
[8,43,56,96,118],
[9,53,68,89,119],
[10,41,64,105,114,142],
[11,51,69,99,133,141],
[12,42,77,88,113],
[13,47,57,87,132],
[14,50,76,103,124],
[15,49,83,100,115],
[16,33,58,94,123],
[17,31,65,97,131],
[18,44,63,101,139],
[19,34,66,111,120],
[20,45,59,109,136],
[21,29,60,84,126],
[22,35,74,108,121,140],
[23,46,72,93,129],
[24,48,70,85,137],
[25,30,78,90,122],
[26,54,82,110,138,143],
[27,38,62,92,125]],

[[0,53,76,87,118],
[1,41,72,92,131],
[2,29,80,98,117],
[3,33,82,96,135],
[4,49,68,108,113],
[5,40,62,99,129],
[6,38,74,103,136],
[7,48,58,88,126],
[8,37,81,107,128],
[9,44,57,97,112],
[10,54,69,90,120],
[11,35,65,106,115,142],
[12,52,63,100,134,141],
[13,43,78,89,114],
[14,46,60,110,137],
[15,51,70,104,125],
[16,50,77,101,116],
[17,34,59,95,124],
[18,32,66,91,132],
[19,45,64,102,133],
[20,28,67,105,121],
[21,39,56,93,119],
[22,30,61,85,127],
[23,36,75,109,122,140],
[24,47,73,94,130],
[25,42,71,86,138],
[26,31,79,84,123],
[27,55,83,111,139,143]]

]
