[[[0,1,2,3,4,5],
[6,7,8,9,10,11],
[12,13,14,15,16,17],
[18,19,20,21,22,23],
[24,25,26,27,28,29],
[30,31,32,33,34,35],
[36,37,38,39,40,41],
[42,43,44,45,46],
[47,48,49,50,51],
[52,53,54,55,56,57]],

[[0,7,14,21,28,35],
[6,13,20,27,34,41],
[12,19,26,33,40,46],
[18,25,32,39,45,51],
[24,31,38,44,50,57],
[5,30,37,43,49,56],
[4,11,36,42,48,55],
[3,10,17,47,54],
[2,9,16,23,53],
[1,8,15,22,29,52]],

[[0,8,13,23,33,45],
[6,14,19,29,39,50],
[12,20,25,35,44,56],
[4,18,26,31,41,49],
[10,24,32,37,46,55],
[3,16,30,38,42,51],
[9,22,36,43,47,57],
[5,15,28,48,53],
[1,11,21,34,54],
[2,7,17,27,40,52]],

[[0,9,17,19,34,48],
[6,15,23,25,40,54],
[2,12,21,29,31,45],
[8,18,27,35,37,50],
[14,24,33,41,42,56],
[4,20,30,39,46,47],
[10,26,36,44,51,53],
[1,16,32,49,57],
[5,7,22,38,55],
[3,11,13,28,43,52]],

[[0,11,15,32,47,56],
[4,6,17,21,38,53],
[1,10,12,23,27,43],
[7,16,18,29,33,48],
[13,22,24,35,39,54],
[2,19,28,30,41,44],
[8,25,34,36,46,49],
[14,31,40,51,55],
[3,20,37,45,57],
[5,9,26,42,50,52]],

[[0,16,25,41,43,55],
[3,6,22,31,46,48],
[9,12,28,37,51,54],
[2,15,18,34,42,57],
[5,8,21,24,40,47],
[11,14,27,30,45,53],
[1,17,20,33,36,50],
[7,23,26,39,56],
[4,13,29,32,44],
[10,19,35,38,49,52]],

[[0,20,29,40,42,49],
[6,26,35,45,47,55],
[3,12,32,41,50,53],
[1,9,18,38,46,56],
[4,7,15,24,43,51],
[10,13,21,30,48,57],
[5,16,19,27,36,54],
[2,11,22,25,33],
[8,17,28,31,39],
[14,23,34,37,44,52]]

]
