[[[0,1,2,3,4,5],
[6,7,8,9,10,11],
[12,13,14,15,16,17],
[18,19,20,21,22,23],
[24,25,26,27,28],
[29,30,31,32,33],
[34,35,36,37,38],
[39,40,41,42,43],
[44,45,46,47,48],
[49,50,51,52,53,54]],

[[0,7,14,21,27,33],
[6,13,20,26,32,38],
[12,19,25,31,37,43],
[18,24,30,36,42,48],
[29,35,41,47,54],
[5,34,40,46,53],
[4,11,39,45,52],
[3,10,17,44,51],
[2,9,16,23,50],
[1,8,15,22,28,49]],

[[0,8,13,23,31,42],
[6,14,19,28,36,47],
[12,20,24,33,41,53],
[4,18,25,29,38,46],
[10,30,34,43,52],
[3,16,35,39,48],
[9,22,40,44,54],
[5,15,27,45,50],
[1,11,21,32,51],
[2,7,17,26,37,49]],

[[0,9,17,19,32,45],
[6,15,23,24,37,51],
[2,12,21,28,29,42],
[8,18,26,33,34,47],
[14,31,38,39,53],
[4,20,36,43,44],
[10,25,41,48,50],
[1,16,30,46,54],
[5,7,22,35,52],
[3,11,13,27,40,49]],

[[0,11,15,30,44,53],
[4,6,17,21,35,50],
[1,10,12,23,26,40],
[7,16,18,28,31,45],
[13,22,33,36,51],
[2,19,27,38,41],
[8,24,32,43,46],
[14,29,37,48,52],
[3,20,34,42,54],
[5,9,25,39,47,49]],

[[0,16,24,38,40,52],
[3,6,22,29,43,45],
[9,12,27,34,48,51],
[2,15,18,32,39,54],
[5,8,21,37,44],
[11,14,26,42,50],
[1,17,20,31,47],
[7,23,25,36,53],
[4,13,28,30,41],
[10,19,33,35,46,49]],

[[0,20,28,37,39,46],
[6,25,33,42,44,52],
[3,12,30,38,47,50],
[1,9,18,35,43,53],
[4,7,15,40,48],
[10,13,21,45,54],
[5,16,19,26,51],
[2,11,22,24,31],
[8,17,27,29,36],
[14,23,32,34,41,49]]

]