[[[0,1,2,3,4,5],
[6,7,8,9,10,11],
[12,13,14,15,16,17],
[18,19,20,21,22,23],
[24,25,26,27,28,29],
[30,31,32,33,34],
[35,36,37,38,39],
[40,41,42,43,44],
[45,46,47,48,49],
[50,51,52,53,54,55]],

[[0,7,14,21,28,34],
[6,13,20,27,33,39],
[12,19,26,32,38,44],
[18,25,31,37,43,49],
[24,30,36,42,48,55],
[5,35,41,47,54],
[4,11,40,46,53],
[3,10,17,45,52],
[2,9,16,23,51],
[1,8,15,22,29,50]],

[[0,8,13,23,32,43],
[6,14,19,29,37,48],
[12,20,25,34,42,54],
[4,18,26,30,39,47],
[10,24,31,35,44,53],
[3,16,36,40,49],
[9,22,41,45,55],
[5,15,28,46,51],
[1,11,21,33,52],
[2,7,17,27,38,50]],

[[0,9,17,19,33,46],
[6,15,23,25,38,52],
[2,12,21,29,30,43],
[8,18,27,34,35,48],
[14,24,32,39,40,54],
[4,20,37,44,45],
[10,26,42,49,51],
[1,16,31,47,55],
[5,7,22,36,53],
[3,11,13,28,41,50]],

[[0,11,15,31,45,54],
[4,6,17,21,36,51],
[1,10,12,23,27,41],
[7,16,18,29,32,46],
[13,22,24,34,37,52],
[2,19,28,39,42],
[8,25,33,44,47],
[14,30,38,49,53],
[3,20,35,43,55],
[5,9,26,40,48,50]],

[[0,16,25,39,41,53],
[3,6,22,30,44,46],
[9,12,28,35,49,52],
[2,15,18,33,40,55],
[5,8,21,24,38,45],
[11,14,27,43,51],
[1,17,20,32,48],
[7,23,26,37,54],
[4,13,29,31,42],
[10,19,34,36,47,50]],

[[0,20,29,38,40,47],
[6,26,34,43,45,53],
[3,12,31,39,48,51],
[1,9,18,36,44,54],
[4,7,15,24,41,49],
[10,13,21,46,55],
[5,16,19,27,52],
[2,11,22,25,32],
[8,17,28,30,37],
[14,23,33,35,42,50]]

]
