[[[0, 8, 24],
[16, 26, 30],
[32, 44, 50],
[7, 9, 53],
[15, 21, 25],
[31, 54, 56],
[2, 22, 29],
[12, 34, 37],
[14, 27, 46],
[10, 40, 55],
[33, 36, 41],
[3, 18, 19],
[20, 39, 57],
[11, 38, 49],
[1, 6, 23],
[17, 28, 51],
[4, 13, 45],
[5, 35, 42],
[43, 52, 58],
[47, 48, 59]],

[[2, 10, 26],
[18, 28, 32],
[34, 46, 52],
[9, 11, 55],
[17, 23, 27],
[0, 33, 56],
[4, 24, 31],
[14, 36, 39],
[16, 29, 48],
[12, 42, 57],
[35, 38, 43],
[5, 20, 21],
[1, 22, 41],
[13, 40, 51],
[3, 8, 25],
[19, 30, 53],
[6, 15, 47],
[7, 37, 44],
[45, 54, 58],
[49, 50, 59]],

[[4, 12, 28],
[20, 30, 34],
[36, 48, 54],
[11, 13, 57],
[19, 25, 29],
[0, 2, 35],
[6, 26, 33],
[16, 38, 41],
[18, 31, 50],
[1, 14, 44],
[37, 40, 45],
[7, 22, 23],
[3, 24, 43],
[15, 42, 53],
[5, 10, 27],
[21, 32, 55],
[8, 17, 49],
[9, 39, 46],
[47, 56, 58],
[51, 52, 59]],

[[6, 14, 30],
[22, 32, 36],
[38, 50, 56],
[1, 13, 15],
[21, 27, 31],
[2, 4, 37],
[8, 28, 35],
[18, 40, 43],
[20, 33, 52],
[3, 16, 46],
[39, 42, 47],
[9, 24, 25],
[5, 26, 45],
[17, 44, 55],
[7, 12, 29],
[23, 34, 57],
[10, 19, 51],
[11, 41, 48],
[0, 49, 58],
[53, 54, 59]],

[[8, 16, 32],
[24, 34, 38],
[0, 40, 52],
[3, 15, 17],
[23, 29, 33],
[4, 6, 39],
[10, 30, 37],
[20, 42, 45],
[22, 35, 54],
[5, 18, 48],
[41, 44, 49],
[11, 26, 27],
[7, 28, 47],
[19, 46, 57],
[9, 14, 31],
[1, 25, 36],
[12, 21, 53],
[13, 43, 50],
[2, 51, 58],
[55, 56, 59]],

[[10, 18, 34],
[26, 36, 40],
[2, 42, 54],
[5, 17, 19],
[25, 31, 35],
[6, 8, 41],
[12, 32, 39],
[22, 44, 47],
[24, 37, 56],
[7, 20, 50],
[43, 46, 51],
[13, 28, 29],
[9, 30, 49],
[1, 21, 48],
[11, 16, 33],
[3, 27, 38],
[14, 23, 55],
[15, 45, 52],
[4, 53, 58],
[0, 57, 59]],

[[12, 20, 36],
[28, 38, 42],
[4, 44, 56],
[7, 19, 21],
[27, 33, 37],
[8, 10, 43],
[14, 34, 41],
[24, 46, 49],
[0, 26, 39],
[9, 22, 52],
[45, 48, 53],
[15, 30, 31],
[11, 32, 51],
[3, 23, 50],
[13, 18, 35],
[5, 29, 40],
[16, 25, 57],
[17, 47, 54],
[6, 55, 58],
[1, 2, 59]],

[[14, 22, 38],
[30, 40, 44],
[0, 6, 46],
[9, 21, 23],
[29, 35, 39],
[10, 12, 45],
[16, 36, 43],
[26, 48, 51],
[2, 28, 41],
[11, 24, 54],
[47, 50, 55],
[17, 32, 33],
[13, 34, 53],
[5, 25, 52],
[15, 20, 37],
[7, 31, 42],
[1, 18, 27],
[19, 49, 56],
[8, 57, 58],
[3, 4, 59]],

[[16, 24, 40],
[32, 42, 46],
[2, 8, 48],
[11, 23, 25],
[31, 37, 41],
[12, 14, 47],
[18, 38, 45],
[28, 50, 53],
[4, 30, 43],
[13, 26, 56],
[49, 52, 57],
[19, 34, 35],
[15, 36, 55],
[7, 27, 54],
[17, 22, 39],
[9, 33, 44],
[3, 20, 29],
[0, 21, 51],
[1, 10, 58],
[5, 6, 59]],

[[18, 26, 42],
[34, 44, 48],
[4, 10, 50],
[13, 25, 27],
[33, 39, 43],
[14, 16, 49],
[20, 40, 47],
[30, 52, 55],
[6, 32, 45],
[0, 15, 28],
[1, 51, 54],
[21, 36, 37],
[17, 38, 57],
[9, 29, 56],
[19, 24, 41],
[11, 35, 46],
[5, 22, 31],
[2, 23, 53],
[3, 12, 58],
[7, 8, 59]],

[[20, 28, 44],
[36, 46, 50],
[6, 12, 52],
[15, 27, 29],
[35, 41, 45],
[16, 18, 51],
[22, 42, 49],
[32, 54, 57],
[8, 34, 47],
[2, 17, 30],
[3, 53, 56],
[23, 38, 39],
[1, 19, 40],
[0, 11, 31],
[21, 26, 43],
[13, 37, 48],
[7, 24, 33],
[4, 25, 55],
[5, 14, 58],
[9, 10, 59]],

[[22, 30, 46],
[38, 48, 52],
[8, 14, 54],
[17, 29, 31],
[37, 43, 47],
[18, 20, 53],
[24, 44, 51],
[1, 34, 56],
[10, 36, 49],
[4, 19, 32],
[0, 5, 55],
[25, 40, 41],
[3, 21, 42],
[2, 13, 33],
[23, 28, 45],
[15, 39, 50],
[9, 26, 35],
[6, 27, 57],
[7, 16, 58],
[11, 12, 59]],

[[24, 32, 48],
[40, 50, 54],
[10, 16, 56],
[19, 31, 33],
[39, 45, 49],
[20, 22, 55],
[26, 46, 53],
[0, 3, 36],
[12, 38, 51],
[6, 21, 34],
[2, 7, 57],
[27, 42, 43],
[5, 23, 44],
[4, 15, 35],
[25, 30, 47],
[17, 41, 52],
[11, 28, 37],
[1, 8, 29],
[9, 18, 58],
[13, 14, 59]],

[[26, 34, 50],
[42, 52, 56],
[0, 12, 18],
[21, 33, 35],
[41, 47, 51],
[22, 24, 57],
[28, 48, 55],
[2, 5, 38],
[14, 40, 53],
[8, 23, 36],
[1, 4, 9],
[29, 44, 45],
[7, 25, 46],
[6, 17, 37],
[27, 32, 49],
[19, 43, 54],
[13, 30, 39],
[3, 10, 31],
[11, 20, 58],
[15, 16, 59]],

[[28, 36, 52],
[0, 44, 54],
[2, 14, 20],
[23, 35, 37],
[43, 49, 53],
[1, 24, 26],
[30, 50, 57],
[4, 7, 40],
[16, 42, 55],
[10, 25, 38],
[3, 6, 11],
[31, 46, 47],
[9, 27, 48],
[8, 19, 39],
[29, 34, 51],
[21, 45, 56],
[15, 32, 41],
[5, 12, 33],
[13, 22, 58],
[17, 18, 59]],

[[30, 38, 54],
[2, 46, 56],
[4, 16, 22],
[25, 37, 39],
[45, 51, 55],
[3, 26, 28],
[1, 32, 52],
[6, 9, 42],
[18, 44, 57],
[12, 27, 40],
[5, 8, 13],
[33, 48, 49],
[11, 29, 50],
[10, 21, 41],
[31, 36, 53],
[0, 23, 47],
[17, 34, 43],
[7, 14, 35],
[15, 24, 58],
[19, 20, 59]],

[[32, 40, 56],
[0, 4, 48],
[6, 18, 24],
[27, 39, 41],
[47, 53, 57],
[5, 28, 30],
[3, 34, 54],
[8, 11, 44],
[1, 20, 46],
[14, 29, 42],
[7, 10, 15],
[35, 50, 51],
[13, 31, 52],
[12, 23, 43],
[33, 38, 55],
[2, 25, 49],
[19, 36, 45],
[9, 16, 37],
[17, 26, 58],
[21, 22, 59]],

[[0, 34, 42],
[2, 6, 50],
[8, 20, 26],
[29, 41, 43],
[1, 49, 55],
[7, 30, 32],
[5, 36, 56],
[10, 13, 46],
[3, 22, 48],
[16, 31, 44],
[9, 12, 17],
[37, 52, 53],
[15, 33, 54],
[14, 25, 45],
[35, 40, 57],
[4, 27, 51],
[21, 38, 47],
[11, 18, 39],
[19, 28, 58],
[23, 24, 59]],

[[2, 36, 44],
[4, 8, 52],
[10, 22, 28],
[31, 43, 45],
[3, 51, 57],
[9, 32, 34],
[0, 7, 38],
[12, 15, 48],
[5, 24, 50],
[18, 33, 46],
[11, 14, 19],
[39, 54, 55],
[17, 35, 56],
[16, 27, 47],
[1, 37, 42],
[6, 29, 53],
[23, 40, 49],
[13, 20, 41],
[21, 30, 58],
[25, 26, 59]],

[[4, 38, 46],
[6, 10, 54],
[12, 24, 30],
[33, 45, 47],
[1, 5, 53],
[11, 34, 36],
[2, 9, 40],
[14, 17, 50],
[7, 26, 52],
[20, 35, 48],
[13, 16, 21],
[41, 56, 57],
[0, 19, 37],
[18, 29, 49],
[3, 39, 44],
[8, 31, 55],
[25, 42, 51],
[15, 22, 43],
[23, 32, 58],
[27, 28, 59]],

[[6, 40, 48],
[8, 12, 56],
[14, 26, 32],
[35, 47, 49],
[3, 7, 55],
[13, 36, 38],
[4, 11, 42],
[16, 19, 52],
[9, 28, 54],
[22, 37, 50],
[15, 18, 23],
[0, 1, 43],
[2, 21, 39],
[20, 31, 51],
[5, 41, 46],
[10, 33, 57],
[27, 44, 53],
[17, 24, 45],
[25, 34, 58],
[29, 30, 59]],

[[8, 42, 50],
[0, 10, 14],
[16, 28, 34],
[37, 49, 51],
[5, 9, 57],
[15, 38, 40],
[6, 13, 44],
[18, 21, 54],
[11, 30, 56],
[24, 39, 52],
[17, 20, 25],
[2, 3, 45],
[4, 23, 41],
[22, 33, 53],
[7, 43, 48],
[1, 12, 35],
[29, 46, 55],
[19, 26, 47],
[27, 36, 58],
[31, 32, 59]],

[[10, 44, 52],
[2, 12, 16],
[18, 30, 36],
[39, 51, 53],
[1, 7, 11],
[17, 40, 42],
[8, 15, 46],
[20, 23, 56],
[0, 13, 32],
[26, 41, 54],
[19, 22, 27],
[4, 5, 47],
[6, 25, 43],
[24, 35, 55],
[9, 45, 50],
[3, 14, 37],
[31, 48, 57],
[21, 28, 49],
[29, 38, 58],
[33, 34, 59]],

[[12, 46, 54],
[4, 14, 18],
[20, 32, 38],
[41, 53, 55],
[3, 9, 13],
[19, 42, 44],
[10, 17, 48],
[0, 22, 25],
[2, 15, 34],
[28, 43, 56],
[21, 24, 29],
[6, 7, 49],
[8, 27, 45],
[26, 37, 57],
[11, 47, 52],
[5, 16, 39],
[1, 33, 50],
[23, 30, 51],
[31, 40, 58],
[35, 36, 59]],

[[14, 48, 56],
[6, 16, 20],
[22, 34, 40],
[43, 55, 57],
[5, 11, 15],
[21, 44, 46],
[12, 19, 50],
[2, 24, 27],
[4, 17, 36],
[0, 30, 45],
[23, 26, 31],
[8, 9, 51],
[10, 29, 47],
[1, 28, 39],
[13, 49, 54],
[7, 18, 41],
[3, 35, 52],
[25, 32, 53],
[33, 42, 58],
[37, 38, 59]],

[[0, 16, 50],
[8, 18, 22],
[24, 36, 42],
[1, 45, 57],
[7, 13, 17],
[23, 46, 48],
[14, 21, 52],
[4, 26, 29],
[6, 19, 38],
[2, 32, 47],
[25, 28, 33],
[10, 11, 53],
[12, 31, 49],
[3, 30, 41],
[15, 51, 56],
[9, 20, 43],
[5, 37, 54],
[27, 34, 55],
[35, 44, 58],
[39, 40, 59]],

[[2, 18, 52],
[10, 20, 24],
[26, 38, 44],
[1, 3, 47],
[9, 15, 19],
[25, 48, 50],
[16, 23, 54],
[6, 28, 31],
[8, 21, 40],
[4, 34, 49],
[27, 30, 35],
[12, 13, 55],
[14, 33, 51],
[5, 32, 43],
[0, 17, 53],
[11, 22, 45],
[7, 39, 56],
[29, 36, 57],
[37, 46, 58],
[41, 42, 59]],

[[4, 20, 54],
[12, 22, 26],
[28, 40, 46],
[3, 5, 49],
[11, 17, 21],
[27, 50, 52],
[18, 25, 56],
[8, 30, 33],
[10, 23, 42],
[6, 36, 51],
[29, 32, 37],
[14, 15, 57],
[16, 35, 53],
[7, 34, 45],
[2, 19, 55],
[13, 24, 47],
[0, 9, 41],
[1, 31, 38],
[39, 48, 58],
[43, 44, 59]],

[[6, 22, 56],
[14, 24, 28],
[30, 42, 48],
[5, 7, 51],
[13, 19, 23],
[29, 52, 54],
[0, 20, 27],
[10, 32, 35],
[12, 25, 44],
[8, 38, 53],
[31, 34, 39],
[1, 16, 17],
[18, 37, 55],
[9, 36, 47],
[4, 21, 57],
[15, 26, 49],
[2, 11, 43],
[3, 33, 40],
[41, 50, 58],
[45, 46, 59]]]