[[[0,1,2,3,4,5],
[6,7,8,9,10,11],
[12,13,14,15,16,17],
[18,19,20,21,22,23],
[24,25,26,27,28,29],
[30,31,32,33,34,35],
[36,37,38,39,40,41],
[42,43,44,45,46,47],
[48,49,50,51,52],
[53,54,55,56,57,58]],

[[0,7,14,21,28,35],
[6,13,20,27,34,41],
[12,19,26,33,40,47],
[18,25,32,39,46,52],
[24,31,38,45,51,58],
[5,30,37,44,50,57],
[4,11,36,43,49,56],
[3,10,17,42,48,55],
[2,9,16,23,54],
[1,8,15,22,29,53]],

[[0,8,13,23,33,46],
[6,14,19,29,39,51],
[12,20,25,35,45,57],
[4,18,26,31,41,50],
[10,24,32,37,47,56],
[3,16,30,38,43,52],
[9,22,36,44,48,58],
[5,15,28,42,49,54],
[1,11,21,34,55],
[2,7,17,27,40,53]],

[[0,9,17,19,34,49],
[6,15,23,25,40,55],
[2,12,21,29,31,46],
[8,18,27,35,37,51],
[14,24,33,41,43,57],
[4,20,30,39,47,48],
[10,26,36,45,52,54],
[1,16,32,42,50,58],
[5,7,22,38,56],
[3,11,13,28,44,53]],

[[0,11,15,32,48,57],
[4,6,17,21,38,54],
[1,10,12,23,27,44],
[7,16,18,29,33,49],
[13,22,24,35,39,55],
[2,19,28,30,41,45],
[8,25,34,36,47,50],
[14,31,40,42,52,56],
[3,20,37,46,58],
[5,9,26,43,51,53]],

[[0,16,25,41,44,56],
[3,6,22,31,47,49],
[9,12,28,37,52,55],
[2,15,18,34,43,58],
[5,8,21,24,40,48],
[11,14,27,30,46,54],
[1,17,20,33,36,51],
[7,23,26,39,42,57],
[4,13,29,32,45],
[10,19,35,38,50,53]],

[[0,20,29,40,43,50],
[6,26,35,46,48,56],
[3,12,32,41,51,54],
[1,9,18,38,47,57],
[4,7,15,24,44,52],
[10,13,21,30,49,58],
[5,16,19,27,36,55],
[2,11,22,25,33,42],
[8,17,28,31,39],
[14,23,34,37,45,53]]

]
