[[[0, 8, 16, 24, 32, 40, 48],
[1, 9, 17, 25, 33, 41, 49],
[2, 10, 18, 26, 34, 42, 50],
[3, 11, 19, 27, 35, 43, 51],
[4, 12, 20, 28, 36, 44, 52],
[5, 13, 21, 29, 37, 45, 53],
[6, 14, 22, 30, 38, 46, 54],
[7, 15, 23, 31, 39, 47, 55]],

[[0, 9, 18, 27, 36, 45, 54],
[1, 8, 19, 26, 37, 44, 55],
[2, 11, 16, 25, 38, 47, 52],
[3, 10, 17, 24, 39, 46, 53],
[4, 13, 22, 31, 32, 41, 50],
[5, 12, 23, 30, 33, 40, 51],
[6, 15, 20, 29, 34, 43, 48],
[7, 14, 21, 28, 35, 42, 49]],

[[0, 10, 20, 30, 37, 47, 49],
[1, 11, 21, 31, 36, 46, 48],
[2, 8, 22, 28, 39, 45, 51],
[3, 9, 23, 29, 38, 44, 50],
[4, 14, 16, 26, 33, 43, 53],
[5, 15, 17, 27, 32, 42, 52],
[6, 12, 18, 24, 35, 41, 55],
[7, 13, 19, 25, 34, 40, 54]],

[[0, 11, 22, 29, 33, 42, 55],
[1, 10, 23, 28, 32, 43, 54],
[2, 9, 20, 31, 35, 40, 53],
[3, 8, 21, 30, 34, 41, 52],
[4, 15, 18, 25, 37, 46, 51],
[5, 14, 19, 24, 36, 47, 50],
[6, 13, 16, 27, 39, 44, 49],
[7, 12, 17, 26, 38, 45, 48]],

[[0, 12, 21, 25, 39, 43, 50],
[1, 13, 20, 24, 38, 42, 51],
[2, 14, 23, 27, 37, 41, 48],
[3, 15, 22, 26, 36, 40, 49],
[4, 8, 17, 29, 35, 47, 54],
[5, 9, 16, 28, 34, 46, 55],
[6, 10, 19, 31, 33, 45, 52],
[7, 11, 18, 30, 32, 44, 53]],

[[0, 13, 23, 26, 35, 46, 52],
[1, 12, 22, 27, 34, 47, 53],
[2, 15, 21, 24, 33, 44, 54],
[3, 14, 20, 25, 32, 45, 55],
[4, 9, 19, 30, 39, 42, 48],
[5, 8, 18, 31, 38, 43, 49],
[6, 11, 17, 28, 37, 40, 50],
[7, 10, 16, 29, 36, 41, 51]],

[[0, 14, 17, 31, 34, 44, 51],
[1, 15, 16, 30, 35, 45, 50],
[2, 12, 19, 29, 32, 46, 49],
[3, 13, 18, 28, 33, 47, 48],
[4, 10, 21, 27, 38, 40, 55],
[5, 11, 20, 26, 39, 41, 54],
[6, 8, 23, 25, 36, 42, 53],
[7, 9, 22, 24, 37, 43, 52]],

[[0, 15, 19, 28, 38, 41, 53],
[1, 14, 18, 29, 39, 40, 52],
[2, 13, 17, 30, 36, 43, 55],
[3, 12, 16, 31, 37, 42, 54],
[4, 11, 23, 24, 34, 45, 49],
[5, 10, 22, 25, 35, 44, 48],
[6, 9, 21, 26, 32, 47, 51],
[7, 8, 20, 27, 33, 46, 50]]]