[[[0,1,2,3,4,5],
[6,7,8,9,10,11],
[12,13,14,15,16,17],
[18,19,20,21,22],
[23,24,25,26,27],
[28,29,30,31,32],
[33,34,35,36,37],
[38,39,40,41,42],
[43,44,45,46,47],
[48,49,50,51,52,53]],

[[0,7,14,20,26,32],
[6,13,19,25,31,37],
[12,18,24,30,36,42],
[23,29,35,41,47],
[28,34,40,46,53],
[5,33,39,45,52],
[4,11,38,44,51],
[3,10,17,43,50],
[2,9,16,22,49],
[1,8,15,21,27,48]],

[[0,8,13,22,30,41],
[6,14,18,27,35,46],
[12,19,23,32,40,52],
[4,24,28,37,45],
[10,29,33,42,51],
[3,16,34,38,47],
[9,21,39,43,53],
[5,15,26,44,49],
[1,11,20,31,50],
[2,7,17,25,36,48]],

[[0,9,17,18,31,44],
[6,15,22,23,36,50],
[2,12,20,27,28,41],
[8,25,32,33,46],
[14,30,37,38,52],
[4,19,35,42,43],
[10,24,40,47,49],
[1,16,29,45,53],
[5,7,21,34,51],
[3,11,13,26,39,48]],

[[0,11,15,29,43,52],
[4,6,17,20,34,49],
[1,10,12,22,25,39],
[7,16,27,30,44],
[13,21,32,35,50],
[2,18,26,37,40],
[8,23,31,42,45],
[14,28,36,47,51],
[3,19,33,41,53],
[5,9,24,38,46,48]],

[[0,16,23,37,39,51],
[3,6,21,28,42,44],
[9,12,26,33,47,50],
[2,15,31,38,53],
[5,8,20,36,43],
[11,14,25,41,49],
[1,17,19,30,46],
[7,22,24,35,52],
[4,13,27,29,40],
[10,18,32,34,45,48]],

[[0,19,27,36,38,45],
[6,24,32,41,43,51],
[3,12,29,37,46,49],
[1,9,34,42,52],
[4,7,15,39,47],
[10,13,20,44,53],
[5,16,18,25,50],
[2,11,21,23,30],
[8,17,26,28,35],
[14,22,31,33,40,48]]

]
