[[[0,1,2,3,4,5],
[6,7,8,9,10,11],
[12,13,14,15,16],
[17,18,19,20,21],
[22,23,24,25,26],
[27,28,29,30,31],
[32,33,34,35,36],
[37,38,39,40,41],
[42,43,44,45,46],
[47,48,49,50,51,52]],

[[0,7,13,19,25,31],
[6,12,18,24,30,36],
[17,23,29,35,41],
[22,28,34,40,46],
[27,33,39,45,52],
[5,32,38,44,51],
[4,11,37,43,50],
[3,10,16,42,49],
[2,9,15,21,48],
[1,8,14,20,26,47]],

[[0,8,12,21,29,40],
[6,13,17,26,34,45],
[18,22,31,39,51],
[4,23,27,36,44],
[10,28,32,41,50],
[3,15,33,37,46],
[9,20,38,42,52],
[5,14,25,43,48],
[1,11,19,30,49],
[2,7,16,24,35,47]],

[[0,9,16,17,30,43],
[6,14,21,22,35,49],
[2,19,26,27,40],
[8,24,31,32,45],
[13,29,36,37,51],
[4,18,34,41,42],
[10,23,39,46,48],
[1,15,28,44,52],
[5,7,20,33,50],
[3,11,12,25,38,47]],

[[0,11,14,28,42,51],
[4,6,16,19,33,48],
[1,10,21,24,38],
[7,15,26,29,43],
[12,20,31,34,49],
[2,17,25,36,39],
[8,22,30,41,44],
[13,27,35,46,50],
[3,18,32,40,52],
[5,9,23,37,45,47]],

[[0,15,22,36,38,50],
[3,6,20,27,41,43],
[9,25,32,46,49],
[2,14,30,37,52],
[5,8,19,35,42],
[11,13,24,40,48],
[1,16,18,29,45],
[7,21,23,34,51],
[4,12,26,28,39],
[10,17,31,33,44,47]],

[[0,18,26,35,37,44],
[6,23,31,40,42,50],
[3,28,36,45,48],
[1,9,33,41,51],
[4,7,14,38,46],
[10,12,19,43,52],
[5,15,17,24,49],
[2,11,20,22,29],
[8,16,25,27,34],
[13,21,30,32,39,47]]

]
