[[[0,1,2,3,4,5],
[6,7,8,9,10],
[11,12,13,14,15],
[16,17,18,19,20],
[21,22,23,24,25],
[26,27,28,29,30],
[31,32,33,34,35],
[36,37,38,39,40],
[41,42,43,44,45],
[46,47,48,49,50,51]],

[[0,6,12,18,24,30],
[11,17,23,29,35],
[16,22,28,34,40],
[21,27,33,39,45],
[26,32,38,44,51],
[5,31,37,43,50],
[4,10,36,42,49],
[3,9,15,41,48],
[2,8,14,20,47],
[1,7,13,19,25,46]],

[[0,7,11,20,28,39],
[12,16,25,33,44],
[17,21,30,38,50],
[4,22,26,35,43],
[9,27,31,40,49],
[3,14,32,36,45],
[8,19,37,41,51],
[5,13,24,42,47],
[1,10,18,29,48],
[2,6,15,23,34,46]],

[[0,8,15,16,29,42],
[13,20,21,34,48],
[2,18,25,26,39],
[7,23,30,31,44],
[12,28,35,36,50],
[4,17,33,40,41],
[9,22,38,45,47],
[1,14,27,43,51],
[5,6,19,32,49],
[3,10,11,24,37,46]],

[[0,10,13,27,41,50],
[4,15,18,32,47],
[1,9,20,23,37],
[6,14,25,28,42],
[11,19,30,33,48],
[2,16,24,35,38],
[7,21,29,40,43],
[12,26,34,45,49],
[3,17,31,39,51],
[5,8,22,36,44,46]],

[[0,14,21,35,37,49],
[3,19,26,40,42],
[8,24,31,45,48],
[2,13,29,36,51],
[5,7,18,34,41],
[10,12,23,39,47],
[1,15,17,28,44],
[6,20,22,33,50],
[4,11,25,27,38],
[9,16,30,32,43,46]],

[[0,17,25,34,36,43],
[22,30,39,41,49],
[3,27,35,44,47],
[1,8,32,40,50],
[4,6,13,37,45],
[9,11,18,42,51],
[5,14,16,23,48],
[2,10,19,21,28],
[7,15,24,26,33],
[12,20,29,31,38,46]]

]
