[[[0,1,2,3,4,5],
[6,7,8,9,10,11],
[12,13,14,15,16,17],
[18,19,20,21,22,23],
[24,25,26,27,28,29],
[30,31,32,33,34,35],
[36,37,38,39,40],
[41,42,43,44,45],
[46,47,48,49,50],
[51,52,53,54,55,56]],

[[0,7,14,21,28,35],
[6,13,20,27,34,40],
[12,19,26,33,39,45],
[18,25,32,38,44,50],
[24,31,37,43,49,56],
[5,30,36,42,48,55],
[4,11,41,47,54],
[3,10,17,46,53],
[2,9,16,23,52],
[1,8,15,22,29,51]],

[[0,8,13,23,33,44],
[6,14,19,29,38,49],
[12,20,25,35,43,55],
[4,18,26,31,40,48],
[10,24,32,36,45,54],
[3,16,30,37,41,50],
[9,22,42,46,56],
[5,15,28,47,52],
[1,11,21,34,53],
[2,7,17,27,39,51]],

[[0,9,17,19,34,47],
[6,15,23,25,39,53],
[2,12,21,29,31,44],
[8,18,27,35,36,49],
[14,24,33,40,41,55],
[4,20,30,38,45,46],
[10,26,43,50,52],
[1,16,32,48,56],
[5,7,22,37,54],
[3,11,13,28,42,51]],

[[0,11,15,32,46,55],
[4,6,17,21,37,52],
[1,10,12,23,27,42],
[7,16,18,29,33,47],
[13,22,24,35,38,53],
[2,19,28,30,40,43],
[8,25,34,45,48],
[14,31,39,50,54],
[3,20,36,44,56],
[5,9,26,41,49,51]],

[[0,16,25,40,42,54],
[3,6,22,31,45,47],
[9,12,28,36,50,53],
[2,15,18,34,41,56],
[5,8,21,24,39,46],
[11,14,27,30,44,52],
[1,17,20,33,49],
[7,23,26,38,55],
[4,13,29,32,43],
[10,19,35,37,48,51]],

[[0,20,29,39,41,48],
[6,26,35,44,46,54],
[3,12,32,40,49,52],
[1,9,18,37,45,55],
[4,7,15,24,42,50],
[10,13,21,30,47,56],
[5,16,19,27,53],
[2,11,22,25,33],
[8,17,28,31,38],
[14,23,34,36,43,51]]

]
