[[[44, 49, 53, 58],
[32, 33, 34, 35, 36],
[39, 43, 48, 52, 57],
[27, 28, 29, 30, 31],
[38, 42, 47, 51, 56],
[23, 24, 25, 26],
[37, 41, 46, 50, 55],
[19, 20, 21, 22],
[40, 45, 54, 59],
[14, 15, 16, 17, 18],
[0, 1, 2, 3, 4],
[5, 6, 7, 8, 9],
[10, 11, 12, 13]],

[[13, 15, 19, 39, 49],
[0, 30, 32, 40, 57],
[12, 21, 29, 46, 58],
[7, 20, 36, 37],
[1, 17, 47, 54],
[11, 14, 26, 43, 59],
[6, 22, 27, 48, 51],
[10, 24, 28, 45, 50],
[8, 35, 44, 52],
[9, 16, 25, 38, 41],
[3, 18, 34, 53, 55],
[2, 23, 31, 42],
[4, 5, 33, 56]],

[[13, 26, 35, 40, 51],
[6, 17, 23, 41, 56],
[8, 16, 28, 59],
[3, 7, 12, 25, 45],
[1, 9, 11, 19, 53],
[2, 21, 39, 55],
[0, 18, 33, 37, 44],
[10, 22, 32, 42, 58],
[4, 31, 34, 54, 57],
[5, 20, 27, 38, 52],
[46, 47, 48, 49],
[14, 24, 30, 36],
[15, 29, 43, 50]],

[[3, 8, 13, 31, 46],
[0, 21, 23, 48, 50],
[12, 17, 36, 39, 51],
[1, 25, 27, 56],
[7, 33, 53, 57],
[11, 28, 32, 37, 47],
[6, 15, 30, 44, 59],
[2, 9, 10, 14, 52],
[4, 18, 40, 42],
[5, 22, 35, 41],
[16, 20, 24, 29, 34],
[38, 43, 49, 54, 55],
[19, 26, 45, 58]],

[[4, 29, 36, 52, 59],
[12, 20, 28, 41, 53],
[6, 35, 45, 55],
[0, 16, 19, 42],
[11, 18, 25, 39, 54],
[5, 21, 31, 43, 47],
[10, 23, 27, 40, 46],
[7, 26, 34, 48],
[8, 15, 24, 37, 56],
[2, 17, 33, 49, 50],
[1, 30, 38, 58],
[13, 14, 22, 44, 57],
[3, 9, 32, 51]],

[[13, 25, 34, 47, 59],
[5, 16, 37, 51],
[7, 15, 27, 54, 58],
[2, 6, 12, 24, 40],
[0, 8, 11, 22, 49],
[1, 20, 26, 50, 57],
[4, 17, 32, 55],
[10, 21, 36, 38, 53],
[3, 30, 33, 52],
[9, 31, 48, 56],
[41, 42, 43, 44, 45],
[18, 19, 23, 29, 35],
[14, 28, 39, 46]],

[[2, 7, 13, 30, 41],
[4, 20, 43, 46],
[12, 16, 35, 47, 57],
[0, 24, 31, 51, 58],
[6, 26, 32, 49, 52],
[11, 27, 36, 42, 55],
[5, 14, 29, 54],
[1, 8, 10, 18, 48],
[3, 17, 19, 38, 59],
[9, 21, 34, 37, 45],
[15, 23, 28, 33],
[39, 44, 50, 56],
[22, 25, 40, 53]],

[[13, 18, 21, 52],
[3, 28, 35, 48, 54],
[12, 27, 37, 49],
[5, 19, 34, 40, 50],
[4, 15, 22, 38, 45],
[11, 17, 24, 57],
[9, 20, 30, 39, 42],
[10, 31, 41, 59],
[6, 25, 33, 43, 58],
[7, 14, 23, 51, 55],
[1, 16, 32, 44, 46],
[0, 26, 29, 53, 56],
[2, 8, 36, 47]],

[[13, 24, 33, 42, 54],
[9, 15, 26, 47, 55],
[6, 14, 31, 53],
[1, 5, 12, 23, 59],
[4, 7, 11, 21, 44],
[0, 25, 46, 52],
[3, 16, 36, 50, 58],
[10, 20, 35, 49, 56],
[2, 29, 32, 45, 48],
[8, 19, 30, 43, 51],
[37, 38, 39, 40],
[17, 22, 28, 34],
[18, 27, 41, 57]],

[[1, 6, 13, 29, 37],
[3, 26, 39, 41],
[12, 15, 34, 42, 52],
[4, 23, 30, 47, 53],
[5, 25, 36, 44, 48],
[11, 31, 35, 38, 50],
[9, 18, 28, 58],
[0, 7, 10, 17, 43],
[2, 16, 22, 54, 56],
[8, 20, 33, 40, 55],
[14, 19, 27, 32],
[45, 46, 51, 57],
[21, 24, 49, 59]],

[[13, 17, 20, 48, 58],
[2, 27, 34, 43],
[12, 19, 31, 44, 55],
[9, 22, 33, 46, 59],
[3, 14, 21, 40, 56],
[11, 16, 23, 45, 52],
[8, 29, 38, 57],
[10, 26, 30, 37, 54],
[5, 24, 32, 39, 53],
[6, 18, 47, 50],
[0, 15, 36, 41],
[4, 25, 28, 49, 51],
[1, 7, 35, 42]],

[[13, 23, 32, 38],
[8, 14, 25, 42, 50],
[5, 18, 30, 45, 49],
[0, 9, 12, 54],
[3, 6, 11, 20],
[4, 19, 24, 41, 48],
[2, 15, 35, 46, 53],
[10, 34, 44, 51],
[1, 28, 36, 40, 43],
[7, 22, 29, 39, 47],
[55, 56, 57, 58, 59],
[16, 21, 26, 27, 33],
[17, 31, 37, 52]],

[[0, 5, 13, 28, 55],
[2, 19, 25, 37, 57],
[12, 14, 33, 38, 48],
[3, 29, 42, 49],
[9, 24, 35, 43],
[11, 30, 34, 46, 56],
[8, 17, 27, 45, 53],
[4, 6, 10, 16, 39],
[1, 15, 21, 51],
[7, 32, 50, 59],
[18, 22, 26, 31, 36],
[40, 41, 47, 52, 58],
[20, 23, 44, 54]],

[[13, 16, 43, 53],
[1, 31, 33, 39, 45],
[12, 22, 30, 50],
[8, 21, 32, 41, 54],
[2, 18, 20, 51, 59],
[11, 15, 40, 48],
[7, 19, 28, 52, 56],
[10, 25, 29, 55],
[9, 23, 36, 49, 57],
[5, 17, 26, 42, 46],
[4, 14, 35, 37, 58],
[3, 24, 27, 44, 47],
[0, 6, 34, 38]],

[[13, 36, 45, 56],
[7, 18, 24, 38, 46],
[9, 17, 29, 40, 44],
[4, 8, 12, 26],
[2, 5, 11, 58],
[3, 22, 23, 37, 43],
[1, 14, 34, 41, 49],
[10, 19, 33, 47],
[0, 27, 35, 39, 59],
[6, 21, 28, 42, 57],
[50, 51, 52, 53, 54],
[15, 20, 25, 31, 32],
[16, 30, 48, 55]]]