[[[0, 14, 28, 42, 56],
[1, 15, 29, 46],
[2, 17, 34, 43],
[3, 16, 32, 47, 57],
[4, 21, 39, 55],
[5, 24, 30, 51],
[6, 25, 36, 49],
[7, 18, 40, 44],
[8, 26, 37, 48],
[9, 27, 33, 52],
[10, 22, 35, 45],
[11, 20, 41, 53],
[12, 23, 38, 50],
[13, 19, 31, 54]],

[[0, 16, 33, 48],
[1, 23, 36, 55],
[2, 22, 40, 46],
[3, 24, 39, 53],
[4, 14, 38, 49, 57],
[5, 20, 32, 54],
[6, 19, 28, 52],
[7, 17, 41, 45],
[8, 15, 31, 44],
[9, 26, 35, 42],
[10, 18, 37, 43],
[11, 27, 34, 50],
[12, 21, 29, 51],
[13, 25, 30, 47, 56]],

[[0, 25, 40, 52],
[1, 21, 33, 42],
[2, 16, 30, 44],
[3, 17, 31, 48],
[4, 19, 36, 45],
[5, 18, 34, 49],
[6, 23, 41, 43, 57],
[7, 26, 32, 53, 56],
[8, 27, 38, 51],
[9, 20, 28, 46],
[10, 14, 39, 50],
[11, 15, 35, 54],
[12, 24, 37, 47],
[13, 22, 29, 55]],

[[0, 23, 31, 53],
[1, 27, 32, 49],
[2, 18, 35, 50],
[3, 25, 38, 43],
[4, 24, 28, 48],
[5, 26, 41, 55],
[6, 16, 40, 51],
[7, 22, 34, 42],
[8, 21, 30, 54],
[9, 19, 29, 47],
[10, 17, 33, 46],
[11, 14, 37, 44],
[12, 20, 39, 45, 56],
[13, 15, 36, 52, 57]],

[[0, 26, 39, 49],
[1, 24, 31, 43],
[2, 27, 28, 54],
[3, 23, 35, 44],
[4, 18, 32, 46],
[5, 19, 33, 50, 56],
[6, 21, 38, 47],
[7, 20, 36, 51],
[8, 25, 29, 45],
[9, 14, 34, 55],
[10, 15, 40, 53],
[11, 22, 30, 48, 57],
[12, 16, 41, 52],
[13, 17, 37, 42]],

[[0, 22, 41, 47],
[1, 17, 38, 54],
[2, 25, 33, 55],
[3, 15, 34, 51],
[4, 20, 37, 52],
[5, 27, 40, 45, 57],
[6, 26, 30, 50],
[7, 14, 29, 43],
[8, 18, 28, 53],
[9, 24, 36, 44, 56],
[10, 23, 32, 42],
[11, 21, 31, 49],
[12, 19, 35, 48],
[13, 16, 39, 46]],

[[0, 18, 29, 54],
[1, 19, 39, 44],
[2, 14, 41, 51],
[3, 26, 33, 45],
[4, 15, 30, 42],
[5, 25, 37, 46],
[6, 20, 34, 48],
[7, 21, 35, 52],
[8, 23, 40, 49, 56],
[9, 22, 38, 53],
[10, 27, 31, 47],
[11, 16, 36, 43],
[12, 17, 28, 55, 57],
[13, 24, 32, 50]],

[[0, 21, 37, 50, 57],
[1, 18, 41, 48],
[2, 24, 29, 49],
[3, 19, 40, 42],
[4, 27, 35, 43, 56],
[5, 17, 36, 53],
[6, 22, 39, 54],
[7, 15, 28, 47],
[8, 14, 32, 52],
[9, 16, 31, 45],
[10, 20, 30, 55],
[11, 26, 38, 46],
[12, 25, 34, 44],
[13, 23, 33, 51]],

[[0, 19, 30, 43],
[1, 26, 34, 52],
[2, 20, 31, 42, 57],
[3, 21, 41, 46, 56],
[4, 16, 29, 53],
[5, 14, 35, 47],
[6, 17, 32, 44],
[7, 27, 39, 48],
[8, 22, 36, 50],
[9, 23, 37, 54],
[10, 25, 28, 51],
[11, 24, 40, 55],
[12, 15, 33, 49],
[13, 18, 38, 45]],

[[0, 27, 36, 46],
[1, 25, 35, 53, 57],
[2, 23, 39, 52],
[3, 20, 29, 50],
[4, 26, 31, 51],
[5, 21, 28, 44],
[6, 15, 37, 45],
[7, 19, 38, 55],
[8, 24, 41, 42],
[9, 17, 30, 49],
[10, 16, 34, 54, 56],
[11, 18, 33, 47],
[12, 22, 32, 43],
[13, 14, 40, 48]],

[[0, 17, 35, 51],
[1, 20, 40, 47],
[2, 21, 32, 45],
[3, 14, 36, 54],
[4, 22, 33, 44],
[5, 23, 29, 48],
[6, 18, 31, 55, 56],
[7, 16, 37, 49],
[8, 19, 34, 46, 57],
[9, 15, 41, 50],
[10, 24, 38, 52],
[11, 25, 39, 42],
[12, 27, 30, 53],
[13, 26, 28, 43]],

[[0, 24, 34, 45],
[1, 16, 28, 50],
[2, 15, 38, 48, 56],
[3, 27, 37, 55],
[4, 25, 41, 54],
[5, 22, 31, 52],
[6, 14, 33, 53],
[7, 23, 30, 46],
[8, 17, 39, 47],
[9, 21, 40, 43],
[10, 26, 29, 44, 57],
[11, 19, 32, 51],
[12, 18, 36, 42],
[13, 20, 35, 49]],

[[0, 15, 32, 55],
[1, 14, 30, 45],
[2, 19, 37, 53],
[3, 22, 28, 49],
[4, 23, 34, 47],
[5, 16, 38, 42],
[6, 24, 35, 46],
[7, 25, 31, 50],
[8, 20, 33, 43],
[9, 18, 39, 51, 57],
[10, 21, 36, 48],
[11, 17, 29, 52, 56],
[12, 26, 40, 54],
[13, 27, 41, 44]],

[[0, 20, 38, 44],
[1, 22, 37, 51, 56],
[2, 26, 36, 47],
[3, 18, 30, 52],
[4, 17, 40, 50],
[5, 15, 39, 43],
[6, 27, 29, 42],
[7, 24, 33, 54, 57],
[8, 16, 35, 55],
[9, 25, 32, 48],
[10, 19, 41, 49],
[11, 23, 28, 45],
[12, 14, 31, 46],
[13, 21, 34, 53]]]