[[[0, 13, 26, 39, 52],
[1, 14, 28, 42],
[2, 15, 30, 45],
[3, 16, 32, 48],
[4, 17, 34, 51],
[5, 18, 36, 41],
[6, 19, 38, 44],
[7, 20, 27, 47, 54],
[8, 21, 29, 50],
[9, 22, 31, 40],
[10, 23, 33, 43, 53],
[11, 24, 35, 46],
[12, 25, 37, 49]],

[[0, 14, 27, 40, 53],
[1, 15, 29, 43],
[2, 16, 31, 46],
[3, 17, 33, 49, 52],
[4, 18, 35, 39],
[5, 19, 37, 42],
[6, 20, 26, 45],
[7, 21, 28, 48],
[8, 22, 30, 51],
[9, 23, 32, 41],
[10, 24, 34, 44, 54],
[11, 25, 36, 47],
[12, 13, 38, 50]],

[[0, 15, 28, 41, 54],
[1, 16, 30, 44],
[2, 17, 32, 47],
[3, 18, 34, 50, 53],
[4, 19, 36, 40],
[5, 20, 38, 43],
[6, 21, 27, 46, 52],
[7, 22, 29, 49],
[8, 23, 31, 39],
[9, 24, 33, 42],
[10, 25, 35, 45],
[11, 13, 37, 48],
[12, 14, 26, 51]],

[[0, 16, 29, 42],
[1, 17, 31, 45],
[2, 18, 33, 48],
[3, 19, 35, 51, 54],
[4, 20, 37, 41],
[5, 21, 26, 44],
[6, 22, 28, 47, 53],
[7, 23, 30, 50],
[8, 24, 32, 40],
[9, 25, 34, 43, 52],
[10, 13, 36, 46],
[11, 14, 38, 49],
[12, 15, 27, 39]],

[[0, 17, 30, 43],
[1, 18, 32, 46],
[2, 19, 34, 49],
[3, 20, 36, 39],
[4, 21, 38, 42],
[5, 22, 27, 45],
[6, 23, 29, 48, 54],
[7, 24, 31, 51],
[8, 25, 33, 41],
[9, 13, 35, 44, 53],
[10, 14, 37, 47],
[11, 15, 26, 50],
[12, 16, 28, 40, 52]],

[[0, 18, 31, 44],
[1, 19, 33, 47],
[2, 20, 35, 50, 52],
[3, 21, 37, 40],
[4, 22, 26, 43],
[5, 23, 28, 46],
[6, 24, 30, 49],
[7, 25, 32, 39],
[8, 13, 34, 42],
[9, 14, 36, 45, 54],
[10, 15, 38, 48],
[11, 16, 27, 51],
[12, 17, 29, 41, 53]],

[[0, 19, 32, 45],
[1, 20, 34, 48],
[2, 21, 36, 51, 53],
[3, 22, 38, 41],
[4, 23, 27, 44],
[5, 24, 29, 47, 52],
[6, 25, 31, 50],
[7, 13, 33, 40],
[8, 14, 35, 43],
[9, 15, 37, 46],
[10, 16, 26, 49],
[11, 17, 28, 39],
[12, 18, 30, 42, 54]],

[[0, 20, 33, 46],
[1, 21, 35, 49],
[2, 22, 37, 39, 54],
[3, 23, 26, 42],
[4, 24, 28, 45],
[5, 25, 30, 48, 53],
[6, 13, 32, 51],
[7, 14, 34, 41],
[8, 15, 36, 44, 52],
[9, 16, 38, 47],
[10, 17, 27, 50],
[11, 18, 29, 40],
[12, 19, 31, 43]],

[[0, 21, 34, 47],
[1, 22, 36, 50],
[2, 23, 38, 40],
[3, 24, 27, 43],
[4, 25, 29, 46],
[5, 13, 31, 49, 54],
[6, 14, 33, 39],
[7, 15, 35, 42],
[8, 16, 37, 45, 53],
[9, 17, 26, 48],
[10, 18, 28, 51],
[11, 19, 30, 41, 52],
[12, 20, 32, 44]],

[[0, 22, 35, 48],
[1, 23, 37, 51, 52],
[2, 24, 26, 41],
[3, 25, 28, 44],
[4, 13, 30, 47],
[5, 14, 32, 50],
[6, 15, 34, 40],
[7, 16, 36, 43],
[8, 17, 38, 46, 54],
[9, 18, 27, 49],
[10, 19, 29, 39],
[11, 20, 31, 42, 53],
[12, 21, 33, 45]],

[[0, 23, 36, 49],
[1, 24, 38, 39, 53],
[2, 25, 27, 42],
[3, 13, 29, 45],
[4, 14, 31, 48, 52],
[5, 15, 33, 51],
[6, 16, 35, 41],
[7, 17, 37, 44],
[8, 18, 26, 47],
[9, 19, 28, 50],
[10, 20, 30, 40],
[11, 21, 32, 43, 54],
[12, 22, 34, 46]],

[[0, 24, 37, 50],
[1, 25, 26, 40, 54],
[2, 13, 28, 43],
[3, 14, 30, 46],
[4, 15, 32, 49, 53],
[5, 16, 34, 39],
[6, 17, 36, 42],
[7, 18, 38, 45, 52],
[8, 19, 27, 48],
[9, 20, 29, 51],
[10, 21, 31, 41],
[11, 22, 33, 44],
[12, 23, 35, 47]],

[[0, 25, 38, 51],
[1, 13, 27, 41],
[2, 14, 29, 44],
[3, 15, 31, 47],
[4, 16, 33, 50, 54],
[5, 17, 35, 40],
[6, 18, 37, 43],
[7, 19, 26, 46, 53],
[8, 20, 28, 49],
[9, 21, 30, 39],
[10, 22, 32, 42, 52],
[11, 23, 34, 45],
[12, 24, 36, 48]]]