[[[0,3,6],
[1,4,7],
[2,5,8],
[9,13,17],
[10,14,15],
[11,12,16]],

[[0,12,15],
[1,13,16],
[2,14,17],
[4,8,9],
[5,6,10],
[3,7,11]],

[[3,9,15],
[4,10,16],
[5,11,17],
[0,8,13],
[1,6,14],
[2,7,12]],

[[6,9,12],
[7,10,13],
[8,11,14],
[0,4,17],
[1,5,15],
[2,3,16]],

[[0,5,7],
[1,3,8],
[2,4,6],
[9,10,11],
[12,13,14],
[15,16,17]],

[[0,14,16],
[3,10,17],
[6,11,13],
[1,2,9],
[4,5,12],
[7,8,15]],

[[7,9,14],
[1,12,17],
[4,11,15],
[0,2,10],
[3,5,13],
[6,8,16]],

[[5,9,16],
[8,10,12],
[2,13,15],
[0,1,11],
[3,4,14],
[6,7,17]]

]
