[[[40,56,72,96],
[32,48,88,104],
[24,64,80,112],
[41,57,73,97],
[33,49,89,105],
[25,65,81,113],
[42,58,74,98],
[34,50,90,106],
[26,66,82,114],
[43,59,75,99],
[35,51,91,107],
[27,67,83,115],
[44,60,76,100],
[36,52,92,108],
[28,68,84,116],
[45,61,77,101],
[37,53,93,109],
[29,69,85,117],
[46,62,78,102],
[38,54,94,110],
[30,70,86,118],
[47,63,79,103],
[39,55,95,111],
[31,71,87,119],
[0,1,3,14],
[8,9,11,22],
[6,16,17,19],
[2,7,12,21],
[5,10,15,20],
[4,13,18,23]],

[[8,64,72,104],
[16,48,80,96],
[0,56,88,112],
[9,65,73,105],
[17,49,81,97],
[1,57,89,113],
[10,66,74,106],
[18,50,82,98],
[2,58,90,114],
[11,67,75,107],
[19,51,83,99],
[3,59,91,115],
[12,68,76,108],
[20,52,84,100],
[4,60,92,116],
[13,69,77,109],
[21,53,85,101],
[5,61,93,117],
[14,70,78,110],
[22,54,86,102],
[6,62,94,118],
[15,71,79,111],
[23,55,87,103],
[7,63,95,119],
[24,25,27,38],
[32,33,35,46],
[30,40,41,43],
[26,31,36,45],
[29,34,39,44],
[28,37,42,47]],

[[16,32,72,112],
[8,24,88,96],
[0,40,80,104],
[17,33,73,113],
[9,25,89,97],
[1,41,81,105],
[18,34,74,114],
[10,26,90,98],
[2,42,82,106],
[19,35,75,115],
[11,27,91,99],
[3,43,83,107],
[20,36,76,116],
[12,28,92,100],
[4,44,84,108],
[21,37,77,117],
[13,29,93,101],
[5,45,85,109],
[22,38,78,118],
[14,30,94,102],
[6,46,86,110],
[23,39,79,119],
[15,31,95,103],
[7,47,87,111],
[48,49,51,62],
[56,57,59,70],
[54,64,65,67],
[50,55,60,69],
[53,58,63,68],
[52,61,66,71]],

[[8,40,48,112],
[16,24,56,104],
[0,32,64,96],
[9,41,49,113],
[17,25,57,105],
[1,33,65,97],
[10,42,50,114],
[18,26,58,106],
[2,34,66,98],
[11,43,51,115],
[19,27,59,107],
[3,35,67,99],
[12,44,52,116],
[20,28,60,108],
[4,36,68,100],
[13,45,53,117],
[21,29,61,109],
[5,37,69,101],
[14,46,54,118],
[22,30,62,110],
[6,38,70,102],
[15,47,55,119],
[23,31,63,111],
[7,39,71,103],
[72,73,75,86],
[80,81,83,94],
[78,88,89,91],
[74,79,84,93],
[77,82,87,92],
[76,85,90,95]],

[[0,24,48,72],
[8,32,56,80],
[16,40,64,88],
[1,25,49,73],
[9,33,57,81],
[17,41,65,89],
[2,26,50,74],
[10,34,58,82],
[18,42,66,90],
[3,27,51,75],
[11,35,59,83],
[19,43,67,91],
[4,28,52,76],
[12,36,60,84],
[20,44,68,92],
[5,29,53,77],
[13,37,61,85],
[21,45,69,93],
[6,30,54,78],
[14,38,62,86],
[22,46,70,94],
[7,31,55,79],
[15,39,63,87],
[23,47,71,95],
[96,97,99,110],
[104,105,107,118],
[102,112,113,115],
[98,103,108,117],
[101,106,111,116],
[100,109,114,119]],

[[0,25,62,75],
[24,49,86,99],
[3,48,73,110],
[14,27,72,97],
[1,38,51,96],
[8,33,70,83],
[32,57,94,107],
[11,56,81,118],
[22,35,80,105],
[9,46,59,104],
[6,40,67,89],
[30,64,91,113],
[17,54,88,115],
[19,41,78,112],
[16,43,65,102],
[2,31,69,84],
[26,55,93,108],
[12,50,79,117],
[21,36,74,103],
[7,45,60,98],
[5,34,68,87],
[29,58,92,111],
[15,53,82,116],
[20,39,77,106],
[10,44,63,101],
[4,37,71,90],
[28,61,95,114],
[18,52,85,119],
[23,42,76,109],
[13,47,66,100]],

[[0,27,49,110],
[14,24,51,73],
[38,48,75,97],
[1,62,72,99],
[3,25,86,96],
[8,35,57,118],
[22,32,59,81],
[46,56,83,105],
[9,70,80,107],
[11,33,94,104],
[6,41,64,115],
[19,30,65,88],
[43,54,89,112],
[16,67,78,113],
[17,40,91,102],
[2,36,55,117],
[21,26,60,79],
[45,50,84,103],
[7,69,74,108],
[12,31,93,98],
[5,39,58,116],
[20,29,63,82],
[44,53,87,106],
[10,68,77,111],
[15,34,92,101],
[4,42,61,119],
[23,28,66,85],
[47,52,90,109],
[13,71,76,114],
[18,37,95,100]],

[[0,38,73,99],
[3,24,62,97],
[1,27,48,86],
[25,51,72,110],
[14,49,75,96],
[8,46,81,107],
[11,32,70,105],
[9,35,56,94],
[33,59,80,118],
[22,57,83,104],
[6,43,88,113],
[17,30,67,112],
[16,41,54,91],
[40,65,78,115],
[19,64,89,102],
[2,45,79,108],
[12,26,69,103],
[7,36,50,93],
[31,60,74,117],
[21,55,84,98],
[5,44,82,111],
[15,29,68,106],
[10,39,53,92],
[34,63,77,116],
[20,58,87,101],
[4,47,85,114],
[18,28,71,109],
[13,42,52,95],
[37,66,76,119],
[23,61,90,100]],

[[0,51,86,97],
[1,24,75,110],
[14,25,48,99],
[3,38,49,72],
[27,62,73,96],
[8,59,94,105],
[9,32,83,118],
[22,33,56,107],
[11,46,57,80],
[35,70,81,104],
[6,65,91,112],
[16,30,89,115],
[19,40,54,113],
[17,43,64,78],
[41,67,88,102],
[2,60,93,103],
[7,26,84,117],
[21,31,50,108],
[12,45,55,74],
[36,69,79,98],
[5,63,92,106],
[10,29,87,116],
[20,34,53,111],
[15,44,58,77],
[39,68,82,101],
[4,66,95,109],
[13,28,90,119],
[23,37,52,114],
[18,47,61,76],
[42,71,85,100]],

[[0,41,68,90],
[24,65,92,114],
[18,48,89,116],
[20,42,72,113],
[17,44,66,96],
[1,26,56,76],
[25,50,80,100],
[4,49,74,104],
[8,28,73,98],
[2,32,52,97],
[9,34,64,84],
[33,58,88,108],
[12,57,82,112],
[16,36,81,106],
[10,40,60,105],
[3,31,70,85],
[27,55,94,109],
[13,51,79,118],
[22,37,75,103],
[7,46,61,99],
[6,35,69,87],
[30,59,93,111],
[15,54,83,117],
[21,39,78,107],
[11,45,63,102],
[5,38,71,91],
[29,62,95,115],
[19,53,86,119],
[23,43,77,110],
[14,47,67,101]],

[[0,42,65,116],
[20,24,66,89],
[44,48,90,113],
[17,68,72,114],
[18,41,92,96],
[1,28,50,104],
[8,25,52,74],
[32,49,76,98],
[2,56,73,100],
[4,26,80,97],
[9,36,58,112],
[16,33,60,82],
[40,57,84,106],
[10,64,81,108],
[12,34,88,105],
[3,37,55,118],
[22,27,61,79],
[46,51,85,103],
[7,70,75,109],
[13,31,94,99],
[6,39,59,117],
[21,30,63,83],
[45,54,87,107],
[11,69,78,111],
[15,35,93,102],
[5,43,62,119],
[23,29,67,86],
[47,53,91,110],
[14,71,77,115],
[19,38,95,101]],

[[0,44,89,114],
[18,24,68,113],
[17,42,48,92],
[41,66,72,116],
[20,65,90,96],
[1,32,74,100],
[4,25,56,98],
[2,28,49,80],
[26,52,73,104],
[8,50,76,97],
[9,40,82,108],
[12,33,64,106],
[10,36,57,88],
[34,60,81,112],
[16,58,84,105],
[3,46,79,109],
[13,27,70,103],
[7,37,51,94],
[31,61,75,118],
[22,55,85,99],
[6,45,83,111],
[15,30,69,107],
[11,39,54,93],
[35,63,78,117],
[21,59,87,102],
[5,47,86,115],
[19,29,71,110],
[14,43,53,95],
[38,67,77,119],
[23,62,91,101]],

[[0,66,92,113],
[17,24,90,116],
[20,41,48,114],
[18,44,65,72],
[42,68,89,96],
[1,52,80,98],
[2,25,76,104],
[8,26,49,100],
[4,32,50,73],
[28,56,74,97],
[9,60,88,106],
[10,33,84,112],
[16,34,57,108],
[12,40,58,81],
[36,64,82,105],
[3,61,94,103],
[7,27,85,118],
[22,31,51,109],
[13,46,55,75],
[37,70,79,99],
[6,63,93,107],
[11,30,87,117],
[21,35,54,111],
[15,45,59,78],
[39,69,83,102],
[5,67,95,110],
[14,29,91,119],
[23,38,53,115],
[19,47,62,77],
[43,71,86,101]],

[[1,42,69,91],
[25,66,93,115],
[19,49,90,117],
[21,43,73,114],
[18,45,67,97],
[2,27,57,77],
[26,51,81,101],
[5,50,75,105],
[9,29,74,99],
[3,33,53,98],
[10,35,65,85],
[34,59,89,109],
[13,58,83,113],
[17,37,82,107],
[11,41,61,106],
[0,36,70,87],
[24,60,94,111],
[15,48,84,118],
[22,39,72,108],
[12,46,63,96],
[6,32,71,92],
[30,56,95,116],
[20,54,80,119],
[23,44,78,104],
[8,47,68,102],
[4,31,64,86],
[28,55,88,110],
[14,52,79,112],
[16,38,76,103],
[7,40,62,100]],

[[1,43,66,117],
[21,25,67,90],
[45,49,91,114],
[18,69,73,115],
[19,42,93,97],
[2,29,51,105],
[9,26,53,75],
[33,50,77,99],
[3,57,74,101],
[5,27,81,98],
[10,37,59,113],
[17,34,61,83],
[41,58,85,107],
[11,65,82,109],
[13,35,89,106],
[0,39,60,118],
[22,24,63,84],
[46,48,87,108],
[12,70,72,111],
[15,36,94,96],
[6,44,56,119],
[23,30,68,80],
[47,54,92,104],
[8,71,78,116],
[20,32,95,102],
[4,38,55,112],
[16,28,62,79],
[40,52,86,103],
[7,64,76,110],
[14,31,88,100]],

[[1,45,90,115],
[19,25,69,114],
[18,43,49,93],
[42,67,73,117],
[21,66,91,97],
[2,33,75,101],
[5,26,57,99],
[3,29,50,81],
[27,53,74,105],
[9,51,77,98],
[10,41,83,109],
[13,34,65,107],
[11,37,58,89],
[35,61,82,113],
[17,59,85,106],
[0,46,84,111],
[15,24,70,108],
[12,39,48,94],
[36,63,72,118],
[22,60,87,96],
[6,47,80,116],
[20,30,71,104],
[8,44,54,95],
[32,68,78,119],
[23,56,92,102],
[4,40,79,110],
[14,28,64,103],
[7,38,52,88],
[31,62,76,112],
[16,55,86,100]],

[[1,67,93,114],
[18,25,91,117],
[21,42,49,115],
[19,45,66,73],
[43,69,90,97],
[2,53,81,99],
[3,26,77,105],
[9,27,50,101],
[5,33,51,74],
[29,57,75,98],
[10,61,89,107],
[11,34,85,113],
[17,35,58,109],
[13,41,59,82],
[37,65,83,106],
[0,63,94,108],
[12,24,87,118],
[22,36,48,111],
[15,46,60,72],
[39,70,84,96],
[6,68,95,104],
[8,30,92,119],
[23,32,54,116],
[20,47,56,78],
[44,71,80,102],
[4,62,88,103],
[7,28,86,112],
[16,31,52,110],
[14,40,55,76],
[38,64,79,100]],

[[2,43,70,92],
[26,67,94,116],
[20,50,91,118],
[22,44,74,115],
[19,46,68,98],
[3,28,58,78],
[27,52,82,102],
[6,51,76,106],
[10,30,75,100],
[4,34,54,99],
[11,36,66,86],
[35,60,90,110],
[14,59,84,114],
[18,38,83,108],
[12,42,62,107],
[0,33,71,93],
[24,57,95,117],
[21,48,81,119],
[23,45,72,105],
[9,47,69,96],
[5,31,65,80],
[29,55,89,104],
[8,53,79,113],
[17,32,77,103],
[7,41,56,101],
[1,37,64,87],
[25,61,88,111],
[15,49,85,112],
[16,39,73,109],
[13,40,63,97]],

[[2,44,67,118],
[22,26,68,91],
[46,50,92,115],
[19,70,74,116],
[20,43,94,98],
[3,30,52,106],
[10,27,54,76],
[34,51,78,100],
[4,58,75,102],
[6,28,82,99],
[11,38,60,114],
[18,35,62,84],
[42,59,86,108],
[12,66,83,110],
[14,36,90,107],
[0,45,57,119],
[23,24,69,81],
[47,48,93,105],
[9,71,72,117],
[21,33,95,96],
[5,32,55,113],
[17,29,56,79],
[41,53,80,103],
[7,65,77,104],
[8,31,89,101],
[1,39,61,112],
[16,25,63,85],
[40,49,87,109],
[13,64,73,111],
[15,37,88,97]],

[[2,46,91,116],
[20,26,70,115],
[19,44,50,94],
[43,68,74,118],
[22,67,92,98],
[3,34,76,102],
[6,27,58,100],
[4,30,51,82],
[28,54,75,106],
[10,52,78,99],
[11,42,84,110],
[14,35,66,108],
[12,38,59,90],
[36,62,83,114],
[18,60,86,107],
[0,47,81,117],
[21,24,71,105],
[9,45,48,95],
[33,69,72,119],
[23,57,93,96],
[5,41,79,104],
[8,29,65,103],
[7,32,53,89],
[31,56,77,113],
[17,55,80,101],
[1,40,85,111],
[15,25,64,109],
[13,39,49,88],
[37,63,73,112],
[16,61,87,97]],

[[2,68,94,115],
[19,26,92,118],
[22,43,50,116],
[20,46,67,74],
[44,70,91,98],
[3,54,82,100],
[4,27,78,106],
[10,28,51,102],
[6,34,52,75],
[30,58,76,99],
[11,62,90,108],
[12,35,86,114],
[18,36,59,110],
[14,42,60,83],
[38,66,84,107],
[0,69,95,105],
[9,24,93,119],
[23,33,48,117],
[21,47,57,72],
[45,71,81,96],
[5,56,89,103],
[7,29,80,113],
[17,31,53,104],
[8,41,55,77],
[32,65,79,101],
[1,63,88,109],
[13,25,87,112],
[16,37,49,111],
[15,40,61,73],
[39,64,85,97]],

[[0,28,59,77],
[24,52,83,101],
[5,48,76,107],
[11,29,72,100],
[4,35,53,96],
[8,36,67,85],
[32,60,91,109],
[13,56,84,115],
[19,37,80,108],
[12,43,61,104],
[3,40,69,92],
[27,64,93,116],
[20,51,88,117],
[21,44,75,112],
[16,45,68,99],
[1,34,71,94],
[25,58,95,118],
[22,49,82,119],
[23,46,73,106],
[10,47,70,97],
[6,31,66,81],
[30,55,90,105],
[9,54,79,114],
[18,33,78,103],
[7,42,57,102],
[2,38,65,87],
[26,62,89,111],
[15,50,86,113],
[17,39,74,110],
[14,41,63,98]],

[[0,29,52,107],
[11,24,53,76],
[35,48,77,100],
[4,59,72,101],
[5,28,83,96],
[8,37,60,115],
[19,32,61,84],
[43,56,85,108],
[12,67,80,109],
[13,36,91,104],
[3,44,64,117],
[21,27,68,88],
[45,51,92,112],
[16,69,75,116],
[20,40,93,99],
[1,46,58,119],
[23,25,70,82],
[47,49,94,106],
[10,71,73,118],
[22,34,95,97],
[6,33,55,114],
[18,30,57,79],
[42,54,81,103],
[7,66,78,105],
[9,31,90,102],
[2,39,62,113],
[17,26,63,86],
[41,50,87,110],
[14,65,74,111],
[15,38,89,98]],

[[0,35,76,101],
[5,24,59,100],
[4,29,48,83],
[28,53,72,107],
[11,52,77,96],
[8,43,84,109],
[13,32,67,108],
[12,37,56,91],
[36,61,80,115],
[19,60,85,104],
[3,45,88,116],
[20,27,69,112],
[16,44,51,93],
[40,68,75,117],
[21,64,92,99],
[1,47,82,118],
[22,25,71,106],
[10,46,49,95],
[34,70,73,119],
[23,58,94,97],
[6,42,79,105],
[9,30,66,103],
[7,33,54,90],
[31,57,78,114],
[18,55,81,102],
[2,41,86,111],
[15,26,65,110],
[14,39,50,89],
[38,63,74,113],
[17,62,87,98]],

[[0,53,83,100],
[4,24,77,107],
[11,28,48,101],
[5,35,52,72],
[29,59,76,96],
[8,61,91,108],
[12,32,85,115],
[19,36,56,109],
[13,43,60,80],
[37,67,84,104],
[3,68,93,112],
[16,27,92,117],
[21,40,51,116],
[20,45,64,75],
[44,69,88,99],
[1,70,95,106],
[10,25,94,119],
[23,34,49,118],
[22,47,58,73],
[46,71,82,97],
[6,57,90,103],
[7,30,81,114],
[18,31,54,105],
[9,42,55,78],
[33,66,79,102],
[2,63,89,110],
[14,26,87,113],
[17,38,50,111],
[15,41,62,74],
[39,65,86,98]],

[[1,29,60,78],
[25,53,84,102],
[6,49,77,108],
[12,30,73,101],
[5,36,54,97],
[9,37,68,86],
[33,61,92,110],
[14,57,85,116],
[20,38,81,109],
[13,44,62,105],
[4,41,70,93],
[28,65,94,117],
[21,52,89,118],
[22,45,76,113],
[17,46,69,100],
[0,31,67,82],
[24,55,91,106],
[10,48,79,115],
[19,34,72,103],
[7,43,58,96],
[3,32,66,87],
[27,56,90,111],
[15,51,80,114],
[18,39,75,104],
[8,42,63,99],
[2,35,71,88],
[26,59,95,112],
[16,50,83,119],
[23,40,74,107],
[11,47,64,98]],

[[1,30,53,108],
[12,25,54,77],
[36,49,78,101],
[5,60,73,102],
[6,29,84,97],
[9,38,61,116],
[20,33,62,85],
[44,57,86,109],
[13,68,81,110],
[14,37,92,105],
[4,45,65,118],
[22,28,69,89],
[46,52,93,113],
[17,70,76,117],
[21,41,94,100],
[0,34,55,115],
[19,24,58,79],
[43,48,82,103],
[7,67,72,106],
[10,31,91,96],
[3,39,56,114],
[18,27,63,80],
[42,51,87,104],
[8,66,75,111],
[15,32,90,99],
[2,40,59,119],
[23,26,64,83],
[47,50,88,107],
[11,71,74,112],
[16,35,95,98]],

[[1,36,77,102],
[6,25,60,101],
[5,30,49,84],
[29,54,73,108],
[12,53,78,97],
[9,44,85,110],
[14,33,68,109],
[13,38,57,92],
[37,62,81,116],
[20,61,86,105],
[4,46,89,117],
[21,28,70,113],
[17,45,52,94],
[41,69,76,118],
[22,65,93,100],
[0,43,79,106],
[10,24,67,103],
[7,34,48,91],
[31,58,72,115],
[19,55,82,96],
[3,42,80,111],
[15,27,66,104],
[8,39,51,90],
[32,63,75,114],
[18,56,87,99],
[2,47,83,112],
[16,26,71,107],
[11,40,50,95],
[35,64,74,119],
[23,59,88,98]],

[[1,54,84,101],
[5,25,78,108],
[12,29,49,102],
[6,36,53,73],
[30,60,77,97],
[9,62,92,109],
[13,33,86,116],
[20,37,57,110],
[14,44,61,81],
[38,68,85,105],
[4,69,94,113],
[17,28,93,118],
[22,41,52,117],
[21,46,65,76],
[45,70,89,100],
[0,58,91,103],
[7,24,82,115],
[19,31,48,106],
[10,43,55,72],
[34,67,79,96],
[3,63,90,104],
[8,27,87,114],
[18,32,51,111],
[15,42,56,75],
[39,66,80,99],
[2,64,95,107],
[11,26,88,119],
[23,35,50,112],
[16,47,59,74],
[40,71,83,98]],

[[0,26,61,78],
[24,50,85,102],
[6,48,74,109],
[13,30,72,98],
[2,37,54,96],
[8,34,69,86],
[32,58,93,110],
[14,56,82,117],
[21,38,80,106],
[10,45,62,104],
[5,40,70,90],
[29,64,94,114],
[18,53,88,118],
[22,42,77,112],
[16,46,66,101],
[1,31,68,83],
[25,55,92,107],
[11,49,79,116],
[20,35,73,103],
[7,44,59,97],
[4,33,67,87],
[28,57,91,111],
[15,52,81,115],
[19,39,76,105],
[9,43,63,100],
[3,36,71,89],
[27,60,95,113],
[17,51,84,119],
[23,41,75,108],
[12,47,65,99]],

[[0,30,50,109],
[13,24,54,74],
[37,48,78,98],
[2,61,72,102],
[6,26,85,96],
[8,38,58,117],
[21,32,62,82],
[45,56,86,106],
[10,69,80,110],
[14,34,93,104],
[5,42,64,118],
[22,29,66,88],
[46,53,90,112],
[16,70,77,114],
[18,40,94,101],
[1,35,55,116],
[20,25,59,79],
[44,49,83,103],
[7,68,73,107],
[11,31,92,97],
[4,39,57,115],
[19,28,63,81],
[43,52,87,105],
[9,67,76,111],
[15,33,91,100],
[3,41,60,119],
[23,27,65,84],
[47,51,89,108],
[12,71,75,113],
[17,36,95,99]],

[[0,37,74,102],
[6,24,61,98],
[2,30,48,85],
[26,54,72,109],
[13,50,78,96],
[8,45,82,110],
[14,32,69,106],
[10,38,56,93],
[34,62,80,117],
[21,58,86,104],
[5,46,88,114],
[18,29,70,112],
[16,42,53,94],
[40,66,77,118],
[22,64,90,101],
[1,44,79,107],
[11,25,68,103],
[7,35,49,92],
[31,59,73,116],
[20,55,83,97],
[4,43,81,111],
[15,28,67,105],
[9,39,52,91],
[33,63,76,115],
[19,57,87,100],
[3,47,84,113],
[17,27,71,108],
[12,41,51,95],
[36,65,75,119],
[23,60,89,99]],

[[0,54,85,98],
[2,24,78,109],
[13,26,48,102],
[6,37,50,72],
[30,61,74,96],
[8,62,93,106],
[10,32,86,117],
[21,34,56,110],
[14,45,58,80],
[38,69,82,104],
[5,66,94,112],
[16,29,90,118],
[22,40,53,114],
[18,46,64,77],
[42,70,88,101],
[1,59,92,103],
[7,25,83,116],
[20,31,49,107],
[11,44,55,73],
[35,68,79,97],
[4,63,91,105],
[9,28,87,115],
[19,33,52,111],
[15,43,57,76],
[39,67,81,100],
[3,65,95,108],
[12,27,89,119],
[23,36,51,113],
[17,47,60,75],
[41,71,84,99]],

[[0,17,18,20],
[1,2,4,8],
[9,10,12,16],
[3,7,13,22],
[6,11,15,21],
[5,14,19,23],
[24,41,42,44],
[25,26,28,32],
[33,34,36,40],
[27,31,37,46],
[30,35,39,45],
[29,38,43,47],
[48,65,66,68],
[49,50,52,56],
[57,58,60,64],
[51,55,61,70],
[54,59,63,69],
[53,62,67,71],
[72,89,90,92],
[73,74,76,80],
[81,82,84,88],
[75,79,85,94],
[78,83,87,93],
[77,86,91,95],
[96,113,114,116],
[97,98,100,104],
[105,106,108,112],
[99,103,109,118],
[102,107,111,117],
[101,110,115,119]],

[[1,18,19,21],
[2,3,5,9],
[10,11,13,17],
[0,12,15,22],
[6,8,20,23],
[4,7,14,16],
[25,42,43,45],
[26,27,29,33],
[34,35,37,41],
[24,36,39,46],
[30,32,44,47],
[28,31,38,40],
[49,66,67,69],
[50,51,53,57],
[58,59,61,65],
[48,60,63,70],
[54,56,68,71],
[52,55,62,64],
[73,90,91,93],
[74,75,77,81],
[82,83,85,89],
[72,84,87,94],
[78,80,92,95],
[76,79,86,88],
[97,114,115,117],
[98,99,101,105],
[106,107,109,113],
[96,108,111,118],
[102,104,116,119],
[100,103,110,112]],

[[2,19,20,22],
[3,4,6,10],
[11,12,14,18],
[0,9,21,23],
[5,7,8,17],
[1,13,15,16],
[26,43,44,46],
[27,28,30,34],
[35,36,38,42],
[24,33,45,47],
[29,31,32,41],
[25,37,39,40],
[50,67,68,70],
[51,52,54,58],
[59,60,62,66],
[48,57,69,71],
[53,55,56,65],
[49,61,63,64],
[74,91,92,94],
[75,76,78,82],
[83,84,86,90],
[72,81,93,95],
[77,79,80,89],
[73,85,87,88],
[98,115,116,118],
[99,100,102,106],
[107,108,110,114],
[96,105,117,119],
[101,103,104,113],
[97,109,111,112]],

[[0,4,5,11],
[8,12,13,19],
[3,16,20,21],
[1,10,22,23],
[6,7,9,18],
[2,14,15,17],
[24,28,29,35],
[32,36,37,43],
[27,40,44,45],
[25,34,46,47],
[30,31,33,42],
[26,38,39,41],
[48,52,53,59],
[56,60,61,67],
[51,64,68,69],
[49,58,70,71],
[54,55,57,66],
[50,62,63,65],
[72,76,77,83],
[80,84,85,91],
[75,88,92,93],
[73,82,94,95],
[78,79,81,90],
[74,86,87,89],
[96,100,101,107],
[104,108,109,115],
[99,112,116,117],
[97,106,118,119],
[102,103,105,114],
[98,110,111,113]],

[[1,5,6,12],
[9,13,14,20],
[4,17,21,22],
[0,7,10,19],
[3,8,15,18],
[2,11,16,23],
[25,29,30,36],
[33,37,38,44],
[28,41,45,46],
[24,31,34,43],
[27,32,39,42],
[26,35,40,47],
[49,53,54,60],
[57,61,62,68],
[52,65,69,70],
[48,55,58,67],
[51,56,63,66],
[50,59,64,71],
[73,77,78,84],
[81,85,86,92],
[76,89,93,94],
[72,79,82,91],
[75,80,87,90],
[74,83,88,95],
[97,101,102,108],
[105,109,110,116],
[100,113,117,118],
[96,103,106,115],
[99,104,111,114],
[98,107,112,119]],

[[0,2,6,13],
[8,10,14,21],
[5,16,18,22],
[1,7,11,20],
[4,9,15,19],
[3,12,17,23],
[24,26,30,37],
[32,34,38,45],
[29,40,42,46],
[25,31,35,44],
[28,33,39,43],
[27,36,41,47],
[48,50,54,61],
[56,58,62,69],
[53,64,66,70],
[49,55,59,68],
[52,57,63,67],
[51,60,65,71],
[72,74,78,85],
[80,82,86,93],
[77,88,90,94],
[73,79,83,92],
[76,81,87,91],
[75,84,89,95],
[96,98,102,109],
[104,106,110,117],
[101,112,114,118],
[97,103,107,116],
[100,105,111,115],
[99,108,113,119]]

]
