[[[0,1,2,3,4,5],
[6,7,8,9,10,11],
[12,13,14,15,16,17],
[18,19,20,21,22,23],
[24,25,26,27,28,29],
[30,31,32,33,34,35],
[36,37,38,39,40,41],
[42,43,44,45,46,47],
[48,49,50,51,52,53],
[54,55,56,57,58],
[59,60,61,62,63],
[64,65,66,67,68],
[69,70,71,72,73],
[74,75,76,77,78],
[79,80,81,82,83],
[84,85,86,87,88],
[89,90,91,92,93],
[94,95,96,97,98],
[99,100,101,102,103],
[104,105,106,107,108],
[109,110,111,112,113],
[114,115,116,117,118]],

[[0,7,14,21,28,35],
[6,13,20,27,34,41],
[12,19,26,33,40,47],
[18,25,32,39,46,53],
[24,31,38,45,52,58],
[30,37,44,51,57,63],
[36,43,50,56,62,68],
[42,49,55,61,67,73],
[48,54,60,66,72,78],
[59,65,71,77,83],
[64,70,76,82,88],
[69,75,81,87,93],
[74,80,86,92,98],
[79,85,91,97,103],
[84,90,96,102,108],
[89,95,101,107,113],
[94,100,106,112,118],
[5,99,105,111,117],
[4,11,104,110,116],
[3,10,17,109,115],
[2,9,16,23,114],
[1,8,15,22,29]],

[[0,8,13,23,33,46],
[6,14,19,29,39,52],
[12,20,25,35,45,57],
[18,26,31,41,51,62],
[24,32,37,47,56,67],
[30,38,43,53,61,72],
[36,44,49,58,66,77],
[42,50,54,63,71,82],
[48,55,59,68,76,87],
[60,64,73,81,92],
[65,69,78,86,97],
[70,74,83,91,102],
[75,79,88,96,107],
[80,84,93,101,112],
[85,89,98,106,117],
[4,90,94,103,111],
[10,95,99,108,116],
[3,16,100,104,113],
[9,22,105,109,118],
[5,15,28,110,114],
[1,11,21,34,115],
[2,7,17,27,40]],

[[0,9,17,19,32,57],
[6,15,23,25,38,62],
[12,21,29,31,44,67],
[18,27,35,37,50,72],
[24,33,41,43,55,77],
[30,39,47,49,60,82],
[36,45,53,54,65,87],
[42,51,58,59,70,92],
[48,56,63,64,75,97],
[61,68,69,80,102],
[66,73,74,85,107],
[71,78,79,90,112],
[76,83,84,95,117],
[4,81,88,89,100],
[10,86,93,94,105],
[16,91,98,99,110],
[22,96,103,104,115],
[2,28,101,108,109],
[8,34,106,113,114],
[1,14,40,111,118],
[5,7,20,46,116],
[3,11,13,26,52]],

[[0,10,15,20,31,47],
[6,16,21,26,37,53],
[12,22,27,32,43,58],
[18,28,33,38,49,63],
[24,34,39,44,54,68],
[30,40,45,50,59,73],
[36,46,51,55,64,78],
[42,52,56,60,69,83],
[48,57,61,65,74,88],
[62,66,70,79,93],
[67,71,75,84,98],
[72,76,80,89,103],
[77,81,85,94,108],
[82,86,90,99,113],
[87,91,95,104,118],
[5,92,96,100,109],
[11,97,101,105,114],
[1,17,102,106,110],
[7,23,107,111,115],
[2,13,29,112,116],
[3,8,19,35,117],
[4,9,14,25,41]],

[[0,11,16,25,44,56],
[6,17,22,31,50,61],
[12,23,28,37,55,66],
[18,29,34,43,60,71],
[24,35,40,49,65,76],
[30,41,46,54,70,81],
[36,47,52,59,75,86],
[42,53,57,64,80,91],
[48,58,62,69,85,96],
[63,67,74,90,101],
[68,72,79,95,106],
[73,77,84,100,111],
[78,82,89,105,116],
[3,83,87,94,110],
[9,88,92,99,115],
[2,15,93,97,104],
[8,21,98,102,109],
[14,27,103,107,114],
[1,20,33,108,112],
[7,26,39,113,117],
[4,13,32,45,118],
[5,10,19,38,51]],

[[0,22,26,45,49,68],
[6,28,32,51,54,73],
[12,34,38,56,59,78],
[18,40,44,61,64,83],
[24,46,50,66,69,88],
[30,52,55,71,74,93],
[36,57,60,76,79,98],
[42,62,65,81,84,103],
[48,67,70,86,89,108],
[72,75,91,94,113],
[77,80,96,99,118],
[5,82,85,101,104],
[11,87,90,106,109],
[17,92,95,111,114],
[1,23,97,100,116],
[3,7,29,102,105],
[9,13,35,107,110],
[15,19,41,112,115],
[2,21,25,47,117],
[4,8,27,31,53],
[10,14,33,37,58],
[16,20,39,43,63]],

[[0,27,38,54,67,83],
[6,33,44,59,72,88],
[12,39,50,64,77,93],
[18,45,55,69,82,98],
[24,51,60,74,87,103],
[30,56,65,79,92,108],
[36,61,70,84,97,113],
[42,66,75,89,102,118],
[5,48,71,80,94,107],
[11,76,85,99,112],
[17,81,90,104,117],
[4,23,86,95,109],
[10,29,91,100,114],
[1,16,35,96,105],
[7,22,41,101,110],
[13,28,47,106,115],
[2,19,34,53,111],
[8,25,40,58,116],
[3,14,31,46,63],
[9,20,37,52,68],
[15,26,43,57,73],
[21,32,49,62,78]],

[[0,29,37,61,75,82],
[6,35,43,66,80,87],
[12,41,49,71,85,92],
[18,47,54,76,90,97],
[24,53,59,81,95,102],
[30,58,64,86,100,107],
[36,63,69,91,105,112],
[42,68,74,96,110,117],
[4,48,73,79,101,115],
[2,10,78,84,106],
[8,16,83,89,111],
[14,22,88,94,116],
[3,20,28,93,99],
[9,26,34,98,104],
[15,32,40,103,109],
[21,38,46,108,114],
[1,27,44,52,113],
[7,33,50,57,118],
[5,13,39,55,62],
[11,19,45,60,67],
[17,25,51,65,72],
[23,31,56,70,77]],

[[0,34,50,58,74,81],
[6,40,55,63,79,86],
[12,46,60,68,84,91],
[18,52,65,73,89,96],
[24,57,70,78,94,101],
[30,62,75,83,99,106],
[36,67,80,88,104,111],
[42,72,85,93,109,116],
[3,48,77,90,98,114],
[1,9,82,95,103],
[7,15,87,100,108],
[13,21,92,105,113],
[19,27,97,110,118],
[5,25,33,102,115],
[2,11,31,39,107],
[8,17,37,45,112],
[14,23,43,51,117],
[4,20,29,49,56],
[10,26,35,54,61],
[16,32,41,59,66],
[22,38,47,64,71],
[28,44,53,69,76]],

[[0,39,73,80,97,109],
[6,45,78,85,102,114],
[1,12,51,83,90,107],
[7,18,56,88,95,112],
[13,24,61,93,100,117],
[4,19,30,66,98,105],
[10,25,36,71,103,110],
[16,31,42,76,108,115],
[2,22,37,48,81,113],
[8,28,43,86,118],
[5,14,34,49,91],
[11,20,40,54,96],
[17,26,46,59,101],
[23,32,52,64,106],
[29,38,57,69,111],
[35,44,62,74,116],
[3,41,50,67,79],
[9,47,55,72,84],
[15,53,60,77,89],
[21,58,65,82,94],
[27,63,70,87,99],
[33,68,75,92,104]],

[[0,40,53,66,94,115],
[2,6,46,58,71,99],
[8,12,52,63,76,104],
[14,18,57,68,81,109],
[20,24,62,73,86,114],
[1,26,30,67,78,91],
[7,32,36,72,83,96],
[13,38,42,77,88,101],
[19,44,48,82,93,106],
[25,50,87,98,111],
[31,55,92,103,116],
[3,37,60,97,108],
[9,43,65,102,113],
[15,49,70,107,118],
[5,21,54,75,112],
[11,27,59,80,117],
[4,17,33,64,85],
[10,23,39,69,90],
[16,29,45,74,95],
[22,35,51,79,100],
[28,41,56,84,105],
[34,47,61,89,110]],

[[0,41,60,86,102,104],
[6,47,65,91,107,109],
[12,53,70,96,112,114],
[1,18,58,75,101,117],
[4,7,24,63,80,106],
[10,13,30,68,85,111],
[16,19,36,73,90,116],
[3,22,25,42,78,95],
[9,28,31,48,83,100],
[15,34,37,88,105],
[21,40,43,93,110],
[27,46,49,98,115],
[2,33,52,54,103],
[8,39,57,59,108],
[14,45,62,64,113],
[20,51,67,69,118],
[5,26,56,72,74],
[11,32,61,77,79],
[17,38,66,82,84],
[23,44,71,87,89],
[29,50,76,92,94],
[35,55,81,97,99]],

[[0,43,52,70,98,116],
[3,6,49,57,75,103],
[9,12,54,62,80,108],
[15,18,59,67,85,113],
[21,24,64,72,90,118],
[5,27,30,69,77,95],
[11,33,36,74,82,100],
[17,39,42,79,87,105],
[23,45,48,84,92,110],
[29,51,89,97,115],
[2,35,56,94,102],
[8,41,61,99,107],
[14,47,66,104,112],
[20,53,71,109,117],
[4,26,58,76,114],
[1,10,32,63,81],
[7,16,38,68,86],
[13,22,44,73,91],
[19,28,50,78,96],
[25,34,55,83,101],
[31,40,60,88,106],
[37,46,65,93,111]]

]
