[[[0,29,58,87],
[1,30,60,90],
[2,31,62,93],
[3,32,64,96],
[4,33,66,99],
[5,34,68,102],
[6,35,70,105],
[7,36,72,108,118],
[8,37,74,111],
[9,38,76,114],
[10,39,78,88],
[11,40,80,91],
[12,41,82,94],
[13,42,84,97],
[14,43,86,100,117],
[15,44,59,103],
[16,45,61,106],
[17,46,63,109],
[18,47,65,112],
[19,48,67,115],
[20,49,69,89],
[21,50,71,92,116],
[22,51,73,95],
[23,52,75,98],
[24,53,77,101],
[25,54,79,104],
[26,55,81,107],
[27,56,83,110],
[28,57,85,113]],

[[0,30,59,88],
[1,31,61,91],
[2,32,63,94],
[3,33,65,97],
[4,34,67,100],
[5,35,69,103],
[6,36,71,106],
[7,37,73,109],
[8,38,75,112],
[9,39,77,115],
[10,40,79,89],
[11,41,81,92],
[12,42,83,95],
[13,43,85,98],
[14,44,58,101,118],
[15,45,60,104],
[16,46,62,107],
[17,47,64,110],
[18,48,66,113],
[19,49,68,87],
[20,50,70,90],
[21,51,72,93,117],
[22,52,74,96],
[23,53,76,99],
[24,54,78,102],
[25,55,80,105],
[26,56,82,108],
[27,57,84,111],
[28,29,86,114,116]],

[[0,31,60,89],
[1,32,62,92],
[2,33,64,95],
[3,34,66,98],
[4,35,68,101],
[5,36,70,104],
[6,37,72,107,116],
[7,38,74,110],
[8,39,76,113],
[9,40,78,87],
[10,41,80,90],
[11,42,82,93],
[12,43,84,96],
[13,44,86,99],
[14,45,59,102],
[15,46,61,105],
[16,47,63,108],
[17,48,65,111],
[18,49,67,114],
[19,50,69,88],
[20,51,71,91],
[21,52,73,94,118],
[22,53,75,97],
[23,54,77,100],
[24,55,79,103],
[25,56,81,106],
[26,57,83,109],
[27,29,85,112],
[28,30,58,115,117]],

[[0,32,61,90],
[1,33,63,93],
[2,34,65,96],
[3,35,67,99],
[4,36,69,102],
[5,37,71,105],
[6,38,73,108,117],
[7,39,75,111],
[8,40,77,114],
[9,41,79,88],
[10,42,81,91],
[11,43,83,94],
[12,44,85,97],
[13,45,58,100,116],
[14,46,60,103],
[15,47,62,106],
[16,48,64,109],
[17,49,66,112],
[18,50,68,115],
[19,51,70,89],
[20,52,72,92],
[21,53,74,95],
[22,54,76,98],
[23,55,78,101],
[24,56,80,104],
[25,57,82,107],
[26,29,84,110],
[27,30,86,113],
[28,31,59,87,118]],

[[0,33,62,91],
[1,34,64,94],
[2,35,66,97],
[3,36,68,100],
[4,37,70,103],
[5,38,72,106],
[6,39,74,109,118],
[7,40,76,112],
[8,41,78,115],
[9,42,80,89],
[10,43,82,92],
[11,44,84,95],
[12,45,86,98],
[13,46,59,101,117],
[14,47,61,104],
[15,48,63,107],
[16,49,65,110],
[17,50,67,113],
[18,51,69,87],
[19,52,71,90],
[20,53,73,93,116],
[21,54,75,96],
[22,55,77,99],
[23,56,79,102],
[24,57,81,105],
[25,29,83,108],
[26,30,85,111],
[27,31,58,114],
[28,32,60,88]],

[[0,34,63,92],
[1,35,65,95],
[2,36,67,98],
[3,37,69,101],
[4,38,71,104],
[5,39,73,107],
[6,40,75,110],
[7,41,77,113],
[8,42,79,87],
[9,43,81,90],
[10,44,83,93],
[11,45,85,96],
[12,46,58,99],
[13,47,60,102,118],
[14,48,62,105],
[15,49,64,108],
[16,50,66,111],
[17,51,68,114],
[18,52,70,88],
[19,53,72,91],
[20,54,74,94,117],
[21,55,76,97],
[22,56,78,100],
[23,57,80,103],
[24,29,82,106],
[25,30,84,109],
[26,31,86,112],
[27,32,59,115,116],
[28,33,61,89]],

[[0,35,64,93],
[1,36,66,96],
[2,37,68,99],
[3,38,70,102],
[4,39,72,105],
[5,40,74,108,116],
[6,41,76,111],
[7,42,78,114],
[8,43,80,88],
[9,44,82,91],
[10,45,84,94],
[11,46,86,97],
[12,47,59,100],
[13,48,61,103],
[14,49,63,106],
[15,50,65,109],
[16,51,67,112],
[17,52,69,115],
[18,53,71,89],
[19,54,73,92],
[20,55,75,95,118],
[21,56,77,98],
[22,57,79,101],
[23,29,81,104],
[24,30,83,107],
[25,31,85,110],
[26,32,58,113],
[27,33,60,87,117],
[28,34,62,90]],

[[0,36,65,94],
[1,37,67,97],
[2,38,69,100],
[3,39,71,103],
[4,40,73,106],
[5,41,75,109,117],
[6,42,77,112],
[7,43,79,115],
[8,44,81,89],
[9,45,83,92],
[10,46,85,95],
[11,47,58,98],
[12,48,60,101,116],
[13,49,62,104],
[14,50,64,107],
[15,51,66,110],
[16,52,68,113],
[17,53,70,87],
[18,54,72,90],
[19,55,74,93],
[20,56,76,96],
[21,57,78,99],
[22,29,80,102],
[23,30,82,105],
[24,31,84,108],
[25,32,86,111],
[26,33,59,114],
[27,34,61,88,118],
[28,35,63,91]],

[[0,37,66,95],
[1,38,68,98],
[2,39,70,101],
[3,40,72,104],
[4,41,74,107],
[5,42,76,110,118],
[6,43,78,113],
[7,44,80,87],
[8,45,82,90],
[9,46,84,93],
[10,47,86,96],
[11,48,59,99],
[12,49,61,102,117],
[13,50,63,105],
[14,51,65,108],
[15,52,67,111],
[16,53,69,114],
[17,54,71,88],
[18,55,73,91],
[19,56,75,94,116],
[20,57,77,97],
[21,29,79,100],
[22,30,81,103],
[23,31,83,106],
[24,32,85,109],
[25,33,58,112],
[26,34,60,115],
[27,35,62,89],
[28,36,64,92]],

[[0,38,67,96],
[1,39,69,99],
[2,40,71,102],
[3,41,73,105],
[4,42,75,108],
[5,43,77,111],
[6,44,79,114],
[7,45,81,88],
[8,46,83,91],
[9,47,85,94],
[10,48,58,97],
[11,49,60,100],
[12,50,62,103,118],
[13,51,64,106],
[14,52,66,109],
[15,53,68,112],
[16,54,70,115],
[17,55,72,89],
[18,56,74,92],
[19,57,76,95,117],
[20,29,78,98],
[21,30,80,101],
[22,31,82,104],
[23,32,84,107],
[24,33,86,110],
[25,34,59,113],
[26,35,61,87,116],
[27,36,63,90],
[28,37,65,93]],

[[0,39,68,97],
[1,40,70,100],
[2,41,72,103],
[3,42,74,106],
[4,43,76,109,116],
[5,44,78,112],
[6,45,80,115],
[7,46,82,89],
[8,47,84,92],
[9,48,86,95],
[10,49,59,98],
[11,50,61,101],
[12,51,63,104],
[13,52,65,107],
[14,53,67,110],
[15,54,69,113],
[16,55,71,87],
[17,56,73,90],
[18,57,75,93],
[19,29,77,96,118],
[20,30,79,99],
[21,31,81,102],
[22,32,83,105],
[23,33,85,108],
[24,34,58,111],
[25,35,60,114],
[26,36,62,88,117],
[27,37,64,91],
[28,38,66,94]],

[[0,40,69,98],
[1,41,71,101],
[2,42,73,104],
[3,43,75,107],
[4,44,77,110,117],
[5,45,79,113],
[6,46,81,87],
[7,47,83,90],
[8,48,85,93],
[9,49,58,96],
[10,50,60,99],
[11,51,62,102,116],
[12,52,64,105],
[13,53,66,108],
[14,54,68,111],
[15,55,70,114],
[16,56,72,88],
[17,57,74,91],
[18,29,76,94],
[19,30,78,97],
[20,31,80,100],
[21,32,82,103],
[22,33,84,106],
[23,34,86,109],
[24,35,59,112],
[25,36,61,115],
[26,37,63,89,118],
[27,38,65,92],
[28,39,67,95]],

[[0,41,70,99],
[1,42,72,102],
[2,43,74,105],
[3,44,76,108],
[4,45,78,111,118],
[5,46,80,114],
[6,47,82,88],
[7,48,84,91],
[8,49,86,94],
[9,50,59,97],
[10,51,61,100],
[11,52,63,103,117],
[12,53,65,106],
[13,54,67,109],
[14,55,69,112],
[15,56,71,115],
[16,57,73,89],
[17,29,75,92],
[18,30,77,95,116],
[19,31,79,98],
[20,32,81,101],
[21,33,83,104],
[22,34,85,107],
[23,35,58,110],
[24,36,60,113],
[25,37,62,87],
[26,38,64,90],
[27,39,66,93],
[28,40,68,96]],

[[0,42,71,100],
[1,43,73,103],
[2,44,75,106],
[3,45,77,109],
[4,46,79,112],
[5,47,81,115],
[6,48,83,89],
[7,49,85,92],
[8,50,58,95],
[9,51,60,98],
[10,52,62,101],
[11,53,64,104,118],
[12,54,66,107],
[13,55,68,110],
[14,56,70,113],
[15,57,72,87],
[16,29,74,90],
[17,30,76,93],
[18,31,78,96,117],
[19,32,80,99],
[20,33,82,102],
[21,34,84,105],
[22,35,86,108],
[23,36,59,111],
[24,37,61,114],
[25,38,63,88,116],
[26,39,65,91],
[27,40,67,94],
[28,41,69,97]],

[[0,43,72,101],
[1,44,74,104],
[2,45,76,107],
[3,46,78,110,116],
[4,47,80,113],
[5,48,82,87],
[6,49,84,90],
[7,50,86,93],
[8,51,59,96],
[9,52,61,99],
[10,53,63,102],
[11,54,65,105],
[12,55,67,108],
[13,56,69,111],
[14,57,71,114],
[15,29,73,88],
[16,30,75,91],
[17,31,77,94],
[18,32,79,97,118],
[19,33,81,100],
[20,34,83,103],
[21,35,85,106],
[22,36,58,109],
[23,37,60,112],
[24,38,62,115],
[25,39,64,89,117],
[26,40,66,92],
[27,41,68,95],
[28,42,70,98]],

[[0,44,73,102],
[1,45,75,105],
[2,46,77,108],
[3,47,79,111,117],
[4,48,81,114],
[5,49,83,88],
[6,50,85,91],
[7,51,58,94],
[8,52,60,97],
[9,53,62,100],
[10,54,64,103,116],
[11,55,66,106],
[12,56,68,109],
[13,57,70,112],
[14,29,72,115],
[15,30,74,89],
[16,31,76,92],
[17,32,78,95],
[18,33,80,98],
[19,34,82,101],
[20,35,84,104],
[21,36,86,107],
[22,37,59,110],
[23,38,61,113],
[24,39,63,87],
[25,40,65,90,118],
[26,41,67,93],
[27,42,69,96],
[28,43,71,99]],

[[0,45,74,103],
[1,46,76,106],
[2,47,78,109],
[3,48,80,112,118],
[4,49,82,115],
[5,50,84,89],
[6,51,86,92],
[7,52,59,95],
[8,53,61,98],
[9,54,63,101],
[10,55,65,104,117],
[11,56,67,107],
[12,57,69,110],
[13,29,71,113],
[14,30,73,87],
[15,31,75,90],
[16,32,77,93],
[17,33,79,96,116],
[18,34,81,99],
[19,35,83,102],
[20,36,85,105],
[21,37,58,108],
[22,38,60,111],
[23,39,62,114],
[24,40,64,88],
[25,41,66,91],
[26,42,68,94],
[27,43,70,97],
[28,44,72,100]],

[[0,46,75,104],
[1,47,77,107],
[2,48,79,110],
[3,49,81,113],
[4,50,83,87],
[5,51,85,90],
[6,52,58,93],
[7,53,60,96],
[8,54,62,99],
[9,55,64,102],
[10,56,66,105,118],
[11,57,68,108],
[12,29,70,111],
[13,30,72,114],
[14,31,74,88],
[15,32,76,91],
[16,33,78,94],
[17,34,80,97,117],
[18,35,82,100],
[19,36,84,103],
[20,37,86,106],
[21,38,59,109],
[22,39,61,112],
[23,40,63,115],
[24,41,65,89,116],
[25,42,67,92],
[26,43,69,95],
[27,44,71,98],
[28,45,73,101]],

[[0,47,76,105],
[1,48,78,108],
[2,49,80,111,116],
[3,50,82,114],
[4,51,84,88],
[5,52,86,91],
[6,53,59,94],
[7,54,61,97],
[8,55,63,100],
[9,56,65,103],
[10,57,67,106],
[11,29,69,109],
[12,30,71,112],
[13,31,73,115],
[14,32,75,89],
[15,33,77,92],
[16,34,79,95],
[17,35,81,98,118],
[18,36,83,101],
[19,37,85,104],
[20,38,58,107],
[21,39,60,110],
[22,40,62,113],
[23,41,64,87],
[24,42,66,90,117],
[25,43,68,93],
[26,44,70,96],
[27,45,72,99],
[28,46,74,102]],

[[0,48,77,106],
[1,49,79,109],
[2,50,81,112,117],
[3,51,83,115],
[4,52,85,89],
[5,53,58,92],
[6,54,60,95],
[7,55,62,98],
[8,56,64,101],
[9,57,66,104,116],
[10,29,68,107],
[11,30,70,110],
[12,31,72,113],
[13,32,74,87],
[14,33,76,90],
[15,34,78,93],
[16,35,80,96],
[17,36,82,99],
[18,37,84,102],
[19,38,86,105],
[20,39,59,108],
[21,40,61,111],
[22,41,63,114],
[23,42,65,88],
[24,43,67,91,118],
[25,44,69,94],
[26,45,71,97],
[27,46,73,100],
[28,47,75,103]],

[[0,49,78,107],
[1,50,80,110],
[2,51,82,113,118],
[3,52,84,87],
[4,53,86,90],
[5,54,59,93],
[6,55,61,96],
[7,56,63,99],
[8,57,65,102],
[9,29,67,105,117],
[10,30,69,108],
[11,31,71,111],
[12,32,73,114],
[13,33,75,88],
[14,34,77,91],
[15,35,79,94],
[16,36,81,97,116],
[17,37,83,100],
[18,38,85,103],
[19,39,58,106],
[20,40,60,109],
[21,41,62,112],
[22,42,64,115],
[23,43,66,89],
[24,44,68,92],
[25,45,70,95],
[26,46,72,98],
[27,47,74,101],
[28,48,76,104]],

[[0,50,79,108],
[1,51,81,111],
[2,52,83,114],
[3,53,85,88],
[4,54,58,91],
[5,55,60,94],
[6,56,62,97],
[7,57,64,100],
[8,29,66,103],
[9,30,68,106,118],
[10,31,70,109],
[11,32,72,112],
[12,33,74,115],
[13,34,76,89],
[14,35,78,92],
[15,36,80,95],
[16,37,82,98,117],
[17,38,84,101],
[18,39,86,104],
[19,40,59,107],
[20,41,61,110],
[21,42,63,113],
[22,43,65,87],
[23,44,67,90,116],
[24,45,69,93],
[25,46,71,96],
[26,47,73,99],
[27,48,75,102],
[28,49,77,105]],

[[0,51,80,109],
[1,52,82,112,116],
[2,53,84,115],
[3,54,86,89],
[4,55,59,92],
[5,56,61,95],
[6,57,63,98],
[7,29,65,101],
[8,30,67,104],
[9,31,69,107],
[10,32,71,110],
[11,33,73,113],
[12,34,75,87],
[13,35,77,90],
[14,36,79,93],
[15,37,81,96],
[16,38,83,99,118],
[17,39,85,102],
[18,40,58,105],
[19,41,60,108],
[20,42,62,111],
[21,43,64,114],
[22,44,66,88],
[23,45,68,91,117],
[24,46,70,94],
[25,47,72,97],
[26,48,74,100],
[27,49,76,103],
[28,50,78,106]],

[[0,52,81,110],
[1,53,83,113,117],
[2,54,85,87],
[3,55,58,90],
[4,56,60,93],
[5,57,62,96],
[6,29,64,99],
[7,30,66,102],
[8,31,68,105,116],
[9,32,70,108],
[10,33,72,111],
[11,34,74,114],
[12,35,76,88],
[13,36,78,91],
[14,37,80,94],
[15,38,82,97],
[16,39,84,100],
[17,40,86,103],
[18,41,59,106],
[19,42,61,109],
[20,43,63,112],
[21,44,65,115],
[22,45,67,89],
[23,46,69,92,118],
[24,47,71,95],
[25,48,73,98],
[26,49,75,101],
[27,50,77,104],
[28,51,79,107]],

[[0,53,82,111],
[1,54,84,114,118],
[2,55,86,88],
[3,56,59,91],
[4,57,61,94],
[5,29,63,97],
[6,30,65,100],
[7,31,67,103],
[8,32,69,106,117],
[9,33,71,109],
[10,34,73,112],
[11,35,75,115],
[12,36,77,89],
[13,37,79,92],
[14,38,81,95],
[15,39,83,98,116],
[16,40,85,101],
[17,41,58,104],
[18,42,60,107],
[19,43,62,110],
[20,44,64,113],
[21,45,66,87],
[22,46,68,90],
[23,47,70,93],
[24,48,72,96],
[25,49,74,99],
[26,50,76,102],
[27,51,78,105],
[28,52,80,108]],

[[0,54,83,112],
[1,55,85,115],
[2,56,58,89],
[3,57,60,92],
[4,29,62,95],
[5,30,64,98],
[6,31,66,101],
[7,32,68,104],
[8,33,70,107,118],
[9,34,72,110],
[10,35,74,113],
[11,36,76,87],
[12,37,78,90],
[13,38,80,93],
[14,39,82,96],
[15,40,84,99,117],
[16,41,86,102],
[17,42,59,105],
[18,43,61,108],
[19,44,63,111],
[20,45,65,114],
[21,46,67,88],
[22,47,69,91,116],
[23,48,71,94],
[24,49,73,97],
[25,50,75,100],
[26,51,77,103],
[27,52,79,106],
[28,53,81,109]],

[[0,55,84,113,116],
[1,56,86,87],
[2,57,59,90],
[3,29,61,93],
[4,30,63,96],
[5,31,65,99],
[6,32,67,102],
[7,33,69,105],
[8,34,71,108],
[9,35,73,111],
[10,36,75,114],
[11,37,77,88],
[12,38,79,91],
[13,39,81,94],
[14,40,83,97],
[15,41,85,100,118],
[16,42,58,103],
[17,43,60,106],
[18,44,62,109],
[19,45,64,112],
[20,46,66,115],
[21,47,68,89],
[22,48,70,92,117],
[23,49,72,95],
[24,50,74,98],
[25,51,76,101],
[26,52,78,104],
[27,53,80,107],
[28,54,82,110]],

[[0,56,85,114,117],
[1,57,58,88],
[2,29,60,91],
[3,30,62,94],
[4,31,64,97],
[5,32,66,100],
[6,33,68,103],
[7,34,70,106,116],
[8,35,72,109],
[9,36,74,112],
[10,37,76,115],
[11,38,78,89],
[12,39,80,92],
[13,40,82,95],
[14,41,84,98],
[15,42,86,101],
[16,43,59,104],
[17,44,61,107],
[18,45,63,110],
[19,46,65,113],
[20,47,67,87],
[21,48,69,90],
[22,49,71,93,118],
[23,50,73,96],
[24,51,75,99],
[25,52,77,102],
[26,53,79,105],
[27,54,81,108],
[28,55,83,111]],

[[0,57,86,115,118],
[1,29,59,89],
[2,30,61,92],
[3,31,63,95],
[4,32,65,98],
[5,33,67,101],
[6,34,69,104],
[7,35,71,107,117],
[8,36,73,110],
[9,37,75,113],
[10,38,77,87],
[11,39,79,90],
[12,40,81,93],
[13,41,83,96],
[14,42,85,99,116],
[15,43,58,102],
[16,44,60,105],
[17,45,62,108],
[18,46,64,111],
[19,47,66,114],
[20,48,68,88],
[21,49,70,91],
[22,50,72,94],
[23,51,74,97],
[24,52,76,100],
[25,53,78,103],
[26,54,80,106],
[27,55,82,109],
[28,56,84,112]]

]
