[[[0,1,2,3,4,5],
[6,7,8,9,10,11],
[12,13,14,15,16,17],
[18,19,20,21,22,23],
[24,25,26,27,28,29],
[30,31,32,33,34,35],
[36,37,38,39,40],
[41,42,43,44,45],
[46,47,48,49,50],
[51,52,53,54,55],
[56,57,58,59,60],
[61,62,63,64,65],
[66,67,68,69,70],
[71,72,73,74,75],
[76,77,78,79,80],
[81,82,83,84,85],
[86,87,88,89,90],
[91,92,93,94,95],
[96,97,98,99,100],
[101,102,103,104,105],
[106,107,108,109,110],
[111,112,113,114,115]],

[[0,7,14,21,28,35],
[6,13,20,27,34,40],
[12,19,26,33,39,45],
[18,25,32,38,44,50],
[24,31,37,43,49,55],
[30,36,42,48,54,60],
[41,47,53,59,65],
[46,52,58,64,70],
[51,57,63,69,75],
[56,62,68,74,80],
[61,67,73,79,85],
[66,72,78,84,90],
[71,77,83,89,95],
[76,82,88,94,100],
[81,87,93,99,105],
[86,92,98,104,110],
[91,97,103,109,115],
[5,96,102,108,114],
[4,11,101,107,113],
[3,10,17,106,112],
[2,9,16,23,111],
[1,8,15,22,29]],

[[0,8,13,23,33,44],
[6,14,19,29,38,49],
[12,20,25,35,43,54],
[18,26,31,40,48,59],
[24,32,36,45,53,64],
[30,37,41,50,58,69],
[42,46,55,63,74],
[47,51,60,68,79],
[52,56,65,73,84],
[57,61,70,78,89],
[62,66,75,83,94],
[67,71,80,88,99],
[72,76,85,93,104],
[77,81,90,98,109],
[82,86,95,103,114],
[4,87,91,100,108],
[10,92,96,105,113],
[3,16,97,101,110],
[9,22,102,106,115],
[5,15,28,107,111],
[1,11,21,34,112],
[2,7,17,27,39]],

[[0,9,17,19,32,54],
[6,15,23,25,37,59],
[12,21,29,31,42,64],
[18,27,35,36,47,69],
[24,33,40,41,52,74],
[30,38,45,46,57,79],
[43,50,51,62,84],
[48,55,56,67,89],
[53,60,61,72,94],
[58,65,66,77,99],
[63,70,71,82,104],
[68,75,76,87,109],
[73,80,81,92,114],
[4,78,85,86,97],
[10,83,90,91,102],
[16,88,95,96,107],
[22,93,100,101,112],
[2,28,98,105,106],
[8,34,103,110,111],
[1,14,39,108,115],
[5,7,20,44,113],
[3,11,13,26,49]],

[[0,10,15,20,31,45],
[6,16,21,26,36,50],
[12,22,27,32,41,55],
[18,28,33,37,46,60],
[24,34,38,42,51,65],
[30,39,43,47,56,70],
[44,48,52,61,75],
[49,53,57,66,80],
[54,58,62,71,85],
[59,63,67,76,90],
[64,68,72,81,95],
[69,73,77,86,100],
[74,78,82,91,105],
[79,83,87,96,110],
[84,88,92,101,115],
[5,89,93,97,106],
[11,94,98,102,111],
[1,17,99,103,107],
[7,23,104,108,112],
[2,13,29,109,113],
[3,8,19,35,114],
[4,9,14,25,40]],

[[0,11,16,25,42,53],
[6,17,22,31,47,58],
[12,23,28,36,52,63],
[18,29,34,41,57,68],
[24,35,39,46,62,73],
[30,40,44,51,67,78],
[45,49,56,72,83],
[50,54,61,77,88],
[55,59,66,82,93],
[60,64,71,87,98],
[65,69,76,92,103],
[70,74,81,97,108],
[75,79,86,102,113],
[3,80,84,91,107],
[9,85,89,96,112],
[2,15,90,94,101],
[8,21,95,99,106],
[14,27,100,104,111],
[1,20,33,105,109],
[7,26,38,110,114],
[4,13,32,43,115],
[5,10,19,37,48]],

[[0,22,26,43,46,65],
[6,28,32,48,51,70],
[12,34,37,53,56,75],
[18,39,42,58,61,80],
[24,44,47,63,66,85],
[30,49,52,68,71,90],
[54,57,73,76,95],
[59,62,78,81,100],
[64,67,83,86,105],
[69,72,88,91,110],
[74,77,93,96,115],
[5,79,82,98,101],
[11,84,87,103,106],
[17,89,92,108,111],
[1,23,94,97,113],
[3,7,29,99,102],
[9,13,35,104,107],
[15,19,40,109,112],
[2,21,25,45,114],
[4,8,27,31,50],
[10,14,33,36,55],
[16,20,38,41,60]],

[[0,27,37,51,64,80],
[6,33,42,56,69,85],
[12,38,47,61,74,90],
[18,43,52,66,79,95],
[24,48,57,71,84,100],
[30,53,62,76,89,105],
[58,67,81,94,110],
[63,72,86,99,115],
[5,68,77,91,104],
[11,73,82,96,109],
[17,78,87,101,114],
[4,23,83,92,106],
[10,29,88,97,111],
[1,16,35,93,102],
[7,22,40,98,107],
[13,28,45,103,112],
[2,19,34,50,108],
[8,25,39,55,113],
[3,14,31,44,60],
[9,20,36,49,65],
[15,26,41,54,70],
[21,32,46,59,75]],

[[0,29,36,58,72,79],
[6,35,41,63,77,84],
[12,40,46,68,82,89],
[18,45,51,73,87,94],
[24,50,56,78,92,99],
[30,55,61,83,97,104],
[60,66,88,102,109],
[65,71,93,107,114],
[4,70,76,98,112],
[2,10,75,81,103],
[8,16,80,86,108],
[14,22,85,91,113],
[3,20,28,90,96],
[9,26,34,95,101],
[15,32,39,100,106],
[21,37,44,105,111],
[1,27,42,49,110],
[7,33,47,54,115],
[5,13,38,52,59],
[11,19,43,57,64],
[17,25,48,62,69],
[23,31,53,67,74]],

[[0,34,47,55,71,78],
[6,39,52,60,76,83],
[12,44,57,65,81,88],
[18,49,62,70,86,93],
[24,54,67,75,91,98],
[30,59,72,80,96,103],
[64,77,85,101,108],
[69,82,90,106,113],
[3,74,87,95,111],
[1,9,79,92,100],
[7,15,84,97,105],
[13,21,89,102,110],
[19,27,94,107,115],
[5,25,33,99,112],
[2,11,31,38,104],
[8,17,36,43,109],
[14,23,41,48,114],
[4,20,29,46,53],
[10,26,35,51,58],
[16,32,40,56,63],
[22,37,45,61,68],
[28,42,50,66,73]],

[[0,38,70,77,94,106],
[6,43,75,82,99,111],
[1,12,48,80,87,104],
[7,18,53,85,92,109],
[13,24,58,90,97,114],
[4,19,30,63,95,102],
[10,25,68,100,107],
[16,31,73,105,112],
[2,22,36,78,110],
[8,28,41,83,115],
[5,14,34,46,88],
[11,20,39,51,93],
[17,26,44,56,98],
[23,32,49,61,103],
[29,37,54,66,108],
[35,42,59,71,113],
[3,40,47,64,76],
[9,45,52,69,81],
[15,50,57,74,86],
[21,55,62,79,91],
[27,60,67,84,96],
[33,65,72,89,101]],

[[0,39,50,63,91,112],
[2,6,44,55,68,96],
[8,12,49,60,73,101],
[14,18,54,65,78,106],
[20,24,59,70,83,111],
[1,26,30,64,75,88],
[7,32,69,80,93],
[13,37,74,85,98],
[19,42,79,90,103],
[25,47,84,95,108],
[31,52,89,100,113],
[3,36,57,94,105],
[9,41,62,99,110],
[15,46,67,104,115],
[5,21,51,72,109],
[11,27,56,77,114],
[4,17,33,61,82],
[10,23,38,66,87],
[16,29,43,71,92],
[22,35,48,76,97],
[28,40,53,81,102],
[34,45,58,86,107]],

[[0,40,57,83,99,101],
[6,45,62,88,104,106],
[12,50,67,93,109,111],
[1,18,55,72,98,114],
[4,7,24,60,77,103],
[10,13,30,65,82,108],
[16,19,70,87,113],
[3,22,25,75,92],
[9,28,31,80,97],
[15,34,36,85,102],
[21,39,41,90,107],
[27,44,46,95,112],
[2,33,49,51,100],
[8,38,54,56,105],
[14,43,59,61,110],
[20,48,64,66,115],
[5,26,53,69,71],
[11,32,58,74,76],
[17,37,63,79,81],
[23,42,68,84,86],
[29,47,73,89,91],
[35,52,78,94,96]],

[[0,41,49,67,95,113],
[3,6,46,54,72,100],
[9,12,51,59,77,105],
[15,18,56,64,82,110],
[21,24,61,69,87,115],
[5,27,30,66,74,92],
[11,33,71,79,97],
[17,38,76,84,102],
[23,43,81,89,107],
[29,48,86,94,112],
[2,35,53,91,99],
[8,40,58,96,104],
[14,45,63,101,109],
[20,50,68,106,114],
[4,26,55,73,111],
[1,10,32,60,78],
[7,16,37,65,83],
[13,22,42,70,88],
[19,28,47,75,93],
[25,34,52,80,98],
[31,39,57,85,103],
[36,44,62,90,108]]

]
