[[[0,1,2,3,4,5],
[6,7,8,9,10,11],
[12,13,14,15,16,17],
[18,19,20,21,22,23],
[24,25,26,27,28,29],
[30,31,32,33,34,35],
[36,37,38,39,40,41],
[42,43,44,45,46,47],
[48,49,50,51,52],
[53,54,55,56,57],
[58,59,60,61,62],
[63,64,65,66,67],
[68,69,70,71,72],
[73,74,75,76,77],
[78,79,80,81,82],
[83,84,85,86,87],
[88,89,90,91,92],
[93,94,95,96,97],
[98,99,100,101,102],
[103,104,105,106,107],
[108,109,110,111,112],
[113,114,115,116,117]],

[[0,7,14,21,28,35],
[6,13,20,27,34,41],
[12,19,26,33,40,47],
[18,25,32,39,46,52],
[24,31,38,45,51,57],
[30,37,44,50,56,62],
[36,43,49,55,61,67],
[42,48,54,60,66,72],
[53,59,65,71,77],
[58,64,70,76,82],
[63,69,75,81,87],
[68,74,80,86,92],
[73,79,85,91,97],
[78,84,90,96,102],
[83,89,95,101,107],
[88,94,100,106,112],
[93,99,105,111,117],
[5,98,104,110,116],
[4,11,103,109,115],
[3,10,17,108,114],
[2,9,16,23,113],
[1,8,15,22,29]],

[[0,8,13,23,33,46],
[6,14,19,29,39,51],
[12,20,25,35,45,56],
[18,26,31,41,50,61],
[24,32,37,47,55,66],
[30,38,43,52,60,71],
[36,44,48,57,65,76],
[42,49,53,62,70,81],
[54,58,67,75,86],
[59,63,72,80,91],
[64,68,77,85,96],
[69,73,82,90,101],
[74,78,87,95,106],
[79,83,92,100,111],
[84,88,97,105,116],
[4,89,93,102,110],
[10,94,98,107,115],
[3,16,99,103,112],
[9,22,104,108,117],
[5,15,28,109,113],
[1,11,21,34,114],
[2,7,17,27,40]],

[[0,9,17,19,32,56],
[6,15,23,25,38,61],
[12,21,29,31,44,66],
[18,27,35,37,49,71],
[24,33,41,43,54,76],
[30,39,47,48,59,81],
[36,45,52,53,64,86],
[42,50,57,58,69,91],
[55,62,63,74,96],
[60,67,68,79,101],
[65,72,73,84,106],
[70,77,78,89,111],
[75,82,83,94,116],
[4,80,87,88,99],
[10,85,92,93,104],
[16,90,97,98,109],
[22,95,102,103,114],
[2,28,100,107,108],
[8,34,105,112,113],
[1,14,40,110,117],
[5,7,20,46,115],
[3,11,13,26,51]],

[[0,10,15,20,31,47],
[6,16,21,26,37,52],
[12,22,27,32,43,57],
[18,28,33,38,48,62],
[24,34,39,44,53,67],
[30,40,45,49,58,72],
[36,46,50,54,63,77],
[42,51,55,59,68,82],
[56,60,64,73,87],
[61,65,69,78,92],
[66,70,74,83,97],
[71,75,79,88,102],
[76,80,84,93,107],
[81,85,89,98,112],
[86,90,94,103,117],
[5,91,95,99,108],
[11,96,100,104,113],
[1,17,101,105,109],
[7,23,106,110,114],
[2,13,29,111,115],
[3,8,19,35,116],
[4,9,14,25,41]],

[[0,11,16,25,44,55],
[6,17,22,31,49,60],
[12,23,28,37,54,65],
[18,29,34,43,59,70],
[24,35,40,48,64,75],
[30,41,46,53,69,80],
[36,47,51,58,74,85],
[42,52,56,63,79,90],
[57,61,68,84,95],
[62,66,73,89,100],
[67,71,78,94,105],
[72,76,83,99,110],
[77,81,88,104,115],
[3,82,86,93,109],
[9,87,91,98,114],
[2,15,92,96,103],
[8,21,97,101,108],
[14,27,102,106,113],
[1,20,33,107,111],
[7,26,39,112,116],
[4,13,32,45,117],
[5,10,19,38,50]],

[[0,22,26,45,48,67],
[6,28,32,50,53,72],
[12,34,38,55,58,77],
[18,40,44,60,63,82],
[24,46,49,65,68,87],
[30,51,54,70,73,92],
[36,56,59,75,78,97],
[42,61,64,80,83,102],
[66,69,85,88,107],
[71,74,90,93,112],
[76,79,95,98,117],
[5,81,84,100,103],
[11,86,89,105,108],
[17,91,94,110,113],
[1,23,96,99,115],
[3,7,29,101,104],
[9,13,35,106,109],
[15,19,41,111,114],
[2,21,25,47,116],
[4,8,27,31,52],
[10,14,33,37,57],
[16,20,39,43,62]],

[[0,27,38,53,66,82],
[6,33,44,58,71,87],
[12,39,49,63,76,92],
[18,45,54,68,81,97],
[24,50,59,73,86,102],
[30,55,64,78,91,107],
[36,60,69,83,96,112],
[42,65,74,88,101,117],
[5,70,79,93,106],
[11,75,84,98,111],
[17,80,89,103,116],
[4,23,85,94,108],
[10,29,90,99,113],
[1,16,35,95,104],
[7,22,41,100,109],
[13,28,47,105,114],
[2,19,34,52,110],
[8,25,40,57,115],
[3,14,31,46,62],
[9,20,37,51,67],
[15,26,43,56,72],
[21,32,48,61,77]],

[[0,29,37,60,74,81],
[6,35,43,65,79,86],
[12,41,48,70,84,91],
[18,47,53,75,89,96],
[24,52,58,80,94,101],
[30,57,63,85,99,106],
[36,62,68,90,104,111],
[42,67,73,95,109,116],
[4,72,78,100,114],
[2,10,77,83,105],
[8,16,82,88,110],
[14,22,87,93,115],
[3,20,28,92,98],
[9,26,34,97,103],
[15,32,40,102,108],
[21,38,46,107,113],
[1,27,44,51,112],
[7,33,49,56,117],
[5,13,39,54,61],
[11,19,45,59,66],
[17,25,50,64,71],
[23,31,55,69,76]],

[[0,34,49,57,73,80],
[6,40,54,62,78,85],
[12,46,59,67,83,90],
[18,51,64,72,88,95],
[24,56,69,77,93,100],
[30,61,74,82,98,105],
[36,66,79,87,103,110],
[42,71,84,92,108,115],
[3,76,89,97,113],
[1,9,81,94,102],
[7,15,86,99,107],
[13,21,91,104,112],
[19,27,96,109,117],
[5,25,33,101,114],
[2,11,31,39,106],
[8,17,37,45,111],
[14,23,43,50,116],
[4,20,29,48,55],
[10,26,35,53,60],
[16,32,41,58,65],
[22,38,47,63,70],
[28,44,52,68,75]],

[[0,39,72,79,96,108],
[6,45,77,84,101,113],
[1,12,50,82,89,106],
[7,18,55,87,94,111],
[13,24,60,92,99,116],
[4,19,30,65,97,104],
[10,25,36,70,102,109],
[16,31,42,75,107,114],
[2,22,37,80,112],
[8,28,43,85,117],
[5,14,34,48,90],
[11,20,40,53,95],
[17,26,46,58,100],
[23,32,51,63,105],
[29,38,56,68,110],
[35,44,61,73,115],
[3,41,49,66,78],
[9,47,54,71,83],
[15,52,59,76,88],
[21,57,64,81,93],
[27,62,69,86,98],
[33,67,74,91,103]],

[[0,40,52,65,93,114],
[2,6,46,57,70,98],
[8,12,51,62,75,103],
[14,18,56,67,80,108],
[20,24,61,72,85,113],
[1,26,30,66,77,90],
[7,32,36,71,82,95],
[13,38,42,76,87,100],
[19,44,81,92,105],
[25,49,86,97,110],
[31,54,91,102,115],
[3,37,59,96,107],
[9,43,64,101,112],
[15,48,69,106,117],
[5,21,53,74,111],
[11,27,58,79,116],
[4,17,33,63,84],
[10,23,39,68,89],
[16,29,45,73,94],
[22,35,50,78,99],
[28,41,55,83,104],
[34,47,60,88,109]],

[[0,41,59,85,101,103],
[6,47,64,90,106,108],
[12,52,69,95,111,113],
[1,18,57,74,100,116],
[4,7,24,62,79,105],
[10,13,30,67,84,110],
[16,19,36,72,89,115],
[3,22,25,42,77,94],
[9,28,31,82,99],
[15,34,37,87,104],
[21,40,43,92,109],
[27,46,48,97,114],
[2,33,51,53,102],
[8,39,56,58,107],
[14,45,61,63,112],
[20,50,66,68,117],
[5,26,55,71,73],
[11,32,60,76,78],
[17,38,65,81,83],
[23,44,70,86,88],
[29,49,75,91,93],
[35,54,80,96,98]],

[[0,43,51,69,97,115],
[3,6,48,56,74,102],
[9,12,53,61,79,107],
[15,18,58,66,84,112],
[21,24,63,71,89,117],
[5,27,30,68,76,94],
[11,33,36,73,81,99],
[17,39,42,78,86,104],
[23,45,83,91,109],
[29,50,88,96,114],
[2,35,55,93,101],
[8,41,60,98,106],
[14,47,65,103,111],
[20,52,70,108,116],
[4,26,57,75,113],
[1,10,32,62,80],
[7,16,38,67,85],
[13,22,44,72,90],
[19,28,49,77,95],
[25,34,54,82,100],
[31,40,59,87,105],
[37,46,64,92,110]]

]
