[[[0, 25, 48, 71, 96, 119],
[1, 4, 36, 42, 105, 113],
[11, 19, 26, 59, 64],
[35, 49, 51, 83, 89],
[58, 65, 72, 75, 106, 112],
[12, 18, 82, 90, 97, 100],
[2, 3, 30, 47, 116],
[8, 22, 27, 28, 53, 70],
[32, 45, 50, 77, 95],
[55, 68, 73, 74, 102, 118],
[6, 24, 79, 93, 98, 99],
[7, 23, 57, 84, 88],
[31, 46, 81, 86, 107, 111],
[13, 17, 54, 69, 109],
[10, 15, 37, 41, 78, 94],
[34, 39, 60, 63, 103, 117],
[14, 16, 52, 66, 80, 92],
[38, 40, 76, 91, 104, 115],
[9, 21, 61, 62, 101, 114],
[5, 20, 33, 44, 85, 87],
[29, 43, 56, 67, 108, 110]],

[[1, 26, 49, 72, 97, 119],
[0, 2, 37, 106, 109],
[12, 15, 25, 27, 60, 65],
[36, 39, 48, 50, 84, 90],
[59, 71, 73, 107, 113],
[13, 19, 83, 86, 96, 98],
[3, 4, 31, 43, 104, 117],
[9, 23, 28, 54, 66],
[33, 46, 51, 78, 91],
[56, 69, 74, 75, 103, 114],
[7, 20, 80, 94, 99, 100],
[8, 24, 58, 62, 85, 89],
[32, 47, 82, 87, 108, 112],
[14, 18, 55, 70, 105, 110],
[11, 16, 38, 42, 79, 95],
[35, 40, 61, 64, 118],
[10, 17, 53, 67, 76, 93],
[34, 41, 77, 92, 101, 116],
[5, 22, 57, 63, 102, 115],
[6, 21, 29, 45, 81, 88],
[30, 44, 52, 68, 111]],

[[2, 27, 50, 73, 98, 119],
[1, 3, 38, 39, 107, 110],
[13, 16, 26, 28, 61],
[37, 40, 49, 85, 86],
[60, 62, 72, 74, 108, 109],
[14, 15, 84, 87, 97, 99],
[0, 4, 32, 44, 101, 118],
[5, 24, 25, 55, 67],
[29, 47, 48, 51, 79, 92],
[52, 70, 71, 75, 115],
[8, 21, 76, 95, 96, 100],
[9, 20, 59, 63, 81, 90],
[33, 43, 83, 88, 113],
[10, 19, 56, 66, 106, 111],
[12, 17, 34, 80, 91],
[36, 41, 57, 65, 104, 114],
[11, 18, 54, 68, 77, 94],
[35, 42, 78, 93, 102, 117],
[6, 23, 58, 64, 103, 116],
[7, 22, 30, 46, 82, 89],
[31, 45, 53, 69, 105, 112]],

[[3, 28, 74, 99, 119],
[2, 4, 34, 40, 108, 111],
[14, 17, 27, 57, 62],
[38, 41, 50, 51, 81, 87],
[61, 63, 73, 75, 110],
[10, 16, 85, 88, 98, 100],
[0, 1, 33, 45, 102, 114],
[6, 20, 25, 26, 56, 68],
[30, 43, 48, 49, 80, 93],
[53, 66, 71, 72, 104, 116],
[9, 22, 77, 91, 96, 97],
[5, 21, 60, 64, 82, 86],
[29, 44, 84, 89, 105, 109],
[11, 15, 52, 67, 107, 112],
[13, 18, 35, 39, 76, 92],
[37, 42, 58, 101, 115],
[12, 19, 55, 69, 78, 95],
[36, 79, 94, 103, 118],
[7, 24, 59, 65, 117],
[8, 23, 31, 47, 83, 90],
[32, 46, 54, 70, 106, 113]],

[[4, 51, 75, 100, 119],
[0, 3, 35, 41, 112],
[10, 18, 25, 28, 58, 63],
[34, 42, 48, 82, 88],
[57, 64, 71, 74, 105, 111],
[11, 17, 81, 89, 96, 99],
[1, 2, 29, 46, 103, 115],
[7, 21, 26, 27, 52, 69],
[31, 44, 49, 50, 76, 94],
[54, 67, 72, 73, 101, 117],
[5, 23, 78, 92, 97, 98],
[6, 22, 61, 65, 83, 87],
[30, 45, 85, 90, 106, 110],
[12, 16, 53, 68, 108, 113],
[14, 19, 36, 40, 77, 93],
[38, 59, 62, 102, 116],
[13, 15, 56, 70, 79, 91],
[37, 39, 80, 95, 114],
[8, 20, 60, 104, 118],
[9, 24, 32, 43, 84, 86],
[33, 47, 55, 66, 107, 109]],

[[5, 29, 52, 76, 101, 119],
[6, 9, 41, 46, 110, 118],
[16, 24, 30, 33, 63, 69],
[40, 47, 53, 56, 88, 94],
[62, 70, 77, 80, 111, 117],
[17, 23, 87, 95, 102, 104],
[7, 8, 35, 98, 107],
[2, 13, 31, 32, 51, 58],
[27, 37, 54, 55, 75, 82],
[50, 60, 78, 79, 100, 105],
[4, 11, 73, 84, 103],
[3, 12, 66, 89, 93],
[28, 36, 86, 91, 112, 116],
[18, 22, 59, 109, 114],
[15, 20, 42, 45, 74, 83],
[39, 43, 64, 68, 99, 106],
[19, 21, 48, 57, 72, 85],
[44, 71, 81, 97, 108],
[1, 14, 65, 67, 96],
[0, 10, 26, 38, 90, 92],
[25, 34, 49, 61, 113, 115]],

[[6, 30, 53, 77, 102, 119],
[5, 7, 42, 47, 111, 114],
[17, 20, 29, 31, 64, 70],
[41, 43, 52, 54, 89, 95],
[63, 66, 76, 78, 112, 118],
[18, 24, 88, 91, 101, 103],
[8, 9, 25, 36, 99, 108],
[3, 14, 32, 33, 48, 59],
[28, 38, 55, 56, 71, 83],
[61, 79, 80, 96, 106],
[0, 12, 74, 85, 104],
[4, 13, 62, 67, 90, 94],
[37, 87, 92, 113, 117],
[19, 23, 51, 60, 110, 115],
[16, 21, 46, 75, 84],
[40, 44, 65, 69, 100, 107],
[15, 22, 49, 58, 73, 81],
[39, 45, 72, 82, 98],
[2, 10, 68, 97, 105],
[1, 11, 27, 34, 86, 93],
[26, 35, 50, 57, 109, 116]],

[[7, 31, 54, 78, 103, 119],
[6, 8, 43, 112, 115],
[18, 21, 30, 32, 65, 66],
[42, 44, 53, 55, 90, 91],
[64, 67, 77, 79, 113, 114],
[19, 20, 89, 92, 102],
[5, 9, 26, 37, 100],
[4, 10, 29, 33, 49, 60],
[34, 52, 56, 72, 84],
[51, 57, 76, 80, 97, 107],
[1, 13, 75, 81, 101, 104],
[0, 14, 63, 68, 86, 95],
[25, 38, 88, 93, 109, 118],
[15, 24, 48, 61, 111, 116],
[17, 22, 39, 47, 71, 85],
[41, 45, 70, 96, 108],
[16, 23, 50, 59, 74, 82],
[40, 46, 73, 83, 99, 105],
[3, 11, 62, 69, 98, 106],
[2, 12, 28, 35, 87, 94],
[27, 36, 58, 110, 117]],

[[8, 32, 55, 79, 119],
[7, 9, 39, 44, 113, 116],
[19, 22, 31, 33, 67],
[45, 54, 56, 86, 92],
[65, 68, 78, 80, 109, 115],
[15, 21, 90, 93, 103, 104],
[5, 6, 27, 38, 96, 105],
[0, 11, 29, 30, 50, 61],
[25, 35, 52, 53, 73, 85],
[48, 58, 76, 77, 98, 108],
[2, 14, 71, 82, 101, 102],
[1, 10, 64, 69, 87, 91],
[26, 34, 89, 94, 110, 114],
[16, 20, 49, 57, 112, 117],
[18, 23, 40, 43, 72, 81],
[42, 46, 62, 66, 97],
[17, 24, 60, 75, 83],
[41, 47, 74, 84, 100, 106],
[4, 12, 63, 70, 99, 107],
[3, 13, 36, 88, 95],
[28, 37, 51, 59, 111, 118]],

[[9, 33, 56, 80, 104, 119],
[5, 8, 40, 45, 109, 117],
[15, 23, 29, 32, 62, 68],
[39, 46, 52, 55, 87, 93],
[69, 76, 79, 110, 116],
[16, 22, 86, 94, 101],
[6, 7, 28, 34, 97, 106],
[1, 12, 30, 31, 57],
[26, 36, 53, 54, 74, 81],
[49, 59, 77, 78, 99],
[3, 10, 72, 83, 102, 103],
[2, 11, 65, 70, 88, 92],
[27, 35, 90, 95, 111, 115],
[17, 21, 50, 58, 113, 118],
[19, 24, 41, 44, 73, 82],
[47, 63, 67, 98, 105],
[18, 20, 51, 61, 71, 84],
[42, 43, 75, 85, 96, 107],
[0, 13, 64, 66, 100, 108],
[4, 14, 25, 37, 89, 91],
[38, 48, 60, 112, 114]],

[[10, 34, 57, 81, 119],
[11, 14, 28, 45, 100, 115],
[4, 21, 35, 38, 68],
[44, 58, 61, 74, 93],
[51, 67, 82, 85, 99, 116],
[3, 22, 75, 92, 105, 108],
[12, 13, 33, 40, 103, 112],
[7, 18, 36, 37, 56, 62],
[31, 42, 59, 60, 80, 87],
[54, 64, 83, 84, 104, 110],
[9, 16, 78, 89, 106, 107],
[8, 17, 48, 66, 73, 94],
[32, 41, 71, 91, 98, 117],
[2, 23, 55, 63, 96, 114],
[0, 20, 27, 46, 79, 88],
[25, 43, 50, 69, 111],
[1, 24, 52, 77, 90],
[26, 47, 76, 86, 102, 113],
[6, 19, 49, 70, 101, 109],
[5, 15, 30, 72, 95],
[29, 39, 53, 65, 97, 118]],

[[11, 35, 58, 82, 105, 119],
[10, 12, 46, 96, 116],
[0, 22, 34, 36, 51, 69],
[25, 45, 57, 59, 75, 94],
[48, 68, 81, 83, 100, 117],
[4, 23, 71, 93, 106],
[13, 14, 29, 41, 113],
[8, 19, 37, 38, 52, 63],
[32, 60, 61, 76, 88],
[55, 65, 84, 85, 101, 111],
[5, 17, 79, 90, 107, 108],
[9, 18, 49, 67, 74, 95],
[33, 42, 72, 92, 99, 118],
[3, 24, 56, 64, 97, 115],
[1, 21, 28, 47, 80, 89],
[26, 44, 70, 104, 112],
[2, 20, 53, 62, 78, 86],
[27, 43, 77, 87, 103, 109],
[7, 15, 50, 66, 102, 110],
[6, 16, 31, 39, 73, 91],
[30, 40, 54, 98, 114]],

[[12, 36, 59, 83, 106, 119],
[11, 13, 25, 47, 97, 117],
[1, 23, 35, 37, 48, 70],
[26, 46, 58, 60, 71, 95],
[49, 69, 82, 84, 96, 118],
[0, 24, 72, 94, 105, 107],
[10, 14, 30, 42, 104, 109],
[9, 15, 34, 38, 53, 64],
[33, 39, 57, 61, 77, 89],
[56, 81, 85, 102, 112],
[6, 18, 80, 86, 108],
[5, 19, 50, 68, 75, 91],
[29, 73, 93, 100, 114],
[4, 20, 52, 65, 98, 116],
[2, 22, 43, 76, 90],
[27, 45, 51, 66, 101, 113],
[3, 21, 54, 63, 79, 87],
[28, 44, 78, 88, 110],
[8, 16, 67, 103, 111],
[7, 17, 32, 40, 74, 92],
[31, 41, 55, 62, 99, 115]],

[[13, 37, 60, 84, 107, 119],
[12, 14, 26, 43, 98, 118],
[2, 24, 36, 38, 49, 66],
[27, 47, 59, 61, 72, 91],
[50, 70, 83, 85, 97, 114],
[1, 20, 73, 95, 106, 108],
[10, 11, 31, 101, 110],
[5, 16, 34, 35, 54, 65],
[29, 40, 57, 58, 78, 90],
[52, 62, 81, 82, 103, 113],
[7, 19, 76, 87, 105],
[6, 15, 69, 71, 92],
[30, 39, 74, 94, 96, 115],
[0, 21, 53, 99, 117],
[3, 23, 25, 44, 77, 86],
[28, 46, 48, 67, 102, 109],
[4, 22, 55, 64, 80, 88],
[45, 79, 89, 104, 111],
[9, 17, 51, 68, 112],
[8, 18, 33, 41, 75, 93],
[32, 42, 56, 63, 100, 116]],

[[14, 38, 61, 85, 108, 119],
[10, 13, 27, 44, 99, 114],
[3, 20, 34, 37, 50, 67],
[28, 43, 57, 60, 73, 92],
[66, 81, 84, 98, 115],
[2, 21, 74, 91, 107],
[11, 12, 32, 39, 102, 111],
[6, 17, 35, 36, 55],
[30, 41, 58, 59, 79, 86],
[53, 63, 82, 83, 109],
[8, 15, 77, 88, 105, 106],
[7, 16, 51, 70, 72, 93],
[31, 40, 75, 95, 97, 116],
[1, 22, 54, 62, 100, 118],
[4, 24, 26, 45, 78, 87],
[47, 49, 68, 103, 110],
[0, 23, 56, 65, 76, 89],
[25, 46, 80, 90, 101, 112],
[5, 18, 48, 69, 104, 113],
[9, 19, 29, 42, 71, 94],
[33, 52, 64, 96, 117]],

[[15, 39, 86, 109, 119],
[16, 19, 27, 32, 97, 104],
[1, 9, 40, 50, 55],
[26, 33, 62, 65, 73, 79],
[49, 56, 87, 90, 98],
[2, 8, 72, 80, 110, 113],
[17, 18, 38, 44, 106, 117],
[12, 23, 41, 42, 61, 67],
[36, 46, 63, 64, 85, 92],
[59, 69, 88, 89, 108, 115],
[14, 21, 83, 94, 111, 112],
[13, 22, 48, 52, 74, 78],
[37, 45, 71, 76, 99, 103],
[3, 7, 60, 68, 96, 101],
[0, 5, 28, 31, 84, 93],
[25, 29, 54, 107, 116],
[4, 6, 57, 66, 82, 95],
[30, 81, 91, 105, 118],
[11, 24, 51, 53, 114],
[10, 20, 35, 47, 75, 77],
[34, 43, 58, 70, 100, 102]],

[[16, 40, 62, 87, 110, 119],
[15, 17, 28, 33, 98, 101],
[2, 5, 39, 41, 56],
[27, 29, 63, 74, 80],
[50, 52, 86, 88, 99, 104],
[3, 9, 73, 76, 109, 111],
[18, 19, 34, 45, 107, 118],
[13, 24, 42, 57, 68],
[37, 47, 64, 65, 81, 93],
[60, 70, 89, 90, 116],
[10, 22, 84, 95, 112, 113],
[14, 23, 49, 53, 75, 79],
[38, 46, 72, 77, 100],
[4, 8, 61, 69, 97, 102],
[1, 6, 32, 85, 94],
[26, 30, 51, 55, 108, 117],
[0, 7, 58, 67, 83, 91],
[25, 31, 82, 92, 106, 114],
[12, 20, 48, 54, 105, 115],
[11, 21, 36, 43, 71, 78],
[35, 44, 59, 66, 96, 103]],

[[17, 41, 63, 88, 111, 119],
[16, 18, 29, 99, 102],
[3, 6, 40, 42, 51, 52],
[28, 30, 62, 64, 75, 76],
[53, 87, 89, 100, 101],
[4, 5, 74, 77, 110, 112],
[15, 19, 35, 46, 108, 114],
[14, 20, 39, 58, 69],
[38, 43, 65, 82, 94],
[61, 66, 86, 90, 105, 117],
[11, 23, 85, 91, 109, 113],
[10, 24, 50, 54, 71, 80],
[34, 47, 73, 78, 96, 104],
[0, 9, 57, 70, 98, 103],
[2, 7, 25, 33, 81, 95],
[27, 31, 48, 56, 118],
[1, 8, 59, 68, 84, 92],
[26, 32, 83, 93, 107, 115],
[13, 21, 49, 55, 106, 116],
[12, 22, 37, 44, 72, 79],
[36, 45, 60, 67, 97]],

[[18, 42, 64, 89, 112, 119],
[17, 19, 25, 30, 100, 103],
[4, 7, 41, 48, 53],
[31, 63, 65, 71, 77],
[51, 54, 88, 90, 96, 102],
[0, 6, 75, 78, 111, 113],
[15, 16, 36, 47, 115],
[10, 21, 39, 40, 59, 70],
[34, 44, 62, 83, 95],
[57, 67, 86, 87, 106, 118],
[12, 24, 81, 92, 109, 110],
[11, 20, 55, 72, 76],
[35, 43, 74, 79, 97, 101],
[1, 5, 58, 66, 99],
[3, 8, 26, 29, 82, 91],
[28, 32, 49, 52, 105, 114],
[2, 9, 60, 69, 85, 93],
[27, 33, 84, 94, 108, 116],
[14, 22, 50, 56, 107, 117],
[13, 23, 38, 45, 73, 80],
[37, 46, 61, 68, 98, 104]],

[[19, 65, 90, 113, 119],
[15, 18, 26, 31, 96],
[0, 8, 39, 42, 49, 54],
[25, 32, 64, 72, 78],
[48, 55, 86, 89, 97, 103],
[1, 7, 71, 79, 109, 112],
[16, 17, 37, 43, 105, 116],
[11, 22, 40, 41, 60, 66],
[35, 45, 62, 63, 84, 91],
[58, 68, 87, 88, 107, 114],
[13, 20, 82, 93, 110, 111],
[12, 21, 51, 56, 73, 77],
[36, 44, 75, 80, 98, 102],
[2, 6, 59, 67, 100, 104],
[4, 9, 27, 30, 83, 92],
[33, 50, 53, 106, 115],
[3, 5, 61, 70, 81, 94],
[28, 29, 85, 95, 117],
[10, 23, 52, 108, 118],
[14, 24, 34, 46, 74, 76],
[38, 47, 57, 69, 99, 101]],

[[20, 43, 66, 91, 114, 119],
[21, 24, 31, 37, 102, 108],
[6, 14, 44, 47, 54, 60],
[30, 38, 67, 70, 78, 84],
[53, 61, 92, 95, 103, 107],
[7, 13, 77, 85, 115, 118],
[22, 23, 26, 99, 111],
[3, 17, 45, 46, 49, 65],
[28, 41, 68, 69, 72, 90],
[63, 93, 94, 97, 113],
[1, 19, 74, 88, 116, 117],
[2, 18, 52, 57, 79, 83],
[27, 42, 76, 81, 106],
[8, 12, 50, 64, 101],
[5, 10, 32, 36, 73, 89],
[29, 34, 55, 59, 98, 112],
[9, 11, 48, 75, 87],
[33, 35, 71, 86, 100, 110],
[4, 16, 56, 58, 96, 109],
[0, 15, 40, 80, 82],
[25, 39, 51, 62, 104, 105]],

[[21, 44, 67, 92, 115, 119],
[20, 22, 32, 38, 103],
[7, 10, 43, 45, 55, 61],
[31, 34, 66, 68, 79, 85],
[54, 57, 91, 93, 108],
[8, 14, 78, 81, 114, 116],
[23, 24, 27, 39, 100, 112],
[4, 18, 46, 47, 50],
[42, 69, 70, 73, 86],
[51, 64, 94, 95, 98, 109],
[2, 15, 75, 89, 117, 118],
[3, 19, 53, 58, 80, 84],
[28, 77, 82, 104, 107],
[9, 13, 65, 102, 105],
[6, 11, 33, 37, 74, 90],
[30, 35, 56, 60, 99, 113],
[5, 12, 49, 62, 71, 88],
[29, 36, 72, 87, 96, 111],
[0, 17, 52, 59, 97, 110],
[1, 16, 25, 41, 76, 83],
[26, 40, 48, 63, 101, 106]],

[[22, 45, 68, 93, 116, 119],
[21, 23, 33, 34, 105],
[8, 11, 44, 46, 56, 57],
[32, 35, 67, 69, 80, 81],
[55, 58, 92, 94, 104],
[9, 10, 79, 82, 115, 117],
[20, 24, 28, 40, 96, 113],
[0, 19, 43, 47, 62],
[25, 66, 70, 74, 87],
[48, 65, 91, 95, 99, 110],
[3, 16, 71, 90, 114, 118],
[4, 15, 54, 59, 76, 85],
[39, 78, 83, 101, 108],
[5, 14, 51, 103, 106],
[7, 12, 29, 38, 75, 86],
[31, 36, 52, 61, 100, 109],
[6, 13, 50, 63, 72, 89],
[30, 37, 73, 88, 97, 112],
[1, 18, 53, 60, 98, 111],
[2, 17, 26, 42, 77, 84],
[27, 41, 49, 64, 102, 107]],

[[23, 46, 69, 94, 117, 119],
[22, 24, 29, 35, 104, 106],
[9, 12, 45, 47, 52, 58],
[33, 36, 68, 70, 76, 82],
[56, 59, 93, 95, 101, 105],
[5, 11, 80, 83, 116, 118],
[20, 21, 41, 97, 109],
[1, 15, 43, 44, 51, 63],
[26, 39, 66, 67, 75, 88],
[49, 91, 92, 100, 111],
[4, 17, 72, 86, 114, 115],
[0, 16, 55, 60, 77, 81],
[25, 40, 79, 84, 102],
[6, 10, 48, 62, 107],
[8, 13, 30, 34, 71, 87],
[32, 37, 53, 57, 96, 110],
[7, 14, 64, 73, 90],
[31, 38, 74, 89, 98, 113],
[2, 19, 54, 61, 99, 112],
[3, 18, 27, 78, 85],
[28, 42, 50, 65, 103, 108]]]