[[[0, 1, 2, 3, 4, 5, 6, 7],
[8, 9, 10, 11, 12, 13, 14, 15],
[16, 17, 18, 19, 20, 21, 22, 23],
[24, 25, 26, 27, 28, 29, 30, 31],
[32, 33, 34, 35, 36, 37, 38, 39],
[40, 41, 42, 43, 44, 45, 46, 47],
[48, 49, 50, 51, 52, 53, 54, 55],
[56, 57, 58, 59, 60, 61, 62, 63],
[64, 65, 66, 67, 68, 69, 70, 71],
[72, 73, 74, 75, 76, 77, 78, 79],
[80, 81, 82, 83, 84, 85, 86, 87],
[88, 89, 90, 91, 92, 93, 94, 95],
[96, 97, 98, 99, 100, 101, 102, 103],
[104, 105, 106, 107, 108, 109, 110, 111],
[112, 113, 114, 115, 116, 117, 118, 119]],

[[24, 48, 56, 72, 88, 96, 104, 112],
[0, 8, 40, 64, 73, 89, 105, 113],
[1, 9, 16, 25, 57, 80, 90, 106],
[2, 17, 26, 32, 41, 74, 97, 107],
[3, 18, 33, 42, 49, 58, 91, 114],
[10, 19, 34, 50, 59, 65, 75, 108],
[4, 27, 35, 51, 66, 76, 81, 92],
[20, 43, 52, 67, 82, 93, 98, 109],
[5, 36, 60, 68, 83, 99, 110, 115],
[6, 11, 21, 53, 77, 84, 100, 116],
[12, 22, 28, 37, 69, 94, 101, 117],
[13, 29, 38, 44, 54, 85, 111, 118],
[7, 14, 30, 45, 55, 61, 70, 102],
[23, 31, 46, 62, 71, 78, 86, 119],
[15, 39, 47, 63, 79, 87, 95, 103]],

[[8, 16, 26, 33, 51, 68, 77, 102],
[3, 19, 54, 63, 69, 74, 83, 92],
[5, 10, 27, 37, 40, 61, 98, 119],
[11, 44, 58, 71, 73, 101, 110, 112],
[0, 22, 55, 65, 79, 80, 111, 116],
[9, 29, 36, 53, 62, 76, 103, 109],
[13, 17, 25, 75, 82, 89, 104, 115],
[6, 15, 32, 46, 72, 81, 108, 113],
[1, 12, 31, 34, 42, 93, 100, 107],
[39, 50, 56, 70, 86, 90, 99, 114],
[18, 30, 52, 64, 78, 95, 97, 118],
[7, 21, 41, 60, 67, 87, 96, 117],
[20, 28, 35, 47, 49, 57, 88, 105],
[4, 14, 38, 43, 48, 59, 84, 91],
[2, 23, 24, 45, 66, 85, 94, 106]],

[[0, 9, 17, 34, 52, 60, 85, 112],
[3, 37, 46, 53, 57, 67, 75, 107],
[10, 21, 24, 44, 81, 102, 109, 114],
[28, 41, 55, 56, 84, 93, 103, 115],
[6, 38, 49, 62, 64, 94, 99, 104],
[12, 20, 36, 45, 59, 86, 92, 113],
[1, 8, 58, 66, 72, 95, 98, 117],
[16, 30, 63, 65, 91, 96, 110, 119],
[14, 18, 26, 76, 83, 90, 105, 116],
[23, 33, 47, 54, 70, 73, 82, 97],
[2, 13, 35, 48, 61, 78, 80, 101],
[5, 25, 43, 51, 71, 87, 100, 111],
[4, 11, 19, 31, 32, 40, 79, 88],
[22, 27, 39, 42, 68, 74, 108, 118],
[7, 15, 29, 50, 69, 77, 89, 106]],

[[1, 18, 35, 43, 69, 103, 104, 113],
[5, 15, 28, 65, 85, 92, 97, 114],
[11, 25, 38, 47, 68, 76, 86, 98],
[22, 32, 45, 48, 77, 82, 95, 110],
[4, 20, 29, 42, 70, 75, 96, 116],
[41, 50, 63, 78, 81, 100, 105, 112],
[0, 13, 46, 49, 74, 87, 93, 102],
[2, 9, 59, 67, 73, 88, 99, 118],
[7, 17, 31, 37, 54, 56, 66, 80],
[19, 39, 44, 61, 64, 84, 106, 117],
[8, 27, 34, 55, 71, 83, 94, 109],
[3, 14, 16, 24, 62, 79, 108, 115],
[6, 10, 23, 26, 52, 57, 91, 101],
[12, 33, 53, 60, 72, 89, 111, 119],
[21, 30, 36, 40, 51, 58, 90, 107]],

[[2, 19, 27, 53, 86, 95, 96, 105],
[8, 22, 31, 52, 59, 70, 81, 115],
[6, 16, 29, 39, 60, 66, 78, 93],
[4, 12, 26, 54, 58, 87, 99, 108],
[25, 33, 46, 61, 65, 83, 88, 103],
[30, 32, 57, 71, 76, 85, 104, 117],
[42, 51, 56, 79, 82, 101, 106, 113],
[1, 14, 21, 37, 47, 50, 64, 111],
[3, 23, 28, 44, 48, 68, 89, 100],
[10, 18, 38, 55, 67, 77, 92, 112],
[0, 15, 45, 62, 91, 98, 107, 118],
[7, 9, 35, 40, 74, 84, 110, 114],
[17, 36, 43, 63, 72, 94, 102, 116],
[5, 13, 20, 24, 34, 41, 73, 90],
[11, 49, 69, 75, 80, 97, 109, 119]],

[[3, 10, 36, 70, 78, 87, 88, 106],
[0, 12, 23, 43, 50, 61, 76, 110],
[9, 37, 41, 71, 82, 91, 108, 116],
[8, 17, 30, 44, 49, 67, 79, 86],
[13, 16, 40, 55, 59, 69, 95, 100],
[26, 34, 47, 62, 66, 84, 89, 96],
[5, 21, 31, 33, 48, 94, 105, 118],
[7, 11, 28, 39, 52, 72, 83, 107],
[2, 22, 38, 51, 60, 75, 103, 114],
[29, 45, 74, 81, 90, 101, 104, 119],
[19, 24, 57, 68, 93, 97, 111, 113],
[1, 20, 27, 46, 63, 77, 85, 99],
[4, 15, 18, 25, 56, 73, 109, 117],
[32, 53, 58, 64, 80, 92, 102, 115],
[6, 14, 35, 42, 54, 65, 98, 112]],

[[20, 54, 61, 71, 79, 89, 107, 114],
[21, 25, 55, 66, 74, 91, 99, 113],
[1, 13, 28, 32, 51, 62, 70, 112],
[0, 24, 38, 42, 53, 78, 83, 117],
[9, 18, 31, 45, 50, 68, 72, 87],
[5, 14, 17, 39, 77, 88, 101, 109],
[11, 23, 35, 63, 67, 90, 111, 115],
[6, 22, 34, 43, 58, 86, 97, 106],
[12, 29, 57, 65, 73, 84, 95, 102],
[3, 15, 40, 52, 76, 80, 94, 96],
[4, 10, 30, 46, 60, 69, 82, 105],
[2, 8, 47, 56, 92, 100, 108, 119],
[16, 36, 41, 48, 64, 75, 85, 98],
[19, 26, 37, 49, 81, 103, 110, 118],
[7, 27, 33, 44, 59, 93, 104, 116]],

[[4, 37, 44, 55, 62, 72, 90, 97],
[11, 16, 34, 45, 54, 103, 105, 117],
[15, 22, 26, 36, 61, 67, 100, 104],
[2, 14, 29, 33, 52, 63, 71, 113],
[1, 23, 60, 79, 84, 92, 109, 118],
[7, 19, 46, 51, 73, 94, 98, 115],
[6, 18, 27, 41, 70, 80, 89, 110],
[12, 40, 49, 56, 68, 78, 85, 116],
[24, 35, 59, 64, 77, 87, 107, 119],
[13, 30, 43, 53, 66, 88, 108, 114],
[31, 47, 75, 83, 91, 102, 106, 112],
[0, 20, 25, 39, 48, 58, 69, 81],
[3, 9, 21, 32, 65, 86, 93, 101],
[10, 17, 28, 42, 76, 95, 99, 111],
[5, 8, 38, 50, 57, 74, 82, 96]],

[[21, 28, 38, 45, 63, 73, 80, 108],
[6, 9, 20, 44, 51, 83, 95, 119],
[12, 17, 35, 46, 55, 96, 106, 118],
[7, 43, 62, 68, 75, 92, 101, 105],
[3, 30, 34, 56, 77, 81, 98, 111],
[2, 10, 25, 54, 64, 72, 93, 110],
[24, 32, 47, 52, 61, 69, 99, 116],
[15, 19, 42, 48, 60, 71, 90, 102],
[13, 27, 36, 50, 79, 91, 97, 117],
[14, 31, 58, 67, 74, 85, 89, 103],
[4, 8, 23, 39, 41, 53, 65, 104],
[5, 16, 49, 70, 76, 84, 107, 113],
[1, 11, 26, 59, 78, 82, 94, 114],
[22, 33, 40, 57, 66, 87, 109, 112],
[0, 18, 29, 37, 86, 88, 100, 115]],

[[5, 11, 22, 29, 46, 56, 64, 91],
[1, 19, 30, 38, 87, 89, 101, 116],
[27, 45, 52, 58, 75, 84, 88, 111],
[13, 18, 47, 60, 65, 81, 94, 107],
[8, 37, 48, 63, 76, 93, 106, 114],
[15, 16, 31, 35, 44, 53, 82, 99],
[3, 26, 39, 43, 55, 73, 85, 119],
[10, 20, 33, 62, 74, 80, 100, 117],
[14, 41, 51, 57, 69, 72, 86, 118],
[7, 23, 25, 36, 49, 95, 108, 112],
[0, 32, 54, 59, 68, 90, 96, 109],
[9, 42, 61, 66, 77, 97, 105, 115],
[6, 17, 24, 40, 50, 71, 92, 103],
[2, 12, 21, 70, 79, 83, 98, 104],
[4, 28, 34, 67, 78, 102, 110, 113]],

[[6, 12, 30, 47, 48, 74, 109, 115],
[10, 29, 35, 41, 58, 68, 79, 94],
[2, 31, 43, 49, 65, 77, 90, 117],
[21, 39, 46, 59, 76, 89, 97, 112],
[0, 14, 19, 28, 36, 66, 82, 119],
[9, 23, 27, 38, 56, 69, 102, 107],
[4, 17, 45, 57, 64, 83, 100, 114],
[25, 34, 40, 53, 63, 70, 101, 118],
[7, 8, 20, 32, 78, 91, 103, 111],
[16, 37, 42, 52, 73, 87, 92, 104],
[26, 44, 50, 60, 80, 88, 98, 113],
[1, 15, 24, 33, 55, 75, 86, 110],
[5, 54, 62, 67, 81, 95, 106, 116],
[11, 18, 51, 61, 85, 93, 96, 108],
[3, 13, 22, 71, 72, 84, 99, 105]],

[[13, 31, 39, 57, 92, 98, 110, 116],
[14, 27, 32, 49, 60, 73, 100, 106],
[5, 23, 30, 42, 59, 72, 80, 103],
[3, 11, 20, 50, 66, 102, 104, 118],
[7, 10, 22, 47, 53, 85, 90, 113],
[1, 29, 40, 48, 67, 83, 97, 108],
[8, 18, 24, 36, 46, 54, 84, 101],
[4, 16, 61, 74, 86, 94, 111, 112],
[0, 21, 26, 35, 56, 71, 75, 95],
[9, 28, 33, 43, 64, 79, 81, 96],
[15, 17, 38, 58, 70, 93, 105, 119],
[37, 45, 51, 65, 78, 89, 99, 109],
[2, 34, 44, 69, 76, 87, 91, 115],
[6, 55, 63, 68, 82, 88, 107, 117],
[12, 19, 25, 41, 52, 62, 77, 114]],

[[14, 23, 40, 75, 81, 93, 99, 117],
[7, 13, 26, 42, 63, 64, 86, 109],
[4, 33, 50, 85, 95, 101, 107, 115],
[6, 31, 36, 69, 73, 96, 111, 114],
[12, 24, 39, 51, 67, 80, 91, 105],
[2, 15, 20, 30, 37, 68, 84, 112],
[0, 44, 57, 70, 77, 94, 103, 108],
[5, 9, 19, 47, 55, 58, 78, 104],
[11, 17, 27, 48, 62, 65, 87, 113],
[1, 22, 41, 54, 76, 88, 102, 119],
[21, 29, 34, 49, 61, 72, 82, 92],
[18, 28, 53, 59, 71, 74, 98, 106],
[38, 46, 52, 66, 79, 90, 100, 110],
[3, 8, 25, 35, 45, 60, 97, 116],
[10, 16, 32, 43, 56, 83, 89, 118]],

[[7, 24, 58, 65, 76, 82, 100, 118],
[17, 33, 69, 78, 84, 90, 98, 108],
[14, 20, 53, 56, 87, 94, 97, 110],
[15, 23, 34, 51, 64, 74, 88, 116],
[4, 13, 21, 52, 68, 103, 106, 119],
[28, 40, 54, 60, 77, 86, 91, 104],
[3, 31, 38, 41, 61, 95, 109, 113],
[1, 10, 39, 45, 49, 71, 96, 115],
[6, 25, 37, 59, 79, 85, 102, 105],
[5, 12, 18, 32, 44, 63, 66, 75],
[2, 11, 36, 42, 55, 57, 81, 89],
[22, 30, 35, 50, 62, 73, 83, 93],
[8, 19, 29, 43, 80, 99, 107, 112],
[0, 16, 27, 47, 67, 72, 101, 114],
[9, 26, 46, 48, 70, 92, 111, 117]],

[[15, 41, 49, 59, 66, 83, 101, 111],
[4, 36, 47, 71, 77, 80, 93, 118],
[7, 18, 34, 48, 57, 79, 99, 119],
[5, 35, 52, 86, 89, 102, 108, 117],
[11, 24, 37, 43, 60, 70, 74, 95],
[14, 22, 25, 44, 78, 92, 96, 107],
[23, 29, 32, 55, 87, 98, 105, 114],
[8, 21, 42, 62, 69, 85, 88, 110],
[2, 16, 28, 46, 50, 58, 109, 116],
[20, 26, 38, 40, 65, 72, 106, 115],
[6, 13, 19, 33, 45, 56, 67, 76],
[3, 12, 27, 64, 82, 90, 103, 112],
[0, 10, 31, 51, 63, 84, 97, 104],
[9, 30, 39, 54, 75, 94, 100, 113],
[1, 17, 53, 61, 68, 73, 81, 91]],

[[25, 32, 42, 50, 67, 84, 94, 119],
[2, 18, 39, 40, 62, 82, 102, 111],
[19, 35, 70, 72, 85, 91, 100, 109],
[15, 21, 27, 43, 54, 57, 78, 115],
[6, 8, 28, 61, 75, 87, 90, 118],
[7, 12, 16, 38, 71, 81, 88, 97],
[5, 26, 45, 53, 69, 79, 93, 112],
[0, 11, 30, 33, 41, 92, 99, 106],
[4, 9, 22, 24, 49, 63, 89, 98],
[3, 17, 29, 47, 51, 59, 110, 117],
[10, 48, 66, 73, 86, 103, 107, 116],
[14, 34, 46, 68, 80, 95, 104, 114],
[13, 23, 37, 58, 77, 83, 96, 113],
[1, 36, 44, 52, 56, 65, 74, 105],
[20, 31, 55, 60, 64, 76, 101, 108]]]