[[[0,28,56,84],
[1,47,78,101],
[2,52,83,107],
[3,44,69,89],
[4,41,67,102],
[5,36,65,108],
[6,53,59,106],
[7,50,75,85],
[8,40,82,90],
[9,31,64,91],
[10,30,57,95,116],
[11,49,81,103],
[12,54,74,99],
[13,39,72,96],
[14,37,58,111,114],
[15,35,80,110],
[16,45,61,87],
[17,38,79,98,112],
[18,34,70,105],
[19,43,73,86,115],
[20,32,71,94],
[21,46,68,97],
[22,33,63,109],
[23,42,66,100],
[24,51,60,92,117],
[25,55,62,104],
[26,29,76,88,113],
[27,48,77,93]],

[[0,54,60,107],
[1,29,57,85],
[2,48,79,102],
[3,53,77,108],
[4,45,63,90],
[5,35,68,103],
[6,37,66,109],
[7,40,73,97],
[8,51,76,86],
[9,41,83,84],
[10,32,65,92],
[11,31,58,96,117],
[12,50,82,104],
[13,55,75,100],
[14,33,72,95],
[15,38,59,105,115],
[16,36,81,111],
[17,46,62,88],
[18,39,80,99,113],
[19,28,71,106],
[20,44,74,87,116],
[21,42,78,94],
[22,47,69,91],
[23,34,64,110,112],
[24,43,67,101],
[25,52,61,93],
[26,49,56,98],
[27,30,70,89,114]],

[[0,38,67,110],
[1,55,61,108],
[2,30,58,86],
[3,42,80,103],
[4,54,78,109],
[5,46,64,84],
[6,36,69,104],
[7,49,76,101],
[8,41,74,91],
[9,52,70,87],
[10,35,77,85],
[11,33,66,93],
[12,32,59,97],
[13,51,83,98],
[14,45,75,88,117],
[15,34,73,96],
[16,39,60,106,116],
[17,37,82,105],
[18,47,56,89],
[19,40,81,100,114],
[20,29,72,107],
[21,31,71,90,115],
[22,43,79,95],
[23,48,63,92],
[24,28,65,111,113],
[25,44,68,102],
[26,53,62,94,112],
[27,50,57,99]],

[[0,37,63,98],
[1,39,68,111],
[2,49,62,109],
[3,31,59,87],
[4,43,81,104],
[5,55,79,110],
[6,47,65,85],
[7,52,77,99],
[8,50,70,102],
[9,35,75,92],
[10,53,71,88],
[11,36,78,86],
[12,34,67,94],
[13,33,60,91,112],
[14,30,73,108],
[15,46,76,89],
[16,28,74,97],
[17,40,61,107,117],
[18,38,83,106],
[19,48,57,90],
[20,41,82,101,115],
[21,51,58,100],
[22,32,72,84,116],
[23,44,80,96],
[24,42,64,93],
[25,29,66,105,114],
[26,45,69,103],
[27,54,56,95,113]],

[[0,48,66,86],
[1,38,64,99],
[2,40,69,105],
[3,50,56,110],
[4,32,60,88],
[5,44,82,98],
[6,49,80,111],
[7,34,61,92,113],
[8,53,78,100],
[9,51,71,103],
[10,36,76,93],
[11,54,72,89],
[12,37,79,87],
[13,28,68,95],
[14,35,83,102,116],
[15,31,74,109],
[16,47,70,90,112],
[17,29,75,91],
[18,41,62,108],
[19,39,77,107],
[20,42,58,84],
[21,55,57,96,114],
[22,52,59,101],
[23,33,73,85,117],
[24,45,81,97],
[25,43,65,94],
[26,30,67,106,115],
[27,46,63,104]],

[[0,50,81,105],
[1,42,67,87],
[2,39,65,100],
[3,41,63,106],
[4,51,57,111],
[5,33,61,89],
[6,45,83,99],
[7,29,69,96],
[8,28,62,93,114],
[9,54,79,101],
[10,52,72,104],
[11,37,70,94],
[12,55,73,90],
[13,38,80,88],
[14,43,59,85],
[15,36,77,103,117],
[16,32,75,110],
[17,48,71,84,113],
[18,30,76,92],
[19,35,56,109,112],
[20,40,78,108],
[21,47,64,98],
[22,49,58,97,115],
[23,53,60,102],
[24,34,74,86],
[25,46,82,91],
[26,44,66,95],
[27,31,68,107,116]],

[[0,46,77,100],
[1,51,82,106],
[2,43,68,88],
[3,40,66,101],
[4,35,64,107],
[5,52,58,105],
[6,34,62,90],
[7,39,81,89],
[8,30,63,97],
[9,29,56,94,115],
[10,55,80,102],
[11,53,73,98],
[12,38,71,95],
[13,49,74,84],
[14,41,79,109],
[15,44,60,86],
[16,37,78,104],
[17,33,76,111],
[18,42,72,85,114],
[19,31,70,93],
[20,36,57,110,113],
[21,32,69,108,117],
[22,48,65,99],
[23,50,59,91,116],
[24,54,61,103],
[25,28,75,87,112],
[26,47,83,92],
[27,45,67,96]],

[[0,43,82,92,114],
[1,33,75,97],
[2,38,57,84],
[3,37,64,88],
[4,42,74,110,117],
[5,47,81,106],
[6,32,79,89],
[7,35,63,91],
[8,54,71,108,112],
[9,45,76,100],
[10,51,62,96,115],
[11,34,60,109],
[12,29,58,101],
[13,46,66,99,116],
[14,53,61,90],
[15,40,56,102],
[16,49,59,107],
[17,44,67,85],
[18,48,69,111],
[19,36,83,95],
[20,55,70,86],
[21,30,65,104],
[22,28,73,103],
[23,52,68,94],
[24,31,72,105],
[25,41,77,98,113],
[26,50,80,93],
[27,39,78,87]],

[[0,33,80,90],
[1,44,83,93,115],
[2,34,76,91],
[3,39,58,85,112],
[4,38,65,89],
[5,43,75,111],
[6,48,82,107],
[7,47,67,100,117],
[8,36,64,92],
[9,55,72,109,113],
[10,46,70,101],
[11,52,56,97,116],
[12,28,61,110],
[13,30,59,102],
[14,49,71,87],
[15,54,62,84],
[16,41,57,103],
[17,50,60,108],
[18,45,68,86],
[19,42,63,105],
[20,37,77,96],
[21,40,79,88],
[22,31,66,98],
[23,29,74,104],
[24,53,69,95],
[25,32,73,106],
[26,35,78,99,114],
[27,51,81,94]],

[[0,42,83,108],
[1,34,81,84],
[2,45,77,94,116],
[3,28,70,92],
[4,40,59,86,113],
[5,39,66,90],
[6,44,76,105,112],
[7,31,60,103],
[8,48,68,101],
[9,37,65,93],
[10,49,73,110,114],
[11,47,71,102],
[12,53,57,91,117],
[13,29,62,111],
[14,38,78,97],
[15,50,72,88],
[16,55,56,85],
[17,35,58,104],
[18,51,61,109],
[19,46,69,87],
[20,43,64,106],
[21,52,82,95],
[22,41,80,89],
[23,32,67,99],
[24,30,75,98],
[25,54,63,96],
[26,33,74,107],
[27,36,79,100,115]],

[[0,45,70,106,113],
[1,43,77,109],
[2,28,82,85],
[3,46,78,95,117],
[4,29,71,93],
[5,41,60,87,114],
[6,40,67,84],
[7,30,56,105],
[8,32,61,104],
[9,42,69,102,112],
[10,38,66,94],
[11,50,74,111,115],
[12,48,72,103],
[13,54,58,92],
[14,44,65,107],
[15,39,79,91],
[16,51,73,89],
[17,49,57,86],
[18,36,59,98],
[19,52,62,110],
[20,47,63,88],
[21,37,80,101,116],
[22,53,83,96],
[23,35,81,90],
[24,33,68,100],
[25,31,76,99],
[26,55,64,97],
[27,34,75,108]],

[[0,41,68,85],
[1,46,71,107,114],
[2,44,78,110],
[3,29,83,86],
[4,47,79,96],
[5,30,72,94],
[6,35,61,88,115],
[7,55,59,93,112],
[8,31,57,106],
[9,33,62,98],
[10,43,63,103,113],
[11,39,67,95],
[12,51,75,105,116],
[13,42,73,104],
[14,48,64,89],
[15,45,66,108],
[16,40,80,92],
[17,52,74,90],
[18,50,58,87],
[19,37,60,99],
[20,53,56,111],
[21,28,76,109],
[22,38,81,102,117],
[23,54,77,97],
[24,36,82,84],
[25,34,69,101],
[26,32,70,100],
[27,49,65,91]],

[[0,36,62,89,116],
[1,35,69,86],
[2,47,72,108,115],
[3,45,79,111],
[4,30,77,87],
[5,48,80,97,112],
[6,31,73,95],
[7,43,74,98],
[8,49,60,94,113],
[9,32,58,107],
[10,34,56,99],
[11,44,64,104,114],
[12,40,68,96],
[13,52,76,106,117],
[14,54,57,105],
[15,42,65,90],
[16,46,67,109],
[17,41,81,93],
[18,53,75,84],
[19,51,59,88],
[20,38,61,100],
[21,50,66,92],
[22,29,70,110],
[23,39,82,103],
[24,55,78,91],
[25,37,83,85],
[26,28,63,102],
[27,33,71,101]],

[[0,32,74,96],
[1,37,56,90,117],
[2,36,63,87],
[3,48,73,109,116],
[4,46,80,105],
[5,31,78,88],
[6,42,81,91,113],
[7,53,70,107],
[8,44,75,99],
[9,50,61,95,114],
[10,33,59,108],
[11,28,57,100],
[12,45,65,98,115],
[13,41,69,97],
[14,39,62,101],
[15,55,58,106],
[16,43,66,84],
[17,47,68,110],
[18,35,82,94],
[19,54,76,85],
[20,52,60,89],
[21,34,72,102],
[22,51,67,93],
[23,30,71,111],
[24,40,83,104,112],
[25,49,79,92],
[26,38,77,86],
[27,29,64,103]],

[[0,51,72,97],
[1,49,66,96,112],
[2,31,75,101,114],
[3,52,65,84],
[4,48,56,91],
[5,29,59,100],
[6,46,57,108],
[7,32,82,111],
[8,47,77,95],
[9,28,80,86,117],
[10,37,74,106],
[11,41,76,90],
[12,43,62,102],
[13,34,63,107,115],
[14,42,70,98],
[15,33,64,87],
[16,38,69,93,113],
[17,30,83,103],
[18,55,81,88,116],
[19,50,79,94],
[20,39,73,92],
[21,36,61,99],
[22,54,68,104],
[23,45,78,105],
[24,44,71,109],
[25,35,67,89],
[26,40,60,85],
[27,53,58,110]],

[[0,47,58,109],
[1,52,73,91],
[2,50,67,97,113],
[3,32,76,102,115],
[4,53,66,85],
[5,42,57,92],
[6,30,60,101],
[7,28,64,108,116],
[8,33,83,105],
[9,48,78,96],
[10,29,81,87],
[11,38,75,107],
[12,35,70,84],
[13,44,56,103],
[14,40,74,93],
[15,43,71,99],
[16,34,65,88],
[17,39,63,94,114],
[18,31,77,104],
[19,49,82,89,117],
[20,51,80,95],
[21,54,59,111],
[22,37,62,100],
[23,55,69,98],
[24,46,79,106],
[25,45,72,110],
[26,36,68,90],
[27,41,61,86,112]],

[[0,31,61,102],
[1,48,59,110],
[2,53,74,92],
[3,51,68,91,114],
[4,33,70,103,116],
[5,54,67,86],
[6,43,58,93],
[7,45,57,104],
[8,29,65,109,117],
[9,34,77,106],
[10,42,79,97],
[11,30,82,88,112],
[12,39,76,108],
[13,36,71,85],
[14,52,81,96],
[15,41,75,94],
[16,44,72,100],
[17,28,66,89],
[18,40,64,95,115],
[19,32,78,98],
[20,50,83,90],
[21,35,62,87,113],
[22,55,60,105],
[23,38,56,101],
[24,49,63,99],
[25,47,80,107],
[26,46,73,111],
[27,37,69,84]],

[[0,44,59,94],
[1,32,62,103],
[2,42,60,111],
[3,54,75,93],
[4,52,69,92,115],
[5,34,71,104,117],
[6,55,68,87],
[7,37,72,86],
[8,46,58,98],
[9,30,66,110],
[10,28,78,107],
[11,43,80,91],
[12,31,83,89,113],
[13,40,70,109],
[14,51,77,84,112],
[15,53,82,97],
[16,35,76,95],
[17,45,73,101],
[18,29,67,90],
[19,41,65,96,116],
[20,33,79,99],
[21,38,63,85],
[22,36,56,88,114],
[23,49,61,106],
[24,39,57,102],
[25,50,64,100],
[26,48,81,108],
[27,47,74,105]],

[[0,49,69,88],
[1,45,60,95],
[2,33,56,104],
[3,43,61,105],
[4,55,76,94],
[5,53,63,93,116],
[6,28,72,98],
[7,41,71,110],
[8,38,73,87],
[9,47,59,99],
[10,31,67,111,112],
[11,29,79,108],
[12,44,81,92],
[13,32,77,90,114],
[14,34,80,100],
[15,52,78,85,113],
[16,54,83,91],
[17,36,70,96],
[18,46,74,102],
[19,30,68,84],
[20,35,66,97,117],
[21,48,75,106],
[22,39,64,86],
[23,37,57,89,115],
[24,50,62,107],
[25,40,58,103],
[26,51,65,101],
[27,42,82,109]],

[[0,29,73,99,112],
[1,50,63,89],
[2,46,61,96],
[3,34,57,98],
[4,44,62,106],
[5,49,70,95],
[6,54,64,94,117],
[7,33,78,84,115],
[8,35,72,111],
[9,39,74,88],
[10,48,60,100],
[11,32,68,105,113],
[12,30,80,109],
[13,45,82,93],
[14,36,67,91],
[15,28,81,101],
[16,53,79,86,114],
[17,55,77,92],
[18,37,71,97],
[19,47,75,103],
[20,31,69,85],
[21,43,83,110],
[22,42,76,107],
[23,40,65,87],
[24,38,58,90,116],
[25,51,56,108],
[26,41,59,104],
[27,52,66,102]],

[[0,55,65,95],
[1,30,74,100,113],
[2,51,64,90],
[3,47,62,97],
[4,28,58,99],
[5,45,56,107],
[6,50,71,96],
[7,46,83,94],
[8,34,79,85,116],
[9,36,73,105],
[10,40,75,89],
[11,42,61,101],
[12,33,69,106,114],
[13,31,81,110],
[14,32,63,86],
[15,37,68,92,112],
[16,29,82,102],
[17,54,80,87,115],
[18,49,78,93],
[19,38,72,91],
[20,48,76,104],
[21,53,67,103],
[22,44,77,111],
[23,43,70,108],
[24,41,66,88],
[25,39,59,84,117],
[26,52,57,109],
[27,35,60,98]],

[[0,39,75,104,115],
[1,54,70,88],
[2,35,73,93],
[3,30,81,99],
[4,34,83,97,114],
[5,50,69,109],
[6,41,56,100],
[7,44,79,90],
[8,42,59,89],
[9,38,82,108],
[10,45,58,91],
[11,55,63,84],
[12,36,66,107],
[13,53,64,101,113],
[14,29,68,106],
[15,47,61,111,116],
[16,52,71,98],
[17,51,78,102],
[18,28,60,96],
[19,33,67,92],
[20,46,65,103,112],
[21,49,77,105],
[22,40,57,94],
[23,31,62,86],
[24,37,76,110],
[25,48,74,95],
[26,43,72,87,117],
[27,32,80,85]],

[[0,35,57,101],
[1,40,76,98,116],
[2,55,71,89],
[3,36,74,94],
[4,31,82,100],
[5,28,77,91,115],
[6,51,63,110],
[7,54,65,102,114],
[8,45,80,84],
[9,43,60,90],
[10,39,83,109],
[11,46,59,92],
[12,49,64,85],
[13,37,67,108],
[14,47,66,104,113],
[15,30,69,107],
[16,48,62,105,117],
[17,53,72,99],
[18,52,79,103],
[19,29,61,97],
[20,34,68,93],
[21,33,81,86],
[22,50,78,106,112],
[23,41,58,95],
[24,32,56,87],
[25,38,70,111],
[26,42,75,96],
[27,44,73,88]],

[[0,52,64,111],
[1,36,58,102],
[2,41,70,99,117],
[3,49,72,90],
[4,37,75,95],
[5,32,83,101],
[6,29,78,92,116],
[7,38,68,109],
[8,55,66,103,115],
[9,46,81,85],
[10,44,61,84],
[11,40,77,110],
[12,47,60,93],
[13,50,65,86],
[14,28,69,94],
[15,48,67,98,114],
[16,31,63,108],
[17,42,56,106],
[18,54,73,100],
[19,53,80,104],
[20,30,62,91],
[21,45,74,89,112],
[22,34,82,87],
[23,51,79,107,113],
[24,35,59,96],
[25,33,57,88],
[26,39,71,105],
[27,43,76,97]],

[[0,30,79,93,117],
[1,53,65,105],
[2,37,59,103],
[3,35,71,100],
[4,50,73,84],
[5,38,76,96],
[6,33,77,102],
[7,51,66,87],
[8,39,69,110],
[9,49,67,104,116],
[10,47,82,86],
[11,45,62,85],
[12,41,78,111],
[13,48,61,94],
[14,31,56,92],
[15,29,63,95],
[16,42,68,99,115],
[17,32,64,109],
[18,43,57,107,112],
[19,55,74,101],
[20,54,81,98],
[21,44,70,91],
[22,46,75,90,113],
[23,28,83,88],
[24,52,80,108,114],
[25,36,60,97],
[26,34,58,89],
[27,40,72,106]],

[[0,34,78,103],
[1,31,80,94],
[2,54,66,106],
[3,38,60,104],
[4,36,72,101,112],
[5,51,74,85],
[6,39,70,97],
[7,42,62,95],
[8,52,67,88],
[9,40,63,111],
[10,50,68,98,117],
[11,48,83,87],
[12,46,56,86],
[13,35,79,105],
[14,55,82,99],
[15,32,57,93],
[16,30,64,96],
[17,43,69,100,116],
[18,33,65,110],
[19,44,58,108,113],
[20,49,75,102],
[21,41,73,107],
[22,45,71,92],
[23,47,76,84,114],
[24,29,77,89],
[25,53,81,109,115],
[26,37,61,91],
[27,28,59,90]],

[[0,40,71,91],
[1,28,79,104],
[2,32,81,95,112],
[3,55,67,107],
[4,39,61,98],
[5,37,73,102,113],
[6,52,75,86],
[7,36,80,106],
[8,43,56,96],
[9,53,68,89],
[10,41,64,105],
[11,51,69,99],
[12,42,77,88],
[13,47,57,87],
[14,50,76,103],
[15,49,83,100],
[16,33,58,94],
[17,31,65,97],
[18,44,63,101,117],
[19,34,66,111],
[20,45,59,109,114],
[21,29,60,84],
[22,35,74,108],
[23,46,72,93],
[24,48,70,85,115],
[25,30,78,90],
[26,54,82,110,116],
[27,38,62,92]],

[[0,53,76,87],
[1,41,72,92],
[2,29,80,98],
[3,33,82,96,113],
[4,49,68,108],
[5,40,62,99],
[6,38,74,103,114],
[7,48,58,88],
[8,37,81,107],
[9,44,57,97],
[10,54,69,90],
[11,35,65,106],
[12,52,63,100,112],
[13,43,78,89],
[14,46,60,110,115],
[15,51,70,104],
[16,50,77,101],
[17,34,59,95],
[18,32,66,91],
[19,45,64,102],
[20,28,67,105],
[21,39,56,93],
[22,30,61,85],
[23,36,75,109],
[24,47,73,94],
[25,42,71,86,116],
[26,31,79,84],
[27,55,83,111,117]]

]
