[[[0,1,2,3,4,5],
[6,7,8,9,10,11],
[12,13,14,15,16,17],
[18,19,20,21,22,23],
[24,25,26,27,28,29],
[30,31,32,33,34,35],
[36,37,38,39,40,41],
[42,43,44,45,46,47],
[48,49,50,51,52,53],
[54,55,56,57,58,59],
[60,61,62,63,64],
[65,66,67,68,69],
[70,71,72,73,74],
[75,76,77,78,79],
[80,81,82,83,84],
[85,86,87,88,89],
[90,91,92,93,94],
[95,96,97,98,99],
[100,101,102,103,104],
[105,106,107,108,109],
[110,111,112,113,114],
[115,116,117,118,119]],

[[0,7,14,21,28,35],
[6,13,20,27,34,41],
[12,19,26,33,40,47],
[18,25,32,39,46,53],
[24,31,38,45,52,59],
[30,37,44,51,58,64],
[36,43,50,57,63,69],
[42,49,56,62,68,74],
[48,55,61,67,73,79],
[54,60,66,72,78,84],
[65,71,77,83,89],
[70,76,82,88,94],
[75,81,87,93,99],
[80,86,92,98,104],
[85,91,97,103,109],
[90,96,102,108,114],
[95,101,107,113,119],
[5,100,106,112,118],
[4,11,105,111,117],
[3,10,17,110,116],
[2,9,16,23,115],
[1,8,15,22,29]],

[[0,8,13,23,33,46],
[6,14,19,29,39,52],
[12,20,25,35,45,58],
[18,26,31,41,51,63],
[24,32,37,47,57,68],
[30,38,43,53,62,73],
[36,44,49,59,67,78],
[42,50,55,64,72,83],
[48,56,60,69,77,88],
[54,61,65,74,82,93],
[66,70,79,87,98],
[71,75,84,92,103],
[76,80,89,97,108],
[81,85,94,102,113],
[86,90,99,107,118],
[4,91,95,104,112],
[10,96,100,109,117],
[3,16,101,105,114],
[9,22,106,110,119],
[5,15,28,111,115],
[1,11,21,34,116],
[2,7,17,27,40]],

[[0,9,17,19,32,58],
[6,15,23,25,38,63],
[12,21,29,31,44,68],
[18,27,35,37,50,73],
[24,33,41,43,56,78],
[30,39,47,49,61,83],
[36,45,53,55,66,88],
[42,51,59,60,71,93],
[48,57,64,65,76,98],
[54,62,69,70,81,103],
[67,74,75,86,108],
[72,79,80,91,113],
[77,84,85,96,118],
[4,82,89,90,101],
[10,87,94,95,106],
[16,92,99,100,111],
[22,97,104,105,116],
[2,28,102,109,110],
[8,34,107,114,115],
[1,14,40,112,119],
[5,7,20,46,117],
[3,11,13,26,52]],

[[0,10,15,20,31,47],
[6,16,21,26,37,53],
[12,22,27,32,43,59],
[18,28,33,38,49,64],
[24,34,39,44,55,69],
[30,40,45,50,60,74],
[36,46,51,56,65,79],
[42,52,57,61,70,84],
[48,58,62,66,75,89],
[54,63,67,71,80,94],
[68,72,76,85,99],
[73,77,81,90,104],
[78,82,86,95,109],
[83,87,91,100,114],
[88,92,96,105,119],
[5,93,97,101,110],
[11,98,102,106,115],
[1,17,103,107,111],
[7,23,108,112,116],
[2,13,29,113,117],
[3,8,19,35,118],
[4,9,14,25,41]],

[[0,11,16,25,44,57],
[6,17,22,31,50,62],
[12,23,28,37,56,67],
[18,29,34,43,61,72],
[24,35,40,49,66,77],
[30,41,46,55,71,82],
[36,47,52,60,76,87],
[42,53,58,65,81,92],
[48,59,63,70,86,97],
[54,64,68,75,91,102],
[69,73,80,96,107],
[74,78,85,101,112],
[79,83,90,106,117],
[3,84,88,95,111],
[9,89,93,100,116],
[2,15,94,98,105],
[8,21,99,103,110],
[14,27,104,108,115],
[1,20,33,109,113],
[7,26,39,114,118],
[4,13,32,45,119],
[5,10,19,38,51]],

[[0,22,26,45,49,69],
[6,28,32,51,55,74],
[12,34,38,57,60,79],
[18,40,44,62,65,84],
[24,46,50,67,70,89],
[30,52,56,72,75,94],
[36,58,61,77,80,99],
[42,63,66,82,85,104],
[48,68,71,87,90,109],
[54,73,76,92,95,114],
[78,81,97,100,119],
[5,83,86,102,105],
[11,88,91,107,110],
[17,93,96,112,115],
[1,23,98,101,117],
[3,7,29,103,106],
[9,13,35,108,111],
[15,19,41,113,116],
[2,21,25,47,118],
[4,8,27,31,53],
[10,14,33,37,59],
[16,20,39,43,64]],

[[0,27,38,55,68,84],
[6,33,44,60,73,89],
[12,39,50,65,78,94],
[18,45,56,70,83,99],
[24,51,61,75,88,104],
[30,57,66,80,93,109],
[36,62,71,85,98,114],
[42,67,76,90,103,119],
[5,48,72,81,95,108],
[11,54,77,86,100,113],
[17,82,91,105,118],
[4,23,87,96,110],
[10,29,92,101,115],
[1,16,35,97,106],
[7,22,41,102,111],
[13,28,47,107,116],
[2,19,34,53,112],
[8,25,40,59,117],
[3,14,31,46,64],
[9,20,37,52,69],
[15,26,43,58,74],
[21,32,49,63,79]],

[[0,29,37,62,76,83],
[6,35,43,67,81,88],
[12,41,49,72,86,93],
[18,47,55,77,91,98],
[24,53,60,82,96,103],
[30,59,65,87,101,108],
[36,64,70,92,106,113],
[42,69,75,97,111,118],
[4,48,74,80,102,116],
[2,10,54,79,85,107],
[8,16,84,90,112],
[14,22,89,95,117],
[3,20,28,94,100],
[9,26,34,99,105],
[15,32,40,104,110],
[21,38,46,109,115],
[1,27,44,52,114],
[7,33,50,58,119],
[5,13,39,56,63],
[11,19,45,61,68],
[17,25,51,66,73],
[23,31,57,71,78]],

[[0,34,50,59,75,82],
[6,40,56,64,80,87],
[12,46,61,69,85,92],
[18,52,66,74,90,97],
[24,58,71,79,95,102],
[30,63,76,84,100,107],
[36,68,81,89,105,112],
[42,73,86,94,110,117],
[3,48,78,91,99,115],
[1,9,54,83,96,104],
[7,15,88,101,109],
[13,21,93,106,114],
[19,27,98,111,119],
[5,25,33,103,116],
[2,11,31,39,108],
[8,17,37,45,113],
[14,23,43,51,118],
[4,20,29,49,57],
[10,26,35,55,62],
[16,32,41,60,67],
[22,38,47,65,72],
[28,44,53,70,77]],

[[0,39,74,81,98,110],
[6,45,79,86,103,115],
[1,12,51,84,91,108],
[7,18,57,89,96,113],
[13,24,62,94,101,118],
[4,19,30,67,99,106],
[10,25,36,72,104,111],
[16,31,42,77,109,116],
[2,22,37,48,82,114],
[8,28,43,54,87,119],
[5,14,34,49,92],
[11,20,40,55,97],
[17,26,46,60,102],
[23,32,52,65,107],
[29,38,58,70,112],
[35,44,63,75,117],
[3,41,50,68,80],
[9,47,56,73,85],
[15,53,61,78,90],
[21,59,66,83,95],
[27,64,71,88,100],
[33,69,76,93,105]],

[[0,40,53,67,95,116],
[2,6,46,59,72,100],
[8,12,52,64,77,105],
[14,18,58,69,82,110],
[20,24,63,74,87,115],
[1,26,30,68,79,92],
[7,32,36,73,84,97],
[13,38,42,78,89,102],
[19,44,48,83,94,107],
[25,50,54,88,99,112],
[31,56,93,104,117],
[3,37,61,98,109],
[9,43,66,103,114],
[15,49,71,108,119],
[5,21,55,76,113],
[11,27,60,81,118],
[4,17,33,65,86],
[10,23,39,70,91],
[16,29,45,75,96],
[22,35,51,80,101],
[28,41,57,85,106],
[34,47,62,90,111]],

[[0,41,61,87,103,105],
[6,47,66,92,108,110],
[12,53,71,97,113,115],
[1,18,59,76,102,118],
[4,7,24,64,81,107],
[10,13,30,69,86,112],
[16,19,36,74,91,117],
[3,22,25,42,79,96],
[9,28,31,48,84,101],
[15,34,37,54,89,106],
[21,40,43,94,111],
[27,46,49,99,116],
[2,33,52,55,104],
[8,39,58,60,109],
[14,45,63,65,114],
[20,51,68,70,119],
[5,26,57,73,75],
[11,32,62,78,80],
[17,38,67,83,85],
[23,44,72,88,90],
[29,50,77,93,95],
[35,56,82,98,100]],

[[0,43,52,71,99,117],
[3,6,49,58,76,104],
[9,12,55,63,81,109],
[15,18,60,68,86,114],
[21,24,65,73,91,119],
[5,27,30,70,78,96],
[11,33,36,75,83,101],
[17,39,42,80,88,106],
[23,45,48,85,93,111],
[29,51,54,90,98,116],
[2,35,57,95,103],
[8,41,62,100,108],
[14,47,67,105,113],
[20,53,72,110,118],
[4,26,59,77,115],
[1,10,32,64,82],
[7,16,38,69,87],
[13,22,44,74,92],
[19,28,50,79,97],
[25,34,56,84,102],
[31,40,61,89,107],
[37,46,66,94,112]]

]
