[[[0,1,2,3,4,5],
[6,7,8,9,10,11],
[12,13,14,15,16,17],
[18,19,20,21,22,23],
[24,25,26,27,28,29],
[30,31,32,33,34],
[35,36,37,38,39],
[40,41,42,43,44],
[45,46,47,48,49],
[50,51,52,53,54,55],
[56,57,58,59,60,61],
[62,63,64,65,66,67],
[68,69,70,71,72,73],
[74,75,76,77,78,79],
[80,81,82,83,84,85],
[86,87,88,89,90,91],
[92,93,94,95,96,97],
[98,99,100,101,102,103],
[104,105,106,107,108,109],
[110,111,112,113,114,115]],

[[0,7,14,21,28,34],
[6,13,20,27,33,39],
[12,19,26,32,38,44],
[18,25,31,37,43,49],
[24,30,36,42,48,55],
[35,41,47,54,61],
[40,46,53,60,67],
[45,52,59,66,73],
[51,58,65,72,79],
[50,57,64,71,78,85],
[56,63,70,77,84,91],
[62,69,76,83,90,97],
[68,75,82,89,96,103],
[74,81,88,95,102,109],
[80,87,94,101,108,115],
[5,86,93,100,107,114],
[4,11,92,99,106,113],
[3,10,17,98,105,112],
[2,9,16,23,104,111],
[1,8,15,22,29,110]],

[[0,8,13,23,32,43],
[6,14,19,29,37,48],
[12,20,25,34,42,54],
[18,26,30,39,47,60],
[24,31,35,44,53,66],
[36,40,49,59,72],
[41,45,55,65,78],
[46,51,61,71,84],
[52,57,67,77,90],
[50,58,63,73,83,96],
[56,64,69,79,89,102],
[62,70,75,85,95,108],
[68,76,81,91,101,114],
[4,74,82,87,97,107],
[10,80,88,93,103,113],
[3,16,86,94,99,109],
[9,22,92,100,105,115],
[5,15,28,98,106,111],
[1,11,21,33,104,112],
[2,7,17,27,38,110]],

[[0,9,17,19,31,54],
[6,15,23,25,36,60],
[12,21,29,30,41,66],
[18,27,34,35,46,72],
[24,32,39,40,52,78],
[37,44,45,58,84],
[42,49,51,64,90],
[47,55,57,70,96],
[53,61,63,76,102],
[50,59,67,69,82,108],
[56,65,73,75,88,114],
[4,62,71,79,81,94],
[10,68,77,85,87,100],
[16,74,83,91,93,106],
[22,80,89,97,99,112],
[2,28,86,95,103,105],
[8,33,92,101,109,111],
[1,14,38,98,107,115],
[5,7,20,43,104,113],
[3,11,13,26,48,110]],

[[0,10,15,20,30,44],
[6,16,21,26,35,49],
[12,22,27,31,40,55],
[18,28,32,36,45,61],
[24,33,37,41,51,67],
[38,42,46,57,73],
[43,47,52,63,79],
[48,53,58,69,85],
[54,59,64,75,91],
[50,60,65,70,81,97],
[56,66,71,76,87,103],
[62,72,77,82,93,109],
[68,78,83,88,99,115],
[5,74,84,89,94,105],
[11,80,90,95,100,111],
[1,17,86,96,101,106],
[7,23,92,102,107,112],
[2,13,29,98,108,113],
[3,8,19,34,104,114],
[4,9,14,25,39,110]],

[[0,11,16,25,41,53],
[6,17,22,30,46,59],
[12,23,28,35,52,65],
[18,29,33,40,58,71],
[24,34,38,45,64,77],
[39,43,51,70,83],
[44,48,57,76,89],
[49,54,63,82,95],
[55,60,69,88,101],
[50,61,66,75,94,107],
[56,67,72,81,100,113],
[3,62,73,78,87,106],
[9,68,79,84,93,112],
[2,15,74,85,90,99],
[8,21,80,91,96,105],
[14,27,86,97,102,111],
[1,20,32,92,103,108],
[7,26,37,98,109,114],
[4,13,31,42,104,115],
[5,10,19,36,47,110]],

[[0,22,26,42,45,67],
[6,28,31,47,51,73],
[12,33,36,53,57,79],
[18,38,41,59,63,85],
[24,43,46,65,69,91],
[48,52,71,75,97],
[54,58,77,81,103],
[60,64,83,87,109],
[66,70,89,93,115],
[5,50,72,76,95,99],
[11,56,78,82,101,105],
[17,62,84,88,107,111],
[1,23,68,90,94,113],
[3,7,29,74,96,100],
[9,13,34,80,102,106],
[15,19,39,86,108,112],
[2,21,25,44,92,114],
[4,8,27,30,49,98],
[10,14,32,35,55,104],
[16,20,37,40,61,110]],

[[0,27,36,51,66,85],
[6,32,41,57,72,91],
[12,37,46,63,78,97],
[18,42,52,69,84,103],
[24,47,58,75,90,109],
[53,64,81,96,115],
[5,59,70,87,102],
[11,65,76,93,108],
[17,71,82,99,114],
[4,23,50,77,88,105],
[10,29,56,83,94,111],
[1,16,34,62,89,100],
[7,22,39,68,95,106],
[13,28,44,74,101,112],
[2,19,33,49,80,107],
[8,25,38,55,86,113],
[3,14,30,43,61,92],
[9,20,35,48,67,98],
[15,26,40,54,73,104],
[21,31,45,60,79,110]],

[[0,29,35,59,76,84],
[6,34,40,65,82,90],
[12,39,45,71,88,96],
[18,44,51,77,94,102],
[24,49,57,83,100,108],
[55,63,89,106,114],
[4,61,69,95,112],
[2,10,67,75,101],
[8,16,73,81,107],
[14,22,50,79,87,113],
[3,20,28,56,85,93],
[9,26,33,62,91,99],
[15,31,38,68,97,105],
[21,36,43,74,103,111],
[1,27,41,48,80,109],
[7,32,46,54,86,115],
[5,13,37,52,60,92],
[11,19,42,58,66,98],
[17,25,47,64,72,104],
[23,30,53,70,78,110]],

[[0,33,69,77,106,115],
[5,6,38,75,83,112],
[2,11,12,43,81,89],
[8,17,18,48,87,95],
[14,23,24,54,93,101],
[20,29,60,99,107],
[26,34,66,105,113],
[3,31,39,72,111],
[1,9,36,44,78],
[7,15,41,49,50,84],
[13,21,46,55,56,90],
[19,27,52,61,62,96],
[25,32,58,67,68,102],
[30,37,64,73,74,108],
[35,42,70,79,80,114],
[4,40,47,76,85,86],
[10,45,53,82,91,92],
[16,51,59,88,97,98],
[22,57,65,94,103,104],
[28,63,71,100,109,110]],

[[0,37,55,72,87,112],
[2,6,42,61,78,93],
[8,12,47,67,84,99],
[14,18,53,73,90,105],
[20,24,59,79,96,111],
[1,26,65,85,102],
[7,31,71,91,108],
[13,36,77,97,114],
[4,19,41,83,103],
[10,25,46,50,89,109],
[16,30,52,56,95,115],
[5,22,35,58,62,101],
[11,28,40,64,68,107],
[17,33,45,70,74,113],
[3,23,38,51,76,80],
[9,29,43,57,82,86],
[15,34,48,63,88,92],
[21,39,54,69,94,98],
[27,44,60,75,100,104],
[32,49,66,81,106,110]],

[[0,38,49,52,89,111],
[1,6,43,55,58,95],
[7,12,48,61,64,101],
[13,18,54,67,70,107],
[19,24,60,73,76,113],
[3,25,66,79,82],
[9,30,72,85,88],
[15,35,78,91,94],
[21,40,84,97,100],
[27,45,50,90,103,106],
[32,51,56,96,109,112],
[2,37,57,62,102,115],
[5,8,42,63,68,108],
[11,14,47,69,74,114],
[4,17,20,53,75,80],
[10,23,26,59,81,86],
[16,29,31,65,87,92],
[22,34,36,71,93,98],
[28,39,41,77,99,104],
[33,44,46,83,105,110]],

[[0,39,46,75,102,113],
[3,6,44,52,81,108],
[9,12,49,58,87,114],
[4,15,18,55,64,93],
[10,21,24,61,70,99],
[16,27,67,76,105],
[22,32,73,82,111],
[1,28,37,79,88],
[7,33,42,85,94],
[13,38,47,50,91,100],
[19,43,53,56,97,106],
[25,48,59,62,103,112],
[2,30,54,65,68,109],
[8,35,60,71,74,115],
[5,14,40,66,77,80],
[11,20,45,72,83,86],
[17,26,51,78,89,92],
[23,31,57,84,95,98],
[29,36,63,90,101,104],
[34,41,69,96,107,110]]

]
