[[[0,1,2,3,4,5],
[6,7,8,9,10,11],
[12,13,14,15,16,17],
[18,19,20,21,22,23],
[24,25,26,27,28,29],
[30,31,32,33,34,35],
[36,37,38,39,40,41],
[42,43,44,45,46],
[47,48,49,50,51],
[52,53,54,55,56],
[57,58,59,60,61],
[62,63,64,65,66],
[67,68,69,70,71],
[72,73,74,75,76],
[77,78,79,80,81],
[82,83,84,85,86],
[87,88,89,90,91],
[92,93,94,95,96],
[97,98,99,100,101],
[102,103,104,105,106],
[107,108,109,110,111],
[112,113,114,115,116]],

[[0,7,14,21,28,35],
[6,13,20,27,34,41],
[12,19,26,33,40,46],
[18,25,32,39,45,51],
[24,31,38,44,50,56],
[30,37,43,49,55,61],
[36,42,48,54,60,66],
[47,53,59,65,71],
[52,58,64,70,76],
[57,63,69,75,81],
[62,68,74,80,86],
[67,73,79,85,91],
[72,78,84,90,96],
[77,83,89,95,101],
[82,88,94,100,106],
[87,93,99,105,111],
[92,98,104,110,116],
[5,97,103,109,115],
[4,11,102,108,114],
[3,10,17,107,113],
[2,9,16,23,112],
[1,8,15,22,29]],

[[0,8,13,23,33,45],
[6,14,19,29,39,50],
[12,20,25,35,44,55],
[18,26,31,41,49,60],
[24,32,37,46,54,65],
[30,38,42,51,59,70],
[36,43,47,56,64,75],
[48,52,61,69,80],
[53,57,66,74,85],
[58,62,71,79,90],
[63,67,76,84,95],
[68,72,81,89,100],
[73,77,86,94,105],
[78,82,91,99,110],
[83,87,96,104,115],
[4,88,92,101,109],
[10,93,97,106,114],
[3,16,98,102,111],
[9,22,103,107,116],
[5,15,28,108,112],
[1,11,21,34,113],
[2,7,17,27,40]],

[[0,9,17,19,32,55],
[6,15,23,25,38,60],
[12,21,29,31,43,65],
[18,27,35,37,48,70],
[24,33,41,42,53,75],
[30,39,46,47,58,80],
[36,44,51,52,63,85],
[49,56,57,68,90],
[54,61,62,73,95],
[59,66,67,78,100],
[64,71,72,83,105],
[69,76,77,88,110],
[74,81,82,93,115],
[4,79,86,87,98],
[10,84,91,92,103],
[16,89,96,97,108],
[22,94,101,102,113],
[2,28,99,106,107],
[8,34,104,111,112],
[1,14,40,109,116],
[5,7,20,45,114],
[3,11,13,26,50]],

[[0,10,15,20,31,46],
[6,16,21,26,37,51],
[12,22,27,32,42,56],
[18,28,33,38,47,61],
[24,34,39,43,52,66],
[30,40,44,48,57,71],
[36,45,49,53,62,76],
[50,54,58,67,81],
[55,59,63,72,86],
[60,64,68,77,91],
[65,69,73,82,96],
[70,74,78,87,101],
[75,79,83,92,106],
[80,84,88,97,111],
[85,89,93,102,116],
[5,90,94,98,107],
[11,95,99,103,112],
[1,17,100,104,108],
[7,23,105,109,113],
[2,13,29,110,114],
[3,8,19,35,115],
[4,9,14,25,41]],

[[0,11,16,25,43,54],
[6,17,22,31,48,59],
[12,23,28,37,53,64],
[18,29,34,42,58,69],
[24,35,40,47,63,74],
[30,41,45,52,68,79],
[36,46,50,57,73,84],
[51,55,62,78,89],
[56,60,67,83,94],
[61,65,72,88,99],
[66,70,77,93,104],
[71,75,82,98,109],
[76,80,87,103,114],
[3,81,85,92,108],
[9,86,90,97,113],
[2,15,91,95,102],
[8,21,96,100,107],
[14,27,101,105,112],
[1,20,33,106,110],
[7,26,39,111,115],
[4,13,32,44,116],
[5,10,19,38,49]],

[[0,22,26,44,47,66],
[6,28,32,49,52,71],
[12,34,38,54,57,76],
[18,40,43,59,62,81],
[24,45,48,64,67,86],
[30,50,53,69,72,91],
[36,55,58,74,77,96],
[60,63,79,82,101],
[65,68,84,87,106],
[70,73,89,92,111],
[75,78,94,97,116],
[5,80,83,99,102],
[11,85,88,104,107],
[17,90,93,109,112],
[1,23,95,98,114],
[3,7,29,100,103],
[9,13,35,105,108],
[15,19,41,110,113],
[2,21,25,46,115],
[4,8,27,31,51],
[10,14,33,37,56],
[16,20,39,42,61]],

[[0,27,38,52,65,81],
[6,33,43,57,70,86],
[12,39,48,62,75,91],
[18,44,53,67,80,96],
[24,49,58,72,85,101],
[30,54,63,77,90,106],
[36,59,68,82,95,111],
[64,73,87,100,116],
[5,69,78,92,105],
[11,74,83,97,110],
[17,79,88,102,115],
[4,23,84,93,107],
[10,29,89,98,112],
[1,16,35,94,103],
[7,22,41,99,108],
[13,28,46,104,113],
[2,19,34,51,109],
[8,25,40,56,114],
[3,14,31,45,61],
[9,20,37,50,66],
[15,26,42,55,71],
[21,32,47,60,76]],

[[0,29,37,59,73,80],
[6,35,42,64,78,85],
[12,41,47,69,83,90],
[18,46,52,74,88,95],
[24,51,57,79,93,100],
[30,56,62,84,98,105],
[36,61,67,89,103,110],
[66,72,94,108,115],
[4,71,77,99,113],
[2,10,76,82,104],
[8,16,81,87,109],
[14,22,86,92,114],
[3,20,28,91,97],
[9,26,34,96,102],
[15,32,40,101,107],
[21,38,45,106,112],
[1,27,43,50,111],
[7,33,48,55,116],
[5,13,39,53,60],
[11,19,44,58,65],
[17,25,49,63,70],
[23,31,54,68,75]],

[[0,34,48,56,72,79],
[6,40,53,61,77,84],
[12,45,58,66,82,89],
[18,50,63,71,87,94],
[24,55,68,76,92,99],
[30,60,73,81,97,104],
[36,65,78,86,102,109],
[70,83,91,107,114],
[3,75,88,96,112],
[1,9,80,93,101],
[7,15,85,98,106],
[13,21,90,103,111],
[19,27,95,108,116],
[5,25,33,100,113],
[2,11,31,39,105],
[8,17,37,44,110],
[14,23,42,49,115],
[4,20,29,47,54],
[10,26,35,52,59],
[16,32,41,57,64],
[22,38,46,62,69],
[28,43,51,67,74]],

[[0,39,71,78,95,107],
[6,44,76,83,100,112],
[1,12,49,81,88,105],
[7,18,54,86,93,110],
[13,24,59,91,98,115],
[4,19,30,64,96,103],
[10,25,36,69,101,108],
[16,31,74,106,113],
[2,22,37,79,111],
[8,28,42,84,116],
[5,14,34,47,89],
[11,20,40,52,94],
[17,26,45,57,99],
[23,32,50,62,104],
[29,38,55,67,109],
[35,43,60,72,114],
[3,41,48,65,77],
[9,46,53,70,82],
[15,51,58,75,87],
[21,56,63,80,92],
[27,61,68,85,97],
[33,66,73,90,102]],

[[0,40,51,64,92,113],
[2,6,45,56,69,97],
[8,12,50,61,74,102],
[14,18,55,66,79,107],
[20,24,60,71,84,112],
[1,26,30,65,76,89],
[7,32,36,70,81,94],
[13,38,75,86,99],
[19,43,80,91,104],
[25,48,85,96,109],
[31,53,90,101,114],
[3,37,58,95,106],
[9,42,63,100,111],
[15,47,68,105,116],
[5,21,52,73,110],
[11,27,57,78,115],
[4,17,33,62,83],
[10,23,39,67,88],
[16,29,44,72,93],
[22,35,49,77,98],
[28,41,54,82,103],
[34,46,59,87,108]],

[[0,41,58,84,100,102],
[6,46,63,89,105,107],
[12,51,68,94,110,112],
[1,18,56,73,99,115],
[4,7,24,61,78,104],
[10,13,30,66,83,109],
[16,19,36,71,88,114],
[3,22,25,76,93],
[9,28,31,81,98],
[15,34,37,86,103],
[21,40,42,91,108],
[27,45,47,96,113],
[2,33,50,52,101],
[8,39,55,57,106],
[14,44,60,62,111],
[20,49,65,67,116],
[5,26,54,70,72],
[11,32,59,75,77],
[17,38,64,80,82],
[23,43,69,85,87],
[29,48,74,90,92],
[35,53,79,95,97]],

[[0,42,50,68,96,114],
[3,6,47,55,73,101],
[9,12,52,60,78,106],
[15,18,57,65,83,111],
[21,24,62,70,88,116],
[5,27,30,67,75,93],
[11,33,36,72,80,98],
[17,39,77,85,103],
[23,44,82,90,108],
[29,49,87,95,113],
[2,35,54,92,100],
[8,41,59,97,105],
[14,46,64,102,110],
[20,51,69,107,115],
[4,26,56,74,112],
[1,10,32,61,79],
[7,16,38,66,84],
[13,22,43,71,89],
[19,28,48,76,94],
[25,34,53,81,99],
[31,40,58,86,104],
[37,45,63,91,109]]

]
