[[[0,1,2,3,4,5],
[6,7,8,9,10,11],
[12,13,14,15,16,17],
[18,19,20,21,22,23],
[24,25,26,27,28,29],
[30,31,32,33,34,35],
[36,37,38,39,40],
[41,42,43,44,45],
[46,47,48,49,50],
[51,52,53,54,55,56],
[57,58,59,60,61,62],
[63,64,65,66,67,68],
[69,70,71,72,73,74],
[75,76,77,78,79,80],
[81,82,83,84,85,86],
[87,88,89,90,91,92],
[93,94,95,96,97,98],
[99,100,101,102,103,104],
[105,106,107,108,109,110],
[111,112,113,114,115,116]],

[[0,7,14,21,28,35],
[6,13,20,27,34,40],
[12,19,26,33,39,45],
[18,25,32,38,44,50],
[24,31,37,43,49,56],
[30,36,42,48,55,62],
[41,47,54,61,68],
[46,53,60,67,74],
[52,59,66,73,80],
[51,58,65,72,79,86],
[57,64,71,78,85,92],
[63,70,77,84,91,98],
[69,76,83,90,97,104],
[75,82,89,96,103,110],
[81,88,95,102,109,116],
[5,87,94,101,108,115],
[4,11,93,100,107,114],
[3,10,17,99,106,113],
[2,9,16,23,105,112],
[1,8,15,22,29,111]],

[[0,8,13,23,33,44],
[6,14,19,29,38,49],
[12,20,25,35,43,55],
[18,26,31,40,48,61],
[24,32,36,45,54,67],
[30,37,41,50,60,73],
[42,46,56,66,79],
[47,52,62,72,85],
[53,58,68,78,91],
[51,59,64,74,84,97],
[57,65,70,80,90,103],
[63,71,76,86,96,109],
[69,77,82,92,102,115],
[4,75,83,88,98,108],
[10,81,89,94,104,114],
[3,16,87,95,100,110],
[9,22,93,101,106,116],
[5,15,28,99,107,112],
[1,11,21,34,105,113],
[2,7,17,27,39,111]],

[[0,9,17,19,32,55],
[6,15,23,25,37,61],
[12,21,29,31,42,67],
[18,27,35,36,47,73],
[24,33,40,41,53,79],
[30,38,45,46,59,85],
[43,50,52,65,91],
[48,56,58,71,97],
[54,62,64,77,103],
[51,60,68,70,83,109],
[57,66,74,76,89,115],
[4,63,72,80,82,95],
[10,69,78,86,88,101],
[16,75,84,92,94,107],
[22,81,90,98,100,113],
[2,28,87,96,104,106],
[8,34,93,102,110,112],
[1,14,39,99,108,116],
[5,7,20,44,105,114],
[3,11,13,26,49,111]],

[[0,10,15,20,31,45],
[6,16,21,26,36,50],
[12,22,27,32,41,56],
[18,28,33,37,46,62],
[24,34,38,42,52,68],
[30,39,43,47,58,74],
[44,48,53,64,80],
[49,54,59,70,86],
[55,60,65,76,92],
[51,61,66,71,82,98],
[57,67,72,77,88,104],
[63,73,78,83,94,110],
[69,79,84,89,100,116],
[5,75,85,90,95,106],
[11,81,91,96,101,112],
[1,17,87,97,102,107],
[7,23,93,103,108,113],
[2,13,29,99,109,114],
[3,8,19,35,105,115],
[4,9,14,25,40,111]],

[[0,11,16,25,42,54],
[6,17,22,31,47,60],
[12,23,28,36,53,66],
[18,29,34,41,59,72],
[24,35,39,46,65,78],
[30,40,44,52,71,84],
[45,49,58,77,90],
[50,55,64,83,96],
[56,61,70,89,102],
[51,62,67,76,95,108],
[57,68,73,82,101,114],
[3,63,74,79,88,107],
[9,69,80,85,94,113],
[2,15,75,86,91,100],
[8,21,81,92,97,106],
[14,27,87,98,103,112],
[1,20,33,93,104,109],
[7,26,38,99,110,115],
[4,13,32,43,105,116],
[5,10,19,37,48,111]],

[[0,22,26,43,46,68],
[6,28,32,48,52,74],
[12,34,37,54,58,80],
[18,39,42,60,64,86],
[24,44,47,66,70,92],
[30,49,53,72,76,98],
[55,59,78,82,104],
[61,65,84,88,110],
[67,71,90,94,116],
[5,51,73,77,96,100],
[11,57,79,83,102,106],
[17,63,85,89,108,112],
[1,23,69,91,95,114],
[3,7,29,75,97,101],
[9,13,35,81,103,107],
[15,19,40,87,109,113],
[2,21,25,45,93,115],
[4,8,27,31,50,99],
[10,14,33,36,56,105],
[16,20,38,41,62,111]],

[[0,27,37,52,67,86],
[6,33,42,58,73,92],
[12,38,47,64,79,98],
[18,43,53,70,85,104],
[24,48,59,76,91,110],
[30,54,65,82,97,116],
[5,60,71,88,103],
[11,66,77,94,109],
[17,72,83,100,115],
[4,23,51,78,89,106],
[10,29,57,84,95,112],
[1,16,35,63,90,101],
[7,22,40,69,96,107],
[13,28,45,75,102,113],
[2,19,34,50,81,108],
[8,25,39,56,87,114],
[3,14,31,44,62,93],
[9,20,36,49,68,99],
[15,26,41,55,74,105],
[21,32,46,61,80,111]],

[[0,29,36,60,77,85],
[6,35,41,66,83,91],
[12,40,46,72,89,97],
[18,45,52,78,95,103],
[24,50,58,84,101,109],
[30,56,64,90,107,115],
[4,62,70,96,113],
[2,10,68,76,102],
[8,16,74,82,108],
[14,22,51,80,88,114],
[3,20,28,57,86,94],
[9,26,34,63,92,100],
[15,32,39,69,98,106],
[21,37,44,75,104,112],
[1,27,42,49,81,110],
[7,33,47,55,87,116],
[5,13,38,53,61,93],
[11,19,43,59,67,99],
[17,25,48,65,73,105],
[23,31,54,71,79,111]],

[[0,34,70,78,107,116],
[5,6,39,76,84,113],
[2,11,12,44,82,90],
[8,17,18,49,88,96],
[14,23,24,55,94,102],
[20,29,30,61,100,108],
[26,35,67,106,114],
[3,32,40,73,112],
[1,9,37,45,79],
[7,15,42,50,51,85],
[13,21,47,56,57,91],
[19,27,53,62,63,97],
[25,33,59,68,69,103],
[31,38,65,74,75,109],
[36,43,71,80,81,115],
[4,41,48,77,86,87],
[10,46,54,83,92,93],
[16,52,60,89,98,99],
[22,58,66,95,104,105],
[28,64,72,101,110,111]],

[[0,38,56,73,88,113],
[2,6,43,62,79,94],
[8,12,48,68,85,100],
[14,18,54,74,91,106],
[20,24,60,80,97,112],
[1,26,30,66,86,103],
[7,32,72,92,109],
[13,37,78,98,115],
[4,19,42,84,104],
[10,25,47,51,90,110],
[16,31,53,57,96,116],
[5,22,36,59,63,102],
[11,28,41,65,69,108],
[17,34,46,71,75,114],
[3,23,39,52,77,81],
[9,29,44,58,83,87],
[15,35,49,64,89,93],
[21,40,55,70,95,99],
[27,45,61,76,101,105],
[33,50,67,82,107,111]],

[[0,39,50,53,90,112],
[1,6,44,56,59,96],
[7,12,49,62,65,102],
[13,18,55,68,71,108],
[19,24,61,74,77,114],
[3,25,30,67,80,83],
[9,31,73,86,89],
[15,36,79,92,95],
[21,41,85,98,101],
[27,46,51,91,104,107],
[33,52,57,97,110,113],
[2,38,58,63,103,116],
[5,8,43,64,69,109],
[11,14,48,70,75,115],
[4,17,20,54,76,81],
[10,23,26,60,82,87],
[16,29,32,66,88,93],
[22,35,37,72,94,99],
[28,40,42,78,100,105],
[34,45,47,84,106,111]],

[[0,40,47,76,103,114],
[3,6,45,53,82,109],
[9,12,50,59,88,115],
[4,15,18,56,65,94],
[10,21,24,62,71,100],
[16,27,30,68,77,106],
[22,33,74,83,112],
[1,28,38,80,89],
[7,34,43,86,95],
[13,39,48,51,92,101],
[19,44,54,57,98,107],
[25,49,60,63,104,113],
[2,31,55,66,69,110],
[8,36,61,72,75,116],
[5,14,41,67,78,81],
[11,20,46,73,84,87],
[17,26,52,79,90,93],
[23,32,58,85,96,99],
[29,37,64,91,102,105],
[35,42,70,97,108,111]]

]
