[[[2,28,77],
[26,52,101],
[5,50,76],
[29,74,100],
[4,53,98],
[12,38,87],
[36,62,111],
[15,60,86],
[39,84,110],
[14,63,108],
[21,47,88],
[45,71,112],
[16,69,95],
[40,93,119],
[23,64,117],
[7,33,90],
[31,57,114],
[18,55,81],
[42,79,105],
[9,66,103],
[6,24,73],
[30,48,97],
[1,54,72],
[25,78,96],
[0,49,102],
[8,34,83],
[32,58,107],
[11,56,82],
[35,80,106],
[10,59,104],
[17,43,92],
[41,67,116],
[20,65,91],
[44,89,115],
[19,68,113],
[3,37,94],
[27,61,118],
[22,51,85],
[46,75,109],
[13,70,99]],

[[2,29,52],
[26,53,76],
[50,77,100],
[4,74,101],
[5,28,98],
[12,39,62],
[36,63,86],
[60,87,110],
[14,84,111],
[15,38,108],
[21,40,71],
[45,64,95],
[69,88,119],
[23,93,112],
[16,47,117],
[7,42,57],
[31,66,81],
[55,90,105],
[9,79,114],
[18,33,103],
[6,25,48],
[30,49,72],
[54,73,96],
[0,78,97],
[1,24,102],
[8,35,58],
[32,59,82],
[56,83,106],
[10,80,107],
[11,34,104],
[17,44,67],
[41,68,91],
[65,92,115],
[19,89,116],
[20,43,113],
[3,46,61],
[27,70,85],
[51,94,109],
[13,75,118],
[22,37,99]],

[[2,76,101],
[5,26,100],
[4,29,50],
[28,53,74],
[52,77,98],
[12,86,111],
[15,36,110],
[14,39,60],
[38,63,84],
[62,87,108],
[21,95,112],
[16,45,119],
[23,40,69],
[47,64,93],
[71,88,117],
[7,81,114],
[18,31,105],
[9,42,55],
[33,66,79],
[57,90,103],
[6,72,97],
[1,30,96],
[0,25,54],
[24,49,78],
[48,73,102],
[8,82,107],
[11,32,106],
[10,35,56],
[34,59,80],
[58,83,104],
[17,91,116],
[20,41,115],
[19,44,65],
[43,68,89],
[67,92,113],
[3,85,118],
[22,27,109],
[13,46,51],
[37,70,75],
[61,94,99]],

[[2,53,100],
[4,26,77],
[28,50,101],
[5,52,74],
[29,76,98],
[12,63,110],
[14,36,87],
[38,60,111],
[15,62,84],
[39,86,108],
[21,64,119],
[23,45,88],
[47,69,112],
[16,71,93],
[40,95,117],
[7,66,105],
[9,31,90],
[33,55,114],
[18,57,79],
[42,81,103],
[6,49,96],
[0,30,73],
[24,54,97],
[1,48,78],
[25,72,102],
[8,59,106],
[10,32,83],
[34,56,107],
[11,58,80],
[35,82,104],
[17,68,115],
[19,41,92],
[43,65,116],
[20,67,89],
[44,91,113],
[3,70,109],
[13,27,94],
[37,51,118],
[22,61,75],
[46,85,99]],

[[3,29,78],
[27,53,102],
[6,51,77],
[30,75,101],
[5,54,99],
[13,39,80],
[37,63,104],
[8,61,87],
[32,85,111],
[15,56,109],
[22,40,89],
[46,64,113],
[17,70,88],
[41,94,112],
[16,65,118],
[0,34,91],
[24,58,115],
[19,48,82],
[43,72,106],
[10,67,96],
[7,25,74],
[31,49,98],
[2,55,73],
[26,79,97],
[1,50,103],
[9,35,84],
[33,59,108],
[12,57,83],
[36,81,107],
[11,60,105],
[18,44,93],
[42,68,117],
[21,66,92],
[45,90,116],
[20,69,114],
[4,38,95],
[28,62,119],
[23,52,86],
[47,76,110],
[14,71,100]],

[[3,30,53],
[27,54,77],
[51,78,101],
[5,75,102],
[6,29,99],
[13,32,63],
[37,56,87],
[61,80,111],
[15,85,104],
[8,39,109],
[22,41,64],
[46,65,88],
[70,89,112],
[16,94,113],
[17,40,118],
[0,43,58],
[24,67,82],
[48,91,106],
[10,72,115],
[19,34,96],
[7,26,49],
[31,50,73],
[55,74,97],
[1,79,98],
[2,25,103],
[9,36,59],
[33,60,83],
[57,84,107],
[11,81,108],
[12,35,105],
[18,45,68],
[42,69,92],
[66,93,116],
[20,90,117],
[21,44,114],
[4,47,62],
[28,71,86],
[52,95,110],
[14,76,119],
[23,38,100]],

[[3,77,102],
[6,27,101],
[5,30,51],
[29,54,75],
[53,78,99],
[13,87,104],
[8,37,111],
[15,32,61],
[39,56,85],
[63,80,109],
[22,88,113],
[17,46,112],
[16,41,70],
[40,65,94],
[64,89,118],
[0,82,115],
[19,24,106],
[10,43,48],
[34,67,72],
[58,91,96],
[7,73,98],
[2,31,97],
[1,26,55],
[25,50,79],
[49,74,103],
[9,83,108],
[12,33,107],
[11,36,57],
[35,60,81],
[59,84,105],
[18,92,117],
[21,42,116],
[20,45,66],
[44,69,90],
[68,93,114],
[4,86,119],
[23,28,110],
[14,47,52],
[38,71,76],
[62,95,100]],

[[3,54,101],
[5,27,78],
[29,51,102],
[6,53,75],
[30,77,99],
[13,56,111],
[15,37,80],
[39,61,104],
[8,63,85],
[32,87,109],
[22,65,112],
[16,46,89],
[40,70,113],
[17,64,94],
[41,88,118],
[0,67,106],
[10,24,91],
[34,48,115],
[19,58,72],
[43,82,96],
[7,50,97],
[1,31,74],
[25,55,98],
[2,49,79],
[26,73,103],
[9,60,107],
[11,33,84],
[35,57,108],
[12,59,81],
[36,83,105],
[18,69,116],
[20,42,93],
[44,66,117],
[21,68,90],
[45,92,114],
[4,71,110],
[14,28,95],
[38,52,119],
[23,62,76],
[47,86,100]],

[[4,30,79],
[28,54,103],
[7,52,78],
[31,76,102],
[6,55,100],
[14,32,81],
[38,56,105],
[9,62,80],
[33,86,104],
[8,57,110],
[23,41,90],
[47,65,114],
[18,71,89],
[42,95,113],
[17,66,119],
[1,35,92],
[25,59,116],
[20,49,83],
[44,73,107],
[11,68,97],
[0,26,75],
[24,50,99],
[3,48,74],
[27,72,98],
[2,51,96],
[10,36,85],
[34,60,109],
[13,58,84],
[37,82,108],
[12,61,106],
[19,45,94],
[43,69,118],
[22,67,93],
[46,91,117],
[21,70,115],
[5,39,88],
[29,63,112],
[16,53,87],
[40,77,111],
[15,64,101]],

[[4,31,54],
[28,55,78],
[52,79,102],
[6,76,103],
[7,30,100],
[14,33,56],
[38,57,80],
[62,81,104],
[8,86,105],
[9,32,110],
[23,42,65],
[47,66,89],
[71,90,113],
[17,95,114],
[18,41,119],
[1,44,59],
[25,68,83],
[49,92,107],
[11,73,116],
[20,35,97],
[0,27,50],
[24,51,74],
[48,75,98],
[2,72,99],
[3,26,96],
[10,37,60],
[34,61,84],
[58,85,108],
[12,82,109],
[13,36,106],
[19,46,69],
[43,70,93],
[67,94,117],
[21,91,118],
[22,45,115],
[5,40,63],
[29,64,87],
[53,88,111],
[15,77,112],
[16,39,101]],

[[4,78,103],
[7,28,102],
[6,31,52],
[30,55,76],
[54,79,100],
[14,80,105],
[9,38,104],
[8,33,62],
[32,57,86],
[56,81,110],
[23,89,114],
[18,47,113],
[17,42,71],
[41,66,95],
[65,90,119],
[1,83,116],
[20,25,107],
[11,44,49],
[35,68,73],
[59,92,97],
[0,74,99],
[3,24,98],
[2,27,48],
[26,51,72],
[50,75,96],
[10,84,109],
[13,34,108],
[12,37,58],
[36,61,82],
[60,85,106],
[19,93,118],
[22,43,117],
[21,46,67],
[45,70,91],
[69,94,115],
[5,87,112],
[16,29,111],
[15,40,53],
[39,64,77],
[63,88,101]],

[[4,55,102],
[6,28,79],
[30,52,103],
[7,54,76],
[31,78,100],
[14,57,104],
[8,38,81],
[32,62,105],
[9,56,86],
[33,80,110],
[23,66,113],
[17,47,90],
[41,71,114],
[18,65,95],
[42,89,119],
[1,68,107],
[11,25,92],
[35,49,116],
[20,59,73],
[44,83,97],
[0,51,98],
[2,24,75],
[26,48,99],
[3,50,72],
[27,74,96],
[10,61,108],
[12,34,85],
[36,58,109],
[13,60,82],
[37,84,106],
[19,70,117],
[21,43,94],
[45,67,118],
[22,69,91],
[46,93,115],
[5,64,111],
[15,29,88],
[39,53,112],
[16,63,77],
[40,87,101]],

[[5,31,72],
[29,55,96],
[0,53,79],
[24,77,103],
[7,48,101],
[15,33,82],
[39,57,106],
[10,63,81],
[34,87,105],
[9,58,111],
[16,42,91],
[40,66,115],
[19,64,90],
[43,88,114],
[18,67,112],
[2,36,93],
[26,60,117],
[21,50,84],
[45,74,108],
[12,69,98],
[1,27,76],
[25,51,100],
[4,49,75],
[28,73,99],
[3,52,97],
[11,37,86],
[35,61,110],
[14,59,85],
[38,83,109],
[13,62,107],
[20,46,95],
[44,70,119],
[23,68,94],
[47,92,118],
[22,71,116],
[6,32,89],
[30,56,113],
[17,54,80],
[41,78,104],
[8,65,102]],

[[5,24,55],
[29,48,79],
[53,72,103],
[7,77,96],
[0,31,101],
[15,34,57],
[39,58,81],
[63,82,105],
[9,87,106],
[10,33,111],
[16,43,66],
[40,67,90],
[64,91,114],
[18,88,115],
[19,42,112],
[2,45,60],
[26,69,84],
[50,93,108],
[12,74,117],
[21,36,98],
[1,28,51],
[25,52,75],
[49,76,99],
[3,73,100],
[4,27,97],
[11,38,61],
[35,62,85],
[59,86,109],
[13,83,110],
[14,37,107],
[20,47,70],
[44,71,94],
[68,95,118],
[22,92,119],
[23,46,116],
[6,41,56],
[30,65,80],
[54,89,104],
[8,78,113],
[17,32,102]],

[[5,79,96],
[0,29,103],
[7,24,53],
[31,48,77],
[55,72,101],
[15,81,106],
[10,39,105],
[9,34,63],
[33,58,87],
[57,82,111],
[16,90,115],
[19,40,114],
[18,43,64],
[42,67,88],
[66,91,112],
[2,84,117],
[21,26,108],
[12,45,50],
[36,69,74],
[60,93,98],
[1,75,100],
[4,25,99],
[3,28,49],
[27,52,73],
[51,76,97],
[11,85,110],
[14,35,109],
[13,38,59],
[37,62,83],
[61,86,107],
[20,94,119],
[23,44,118],
[22,47,68],
[46,71,92],
[70,95,116],
[6,80,113],
[17,30,104],
[8,41,54],
[32,65,78],
[56,89,102]],

[[5,48,103],
[7,29,72],
[31,53,96],
[0,55,77],
[24,79,101],
[15,58,105],
[9,39,82],
[33,63,106],
[10,57,87],
[34,81,111],
[16,67,114],
[18,40,91],
[42,64,115],
[19,66,88],
[43,90,112],
[2,69,108],
[12,26,93],
[36,50,117],
[21,60,74],
[45,84,98],
[1,52,99],
[3,25,76],
[27,49,100],
[4,51,73],
[28,75,97],
[11,62,109],
[13,35,86],
[37,59,110],
[14,61,83],
[38,85,107],
[20,71,118],
[22,44,95],
[46,68,119],
[23,70,92],
[47,94,116],
[6,65,104],
[8,30,89],
[32,54,113],
[17,56,78],
[41,80,102]],

[[0,33,95],
[24,57,119],
[23,48,81],
[47,72,105],
[9,71,96],
[1,34,88],
[25,58,112],
[16,49,82],
[40,73,106],
[10,64,97],
[2,35,89],
[26,59,113],
[17,50,83],
[41,74,107],
[11,65,98],
[3,36,90],
[27,60,114],
[18,51,84],
[42,75,108],
[12,66,99],
[4,37,91],
[28,61,115],
[19,52,85],
[43,76,109],
[13,67,100],
[5,38,92],
[29,62,116],
[20,53,86],
[44,77,110],
[14,68,101],
[6,39,93],
[30,63,117],
[21,54,87],
[45,78,111],
[15,69,102],
[7,32,94],
[31,56,118],
[22,55,80],
[46,79,104],
[8,70,103]],

[[0,47,57],
[24,71,81],
[48,95,105],
[9,72,119],
[23,33,96],
[1,40,58],
[25,64,82],
[49,88,106],
[10,73,112],
[16,34,97],
[2,41,59],
[26,65,83],
[50,89,107],
[11,74,113],
[17,35,98],
[3,42,60],
[27,66,84],
[51,90,108],
[12,75,114],
[18,36,99],
[4,43,61],
[28,67,85],
[52,91,109],
[13,76,115],
[19,37,100],
[5,44,62],
[29,68,86],
[53,92,110],
[14,77,116],
[20,38,101],
[6,45,63],
[30,69,87],
[54,93,111],
[15,78,117],
[21,39,102],
[7,46,56],
[31,70,80],
[55,94,104],
[8,79,118],
[22,32,103]],

[[0,81,119],
[23,24,105],
[9,47,48],
[33,71,72],
[57,95,96],
[1,82,112],
[16,25,106],
[10,40,49],
[34,64,73],
[58,88,97],
[2,83,113],
[17,26,107],
[11,41,50],
[35,65,74],
[59,89,98],
[3,84,114],
[18,27,108],
[12,42,51],
[36,66,75],
[60,90,99],
[4,85,115],
[19,28,109],
[13,43,52],
[37,67,76],
[61,91,100],
[5,86,116],
[20,29,110],
[14,44,53],
[38,68,77],
[62,92,101],
[6,87,117],
[21,30,111],
[15,45,54],
[39,69,78],
[63,93,102],
[7,80,118],
[22,31,104],
[8,46,55],
[32,70,79],
[56,94,103]],

[[0,71,105],
[9,24,95],
[33,48,119],
[23,57,72],
[47,81,96],
[1,64,106],
[10,25,88],
[34,49,112],
[16,58,73],
[40,82,97],
[2,65,107],
[11,26,89],
[35,50,113],
[17,59,74],
[41,83,98],
[3,66,108],
[12,27,90],
[36,51,114],
[18,60,75],
[42,84,99],
[4,67,109],
[13,28,91],
[37,52,115],
[19,61,76],
[43,85,100],
[5,68,110],
[14,29,92],
[38,53,116],
[20,62,77],
[44,86,101],
[6,69,111],
[15,30,93],
[39,54,117],
[21,63,78],
[45,87,102],
[7,70,104],
[8,31,94],
[32,55,118],
[22,56,79],
[46,80,103]],

[[0,38,89],
[24,62,113],
[17,48,86],
[41,72,110],
[14,65,96],
[1,39,90],
[25,63,114],
[18,49,87],
[42,73,111],
[15,66,97],
[2,32,91],
[26,56,115],
[19,50,80],
[43,74,104],
[8,67,98],
[3,33,92],
[27,57,116],
[20,51,81],
[44,75,105],
[9,68,99],
[4,34,93],
[28,58,117],
[21,52,82],
[45,76,106],
[10,69,100],
[5,35,94],
[29,59,118],
[22,53,83],
[46,77,107],
[11,70,101],
[6,36,95],
[30,60,119],
[23,54,84],
[47,78,108],
[12,71,102],
[7,37,88],
[31,61,112],
[16,55,85],
[40,79,109],
[13,64,103]],

[[0,41,62],
[24,65,86],
[48,89,110],
[14,72,113],
[17,38,96],
[1,42,63],
[25,66,87],
[49,90,111],
[15,73,114],
[18,39,97],
[2,43,56],
[26,67,80],
[50,91,104],
[8,74,115],
[19,32,98],
[3,44,57],
[27,68,81],
[51,92,105],
[9,75,116],
[20,33,99],
[4,45,58],
[28,69,82],
[52,93,106],
[10,76,117],
[21,34,100],
[5,46,59],
[29,70,83],
[53,94,107],
[11,77,118],
[22,35,101],
[6,47,60],
[30,71,84],
[54,95,108],
[12,78,119],
[23,36,102],
[7,40,61],
[31,64,85],
[55,88,109],
[13,79,112],
[16,37,103]],

[[0,86,113],
[17,24,110],
[14,41,48],
[38,65,72],
[62,89,96],
[1,87,114],
[18,25,111],
[15,42,49],
[39,66,73],
[63,90,97],
[2,80,115],
[19,26,104],
[8,43,50],
[32,67,74],
[56,91,98],
[3,81,116],
[20,27,105],
[9,44,51],
[33,68,75],
[57,92,99],
[4,82,117],
[21,28,106],
[10,45,52],
[34,69,76],
[58,93,100],
[5,83,118],
[22,29,107],
[11,46,53],
[35,70,77],
[59,94,101],
[6,84,119],
[23,30,108],
[12,47,54],
[36,71,78],
[60,95,102],
[7,85,112],
[16,31,109],
[13,40,55],
[37,64,79],
[61,88,103]],

[[0,65,110],
[14,24,89],
[38,48,113],
[17,62,72],
[41,86,96],
[1,66,111],
[15,25,90],
[39,49,114],
[18,63,73],
[42,87,97],
[2,67,104],
[8,26,91],
[32,50,115],
[19,56,74],
[43,80,98],
[3,68,105],
[9,27,92],
[33,51,116],
[20,57,75],
[44,81,99],
[4,69,106],
[10,28,93],
[34,52,117],
[21,58,76],
[45,82,100],
[5,70,107],
[11,29,94],
[35,53,118],
[22,59,77],
[46,83,101],
[6,71,108],
[12,30,95],
[36,54,119],
[23,60,78],
[47,84,102],
[7,64,109],
[13,31,88],
[37,55,112],
[16,61,79],
[40,85,103]],

[[0,35,93],
[24,59,117],
[21,48,83],
[45,72,107],
[11,69,96],
[1,36,94],
[25,60,118],
[22,49,84],
[46,73,108],
[12,70,97],
[2,37,95],
[26,61,119],
[23,50,85],
[47,74,109],
[13,71,98],
[3,38,88],
[27,62,112],
[16,51,86],
[40,75,110],
[14,64,99],
[4,39,89],
[28,63,113],
[17,52,87],
[41,76,111],
[15,65,100],
[5,32,90],
[29,56,114],
[18,53,80],
[42,77,104],
[8,66,101],
[6,33,91],
[30,57,115],
[19,54,81],
[43,78,105],
[9,67,102],
[7,34,92],
[31,58,116],
[20,55,82],
[44,79,106],
[10,68,103]],

[[0,45,59],
[24,69,83],
[48,93,107],
[11,72,117],
[21,35,96],
[1,46,60],
[25,70,84],
[49,94,108],
[12,73,118],
[22,36,97],
[2,47,61],
[26,71,85],
[50,95,109],
[13,74,119],
[23,37,98],
[3,40,62],
[27,64,86],
[51,88,110],
[14,75,112],
[16,38,99],
[4,41,63],
[28,65,87],
[52,89,111],
[15,76,113],
[17,39,100],
[5,42,56],
[29,66,80],
[53,90,104],
[8,77,114],
[18,32,101],
[6,43,57],
[30,67,81],
[54,91,105],
[9,78,115],
[19,33,102],
[7,44,58],
[31,68,82],
[55,92,106],
[10,79,116],
[20,34,103]],

[[0,83,117],
[21,24,107],
[11,45,48],
[35,69,72],
[59,93,96],
[1,84,118],
[22,25,108],
[12,46,49],
[36,70,73],
[60,94,97],
[2,85,119],
[23,26,109],
[13,47,50],
[37,71,74],
[61,95,98],
[3,86,112],
[16,27,110],
[14,40,51],
[38,64,75],
[62,88,99],
[4,87,113],
[17,28,111],
[15,41,52],
[39,65,76],
[63,89,100],
[5,80,114],
[18,29,104],
[8,42,53],
[32,66,77],
[56,90,101],
[6,81,115],
[19,30,105],
[9,43,54],
[33,67,78],
[57,91,102],
[7,82,116],
[20,31,106],
[10,44,55],
[34,68,79],
[58,92,103]],

[[0,69,107],
[11,24,93],
[35,48,117],
[21,59,72],
[45,83,96],
[1,70,108],
[12,25,94],
[36,49,118],
[22,60,73],
[46,84,97],
[2,71,109],
[13,26,95],
[37,50,119],
[23,61,74],
[47,85,98],
[3,64,110],
[14,27,88],
[38,51,112],
[16,62,75],
[40,86,99],
[4,65,111],
[15,28,89],
[39,52,113],
[17,63,76],
[41,87,100],
[5,66,104],
[8,29,90],
[32,53,114],
[18,56,77],
[42,80,101],
[6,67,105],
[9,30,91],
[33,54,115],
[19,57,78],
[43,81,102],
[7,68,106],
[10,31,92],
[34,55,116],
[20,58,79],
[44,82,103]],

[[0,37,90],
[24,61,114],
[18,48,85],
[42,72,109],
[13,66,96],
[1,38,91],
[25,62,115],
[19,49,86],
[43,73,110],
[14,67,97],
[2,39,92],
[26,63,116],
[20,50,87],
[44,74,111],
[15,68,98],
[3,32,93],
[27,56,117],
[21,51,80],
[45,75,104],
[8,69,99],
[4,33,94],
[28,57,118],
[22,52,81],
[46,76,105],
[9,70,100],
[5,34,95],
[29,58,119],
[23,53,82],
[47,77,106],
[10,71,101],
[6,35,88],
[30,59,112],
[16,54,83],
[40,78,107],
[11,64,102],
[7,36,89],
[31,60,113],
[17,55,84],
[41,79,108],
[12,65,103]],

[[0,42,61],
[24,66,85],
[48,90,109],
[13,72,114],
[18,37,96],
[1,43,62],
[25,67,86],
[49,91,110],
[14,73,115],
[19,38,97],
[2,44,63],
[26,68,87],
[50,92,111],
[15,74,116],
[20,39,98],
[3,45,56],
[27,69,80],
[51,93,104],
[8,75,117],
[21,32,99],
[4,46,57],
[28,70,81],
[52,94,105],
[9,76,118],
[22,33,100],
[5,47,58],
[29,71,82],
[53,95,106],
[10,77,119],
[23,34,101],
[6,40,59],
[30,64,83],
[54,88,107],
[11,78,112],
[16,35,102],
[7,41,60],
[31,65,84],
[55,89,108],
[12,79,113],
[17,36,103]],

[[0,85,114],
[18,24,109],
[13,42,48],
[37,66,72],
[61,90,96],
[1,86,115],
[19,25,110],
[14,43,49],
[38,67,73],
[62,91,97],
[2,87,116],
[20,26,111],
[15,44,50],
[39,68,74],
[63,92,98],
[3,80,117],
[21,27,104],
[8,45,51],
[32,69,75],
[56,93,99],
[4,81,118],
[22,28,105],
[9,46,52],
[33,70,76],
[57,94,100],
[5,82,119],
[23,29,106],
[10,47,53],
[34,71,77],
[58,95,101],
[6,83,112],
[16,30,107],
[11,40,54],
[35,64,78],
[59,88,102],
[7,84,113],
[17,31,108],
[12,41,55],
[36,65,79],
[60,89,103]],

[[0,66,109],
[13,24,90],
[37,48,114],
[18,61,72],
[42,85,96],
[1,67,110],
[14,25,91],
[38,49,115],
[19,62,73],
[43,86,97],
[2,68,111],
[15,26,92],
[39,50,116],
[20,63,74],
[44,87,98],
[3,69,104],
[8,27,93],
[32,51,117],
[21,56,75],
[45,80,99],
[4,70,105],
[9,28,94],
[33,52,118],
[22,57,76],
[46,81,100],
[5,71,106],
[10,29,95],
[34,53,119],
[23,58,77],
[47,82,101],
[6,64,107],
[11,30,88],
[35,54,112],
[16,59,78],
[40,83,102],
[7,65,108],
[12,31,89],
[36,55,113],
[17,60,79],
[41,84,103]],

[[0,39,94],
[24,63,118],
[22,48,87],
[46,72,111],
[15,70,96],
[1,32,95],
[25,56,119],
[23,49,80],
[47,73,104],
[8,71,97],
[2,33,88],
[26,57,112],
[16,50,81],
[40,74,105],
[9,64,98],
[3,34,89],
[27,58,113],
[17,51,82],
[41,75,106],
[10,65,99],
[4,35,90],
[28,59,114],
[18,52,83],
[42,76,107],
[11,66,100],
[5,36,91],
[29,60,115],
[19,53,84],
[43,77,108],
[12,67,101],
[6,37,92],
[30,61,116],
[20,54,85],
[44,78,109],
[13,68,102],
[7,38,93],
[31,62,117],
[21,55,86],
[45,79,110],
[14,69,103]],

[[0,46,63],
[24,70,87],
[48,94,111],
[15,72,118],
[22,39,96],
[1,47,56],
[25,71,80],
[49,95,104],
[8,73,119],
[23,32,97],
[2,40,57],
[26,64,81],
[50,88,105],
[9,74,112],
[16,33,98],
[3,41,58],
[27,65,82],
[51,89,106],
[10,75,113],
[17,34,99],
[4,42,59],
[28,66,83],
[52,90,107],
[11,76,114],
[18,35,100],
[5,43,60],
[29,67,84],
[53,91,108],
[12,77,115],
[19,36,101],
[6,44,61],
[30,68,85],
[54,92,109],
[13,78,116],
[20,37,102],
[7,45,62],
[31,69,86],
[55,93,110],
[14,79,117],
[21,38,103]],

[[0,87,118],
[22,24,111],
[15,46,48],
[39,70,72],
[63,94,96],
[1,80,119],
[23,25,104],
[8,47,49],
[32,71,73],
[56,95,97],
[2,81,112],
[16,26,105],
[9,40,50],
[33,64,74],
[57,88,98],
[3,82,113],
[17,27,106],
[10,41,51],
[34,65,75],
[58,89,99],
[4,83,114],
[18,28,107],
[11,42,52],
[35,66,76],
[59,90,100],
[5,84,115],
[19,29,108],
[12,43,53],
[36,67,77],
[60,91,101],
[6,85,116],
[20,30,109],
[13,44,54],
[37,68,78],
[61,92,102],
[7,86,117],
[21,31,110],
[14,45,55],
[38,69,79],
[62,93,103]],

[[0,70,111],
[15,24,94],
[39,48,118],
[22,63,72],
[46,87,96],
[1,71,104],
[8,25,95],
[32,49,119],
[23,56,73],
[47,80,97],
[2,64,105],
[9,26,88],
[33,50,112],
[16,57,74],
[40,81,98],
[3,65,106],
[10,27,89],
[34,51,113],
[17,58,75],
[41,82,99],
[4,66,107],
[11,28,90],
[35,52,114],
[18,59,76],
[42,83,100],
[5,67,108],
[12,29,91],
[36,53,115],
[19,60,77],
[43,84,101],
[6,68,109],
[13,30,92],
[37,54,116],
[20,61,78],
[44,85,102],
[7,69,110],
[14,31,93],
[38,55,117],
[21,62,79],
[45,86,103]],

[[56,92,112],
[60,88,116],
[44,80,104],
[40,84,108],
[32,68,96],
[36,64,100],
[24,48,72],
[28,52,76],
[57,93,113],
[61,89,117],
[45,81,105],
[41,85,109],
[33,69,97],
[37,65,101],
[25,49,73],
[29,53,77],
[58,94,114],
[62,90,118],
[46,82,106],
[42,86,110],
[34,70,98],
[38,66,102],
[26,50,74],
[30,54,78],
[59,95,115],
[63,91,119],
[47,83,107],
[43,87,111],
[35,71,99],
[39,67,103],
[27,51,75],
[31,55,79],
[0,9,18],
[3,12,21],
[1,10,19],
[4,13,22],
[2,11,20],
[5,14,23],
[6,7,8],
[15,16,17]],

[[0,3,6],
[9,12,15],
[1,4,7],
[10,13,16],
[2,5,8],
[11,14,17],
[18,19,20],
[21,22,23],
[24,27,30],
[33,36,39],
[25,28,31],
[34,37,40],
[26,29,32],
[35,38,41],
[42,43,44],
[45,46,47],
[48,51,54],
[57,60,63],
[49,52,55],
[58,61,64],
[50,53,56],
[59,62,65],
[66,67,68],
[69,70,71],
[72,75,78],
[81,84,87],
[73,76,79],
[82,85,88],
[74,77,80],
[83,86,89],
[90,91,92],
[93,94,95],
[96,99,102],
[105,108,111],
[97,100,103],
[106,109,112],
[98,101,104],
[107,110,113],
[114,115,116],
[117,118,119]],

[[64,76,104],
[68,72,108],
[28,88,96],
[24,92,100],
[40,52,112],
[44,48,116],
[32,56,80],
[36,60,84],
[65,77,105],
[69,73,109],
[29,89,97],
[25,93,101],
[41,53,113],
[45,49,117],
[33,57,81],
[37,61,85],
[66,78,106],
[70,74,110],
[30,90,98],
[26,94,102],
[42,54,114],
[46,50,118],
[34,58,82],
[38,62,86],
[67,79,107],
[71,75,111],
[31,91,99],
[27,95,103],
[43,55,115],
[47,51,119],
[35,59,83],
[39,63,87],
[3,15,18],
[6,9,21],
[4,16,19],
[7,10,22],
[5,17,20],
[8,11,23],
[0,1,2],
[12,13,14]],

[[6,16,23],
[7,14,15],
[0,4,20],
[12,17,22],
[1,3,11],
[5,9,19],
[2,10,18],
[8,13,21],
[30,40,47],
[31,38,39],
[24,28,44],
[36,41,46],
[25,27,35],
[29,33,43],
[26,34,42],
[32,37,45],
[54,64,71],
[55,62,63],
[48,52,68],
[60,65,70],
[49,51,59],
[53,57,67],
[50,58,66],
[56,61,69],
[78,88,95],
[79,86,87],
[72,76,92],
[84,89,94],
[73,75,83],
[77,81,91],
[74,82,90],
[80,85,93],
[102,112,119],
[103,110,111],
[96,100,116],
[108,113,118],
[97,99,107],
[101,105,115],
[98,106,114],
[104,109,117]],

[[52,80,100],
[48,84,96],
[32,76,116],
[36,72,112],
[28,56,108],
[24,60,104],
[40,64,88],
[44,68,92],
[53,81,101],
[49,85,97],
[33,77,117],
[37,73,113],
[29,57,109],
[25,61,105],
[41,65,89],
[45,69,93],
[54,82,102],
[50,86,98],
[34,78,118],
[38,74,114],
[30,58,110],
[26,62,106],
[42,66,90],
[46,70,94],
[55,83,103],
[51,87,99],
[35,79,119],
[39,75,115],
[31,59,111],
[27,63,107],
[43,67,91],
[47,71,95],
[0,15,21],
[6,12,18],
[1,16,22],
[7,13,19],
[2,17,23],
[8,14,20],
[3,4,5],
[9,10,11]],

[[1,6,17],
[4,8,15],
[0,5,7],
[10,12,23],
[2,3,16],
[9,13,20],
[11,18,22],
[14,19,21],
[25,30,41],
[28,32,39],
[24,29,31],
[34,36,47],
[26,27,40],
[33,37,44],
[35,42,46],
[38,43,45],
[49,54,65],
[52,56,63],
[48,53,55],
[58,60,71],
[50,51,64],
[57,61,68],
[59,66,70],
[62,67,69],
[73,78,89],
[76,80,87],
[72,77,79],
[82,84,95],
[74,75,88],
[81,85,92],
[83,90,94],
[86,91,93],
[97,102,113],
[100,104,111],
[96,101,103],
[106,108,119],
[98,99,112],
[105,109,116],
[107,114,118],
[110,115,117]],

[[68,80,112],
[64,84,116],
[8,92,96],
[12,88,100],
[20,56,104],
[16,60,108],
[4,48,76],
[0,52,72],
[69,81,113],
[65,85,117],
[9,93,97],
[13,89,101],
[21,57,105],
[17,61,109],
[5,49,77],
[1,53,73],
[70,82,114],
[66,86,118],
[10,94,98],
[14,90,102],
[22,58,106],
[18,62,110],
[6,50,78],
[2,54,74],
[71,83,115],
[67,87,119],
[11,95,99],
[15,91,103],
[23,59,107],
[19,63,111],
[7,51,79],
[3,55,75],
[24,33,42],
[27,36,45],
[25,34,43],
[28,37,46],
[26,35,44],
[29,38,47],
[30,31,32],
[39,40,41]],

[[2,6,13],
[5,15,22],
[0,8,10],
[7,11,12],
[3,17,19],
[1,9,14],
[4,18,23],
[16,20,21],
[26,30,37],
[29,39,46],
[24,32,34],
[31,35,36],
[27,41,43],
[25,33,38],
[28,42,47],
[40,44,45],
[50,54,61],
[53,63,70],
[48,56,58],
[55,59,60],
[51,65,67],
[49,57,62],
[52,66,71],
[64,68,69],
[74,78,85],
[77,87,94],
[72,80,82],
[79,83,84],
[75,89,91],
[73,81,86],
[76,90,95],
[88,92,93],
[98,102,109],
[101,111,118],
[96,104,106],
[103,107,108],
[99,113,115],
[97,105,110],
[100,114,119],
[112,116,117]],

[[52,88,104],
[48,92,108],
[16,76,112],
[20,72,116],
[4,64,96],
[0,68,100],
[8,60,80],
[12,56,84],
[53,89,105],
[49,93,109],
[17,77,113],
[21,73,117],
[5,65,97],
[1,69,101],
[9,61,81],
[13,57,85],
[54,90,106],
[50,94,110],
[18,78,114],
[22,74,118],
[6,66,98],
[2,70,102],
[10,62,82],
[14,58,86],
[55,91,107],
[51,95,111],
[19,79,115],
[23,75,119],
[7,67,99],
[3,71,103],
[11,63,83],
[15,59,87],
[27,39,42],
[30,33,45],
[28,40,43],
[31,34,46],
[29,41,44],
[32,35,47],
[24,25,26],
[36,37,38]],

[[4,6,14],
[1,15,23],
[0,11,16],
[8,12,19],
[3,7,20],
[2,9,22],
[5,13,18],
[10,17,21],
[28,30,38],
[25,39,47],
[24,35,40],
[32,36,43],
[27,31,44],
[26,33,46],
[29,37,42],
[34,41,45],
[52,54,62],
[49,63,71],
[48,59,64],
[56,60,67],
[51,55,68],
[50,57,70],
[53,61,66],
[58,65,69],
[76,78,86],
[73,87,95],
[72,83,88],
[80,84,91],
[75,79,92],
[74,81,94],
[77,85,90],
[82,89,93],
[100,102,110],
[97,111,119],
[96,107,112],
[104,108,115],
[99,103,116],
[98,105,118],
[101,109,114],
[106,113,117]],

[[56,76,100],
[60,72,96],
[4,80,108],
[0,84,104],
[8,52,116],
[12,48,112],
[16,68,88],
[20,64,92],
[57,77,101],
[61,73,97],
[5,81,109],
[1,85,105],
[9,53,117],
[13,49,113],
[17,69,89],
[21,65,93],
[58,78,102],
[62,74,98],
[6,82,110],
[2,86,106],
[10,54,118],
[14,50,114],
[18,70,90],
[22,66,94],
[59,79,103],
[63,75,99],
[7,83,111],
[3,87,107],
[11,55,119],
[15,51,115],
[19,71,91],
[23,67,95],
[24,39,45],
[30,36,42],
[25,40,46],
[31,37,43],
[26,41,47],
[32,38,44],
[27,28,29],
[33,34,35]],

[[5,6,10],
[2,15,19],
[0,13,17],
[1,12,20],
[3,8,22],
[7,9,23],
[14,16,18],
[4,11,21],
[29,30,34],
[26,39,43],
[24,37,41],
[25,36,44],
[27,32,46],
[31,33,47],
[38,40,42],
[28,35,45],
[53,54,58],
[50,63,67],
[48,61,65],
[49,60,68],
[51,56,70],
[55,57,71],
[62,64,66],
[52,59,69],
[77,78,82],
[74,87,91],
[72,85,89],
[73,84,92],
[75,80,94],
[79,81,95],
[86,88,90],
[76,83,93],
[101,102,106],
[98,111,115],
[96,109,113],
[97,108,116],
[99,104,118],
[103,105,119],
[110,112,114],
[100,107,117]],

[[32,92,104],
[36,88,108],
[20,80,96],
[16,84,100],
[8,44,112],
[12,40,116],
[0,24,76],
[4,28,72],
[33,93,105],
[37,89,109],
[21,81,97],
[17,85,101],
[9,45,113],
[13,41,117],
[1,25,77],
[5,29,73],
[34,94,106],
[38,90,110],
[22,82,98],
[18,86,102],
[10,46,114],
[14,42,118],
[2,26,78],
[6,30,74],
[35,95,107],
[39,91,111],
[23,83,99],
[19,87,103],
[11,47,115],
[15,43,119],
[3,27,79],
[7,31,75],
[48,57,66],
[51,60,69],
[49,58,67],
[52,61,70],
[50,59,68],
[53,62,71],
[54,55,56],
[63,64,65]],

[[6,11,19],
[10,15,20],
[0,14,22],
[2,4,12],
[3,13,23],
[8,9,16],
[7,17,18],
[1,5,21],
[30,35,43],
[34,39,44],
[24,38,46],
[26,28,36],
[27,37,47],
[32,33,40],
[31,41,42],
[25,29,45],
[54,59,67],
[58,63,68],
[48,62,70],
[50,52,60],
[51,61,71],
[56,57,64],
[55,65,66],
[49,53,69],
[78,83,91],
[82,87,92],
[72,86,94],
[74,76,84],
[75,85,95],
[80,81,88],
[79,89,90],
[73,77,93],
[102,107,115],
[106,111,116],
[96,110,118],
[98,100,108],
[99,109,119],
[104,105,112],
[103,113,114],
[97,101,117]],

[[40,76,96],
[44,72,100],
[4,88,112],
[0,92,116],
[16,28,104],
[20,24,108],
[8,32,84],
[12,36,80],
[41,77,97],
[45,73,101],
[5,89,113],
[1,93,117],
[17,29,105],
[21,25,109],
[9,33,85],
[13,37,81],
[42,78,98],
[46,74,102],
[6,90,114],
[2,94,118],
[18,30,106],
[22,26,110],
[10,34,86],
[14,38,82],
[43,79,99],
[47,75,103],
[7,91,115],
[3,95,119],
[19,31,107],
[23,27,111],
[11,35,87],
[15,39,83],
[51,63,66],
[54,57,69],
[52,64,67],
[55,58,70],
[53,65,68],
[56,59,71],
[48,49,50],
[60,61,62]],

[[6,20,22],
[11,13,15],
[0,19,23],
[5,12,16],
[3,10,14],
[4,9,17],
[1,8,18],
[2,7,21],
[30,44,46],
[35,37,39],
[24,43,47],
[29,36,40],
[27,34,38],
[28,33,41],
[25,32,42],
[26,31,45],
[54,68,70],
[59,61,63],
[48,67,71],
[53,60,64],
[51,58,62],
[52,57,65],
[49,56,66],
[50,55,69],
[78,92,94],
[83,85,87],
[72,91,95],
[77,84,88],
[75,82,86],
[76,81,89],
[73,80,90],
[74,79,93],
[102,116,118],
[107,109,111],
[96,115,119],
[101,108,112],
[99,106,110],
[100,105,113],
[97,104,114],
[98,103,117]],

[[28,80,116],
[24,84,112],
[8,76,108],
[12,72,104],
[4,32,100],
[0,36,96],
[20,44,88],
[16,40,92],
[29,81,117],
[25,85,113],
[9,77,109],
[13,73,105],
[5,33,101],
[1,37,97],
[21,45,89],
[17,41,93],
[30,82,118],
[26,86,114],
[10,78,110],
[14,74,106],
[6,34,102],
[2,38,98],
[22,46,90],
[18,42,94],
[31,83,119],
[27,87,115],
[11,79,111],
[15,75,107],
[7,35,103],
[3,39,99],
[23,47,91],
[19,43,95],
[48,63,69],
[54,60,66],
[49,64,70],
[55,61,67],
[50,65,71],
[56,62,68],
[51,52,53],
[57,58,59]],

[[44,56,96],
[40,60,100],
[8,68,104],
[12,64,108],
[20,32,112],
[16,36,116],
[0,28,48],
[4,24,52],
[45,57,97],
[41,61,101],
[9,69,105],
[13,65,109],
[21,33,113],
[17,37,117],
[1,29,49],
[5,25,53],
[46,58,98],
[42,62,102],
[10,70,106],
[14,66,110],
[22,34,114],
[18,38,118],
[2,30,50],
[6,26,54],
[47,59,99],
[43,63,103],
[11,71,107],
[15,67,111],
[23,35,115],
[19,39,119],
[3,31,51],
[7,27,55],
[72,81,90],
[75,84,93],
[73,82,91],
[76,85,94],
[74,83,92],
[77,86,95],
[78,79,80],
[87,88,89]],

[[28,64,112],
[24,68,116],
[16,52,96],
[20,48,100],
[4,40,104],
[0,44,108],
[12,32,60],
[8,36,56],
[29,65,113],
[25,69,117],
[17,53,97],
[21,49,101],
[5,41,105],
[1,45,109],
[13,33,61],
[9,37,57],
[30,66,114],
[26,70,118],
[18,54,98],
[22,50,102],
[6,42,106],
[2,46,110],
[14,34,62],
[10,38,58],
[31,67,115],
[27,71,119],
[19,55,99],
[23,51,103],
[7,43,107],
[3,47,111],
[15,35,63],
[11,39,59],
[75,87,90],
[78,81,93],
[76,88,91],
[79,82,94],
[77,89,92],
[80,83,95],
[72,73,74],
[84,85,86]],

[[32,52,108],
[36,48,104],
[4,56,116],
[0,60,112],
[8,28,100],
[12,24,96],
[16,44,64],
[20,40,68],
[33,53,109],
[37,49,105],
[5,57,117],
[1,61,113],
[9,29,101],
[13,25,97],
[17,45,65],
[21,41,69],
[34,54,110],
[38,50,106],
[6,58,118],
[2,62,114],
[10,30,102],
[14,26,98],
[18,46,66],
[22,42,70],
[35,55,111],
[39,51,107],
[7,59,119],
[3,63,115],
[11,31,103],
[15,27,99],
[19,47,67],
[23,43,71],
[72,87,93],
[78,84,90],
[73,88,94],
[79,85,91],
[74,89,95],
[80,86,92],
[75,76,77],
[81,82,83]],

[[40,56,72],
[44,60,76],
[16,48,80],
[20,52,84],
[8,24,88],
[12,28,92],
[0,32,64],
[4,36,68],
[41,57,73],
[45,61,77],
[17,49,81],
[21,53,85],
[9,25,89],
[13,29,93],
[1,33,65],
[5,37,69],
[42,58,74],
[46,62,78],
[18,50,82],
[22,54,86],
[10,26,90],
[14,30,94],
[2,34,66],
[6,38,70],
[43,59,75],
[47,63,79],
[19,51,83],
[23,55,87],
[11,27,91],
[15,31,95],
[3,35,67],
[7,39,71],
[96,105,114],
[99,108,117],
[97,106,115],
[100,109,118],
[98,107,116],
[101,110,119],
[102,103,104],
[111,112,113]],

[[32,48,88],
[36,52,92],
[8,64,72],
[12,68,76],
[0,40,80],
[4,44,84],
[16,24,56],
[20,28,60],
[33,49,89],
[37,53,93],
[9,65,73],
[13,69,77],
[1,41,81],
[5,45,85],
[17,25,57],
[21,29,61],
[34,50,90],
[38,54,94],
[10,66,74],
[14,70,78],
[2,42,82],
[6,46,86],
[18,26,58],
[22,30,62],
[35,51,91],
[39,55,95],
[11,67,75],
[15,71,79],
[3,43,83],
[7,47,87],
[19,27,59],
[23,31,63],
[99,111,114],
[102,105,117],
[100,112,115],
[103,106,118],
[101,113,116],
[104,107,119],
[96,97,98],
[108,109,110]],

[[24,64,80],
[28,68,84],
[0,56,88],
[4,60,92],
[16,32,72],
[20,36,76],
[8,40,48],
[12,44,52],
[25,65,81],
[29,69,85],
[1,57,89],
[5,61,93],
[17,33,73],
[21,37,77],
[9,41,49],
[13,45,53],
[26,66,82],
[30,70,86],
[2,58,90],
[6,62,94],
[18,34,74],
[22,38,78],
[10,42,50],
[14,46,54],
[27,67,83],
[31,71,87],
[3,59,91],
[7,63,95],
[19,35,75],
[23,39,79],
[11,43,51],
[15,47,55],
[96,111,117],
[102,108,114],
[97,112,118],
[103,109,115],
[98,113,119],
[104,110,116],
[99,100,101],
[105,106,107]]

]
