[[[0, 2, 8, 24],
[7, 9, 21, 25],
[12, 15, 16],
[3, 6, 18],
[5, 10, 11],
[1, 14, 19],
[4, 17, 22],
[13, 20, 23]],

[[4, 6, 12],
[3, 11, 13, 25],
[16, 19, 20, 24],
[0, 7, 10],
[9, 14, 15],
[1, 5, 18],
[8, 21, 22],
[2, 17, 23]],

[[6, 8, 14, 25],
[5, 13, 15, 24],
[0, 18, 21],
[2, 9, 12],
[11, 16, 17],
[3, 7, 20],
[1, 10, 22],
[4, 19, 23]],

[[12, 14, 20],
[11, 19, 21],
[2, 5, 6],
[8, 15, 18],
[0, 1, 17, 25],
[4, 9, 13],
[7, 16, 22],
[3, 10, 23, 24]],

[[0, 14, 16],
[1, 13, 21],
[4, 7, 8],
[10, 17, 20],
[2, 3, 19],
[6, 11, 15],
[9, 18, 22, 24],
[5, 12, 23, 25]],

[[4, 18, 20, 25],
[3, 5, 17],
[8, 11, 12],
[2, 14, 21],
[1, 6, 7, 24],
[10, 15, 19],
[0, 13, 22],
[9, 16, 23]],

[[0, 6, 20],
[5, 7, 19],
[10, 13, 14],
[1, 4, 16],
[3, 8, 9],
[12, 17, 21, 24],
[2, 15, 22, 25],
[11, 18, 23]]]