[[[11,17,28,33,36],
[9,22,24,37],
[1,18,26,38],
[3,23,29,39],
[4,14,25,40],
[7,15,31,34,41],
[6,10,20,35,42],
[5,8,19,32,43],
[2,12,21,30],
[0,13,16,27]],

[[8,18,29,36],
[10,23,25,37],
[2,19,27,34,38],
[0,20,30,32,39],
[5,15,26,40],
[4,12,28,35,41],
[7,11,21,42],
[6,9,16,33,43],
[3,13,22,31],
[1,14,17,24]],

[[9,19,30,36],
[11,20,26,34,37],
[3,16,24,35,38],
[1,21,31,33,39],
[6,12,27,32,40],
[5,13,29,41],
[4,8,22,42],
[7,10,17,43],
[0,14,23,28],
[2,15,18,25]],

[[10,16,31,32,36],
[8,21,27,35,37],
[0,17,25,38],
[2,22,28,39],
[7,13,24,33,40],
[6,14,30,41],
[5,9,23,34,42],
[4,11,18,43],
[1,15,20,29],
[3,12,19,26]],

[[15,21,24,36],
[13,18,28,32,37],
[5,22,30,33,38],
[7,19,25,35,39],
[0,10,29,34,40],
[3,11,27,41],
[2,14,16,42],
[1,12,23,43],
[6,8,17,26],
[4,9,20,31]],

[[12,22,25,34,36],
[14,19,29,33,37],
[6,23,31,38],
[4,16,26,39],
[1,11,30,35,40],
[0,8,24,41],
[3,15,17,32,42],
[2,13,20,43],
[7,9,18,27],
[5,10,21,28]],

[[13,23,26,35,36],
[15,16,30,37],
[7,20,28,38],
[5,17,27,39],
[2,8,31,40],
[1,9,25,32,41],
[0,12,18,33,42],
[3,14,21,34,43],
[4,10,19,24],
[6,11,22,29]],

[[14,20,27,36],
[12,17,31,37],
[4,21,29,32,38],
[6,18,24,34,39],
[3,9,28,40],
[2,10,26,33,41],
[1,13,19,42],
[0,15,22,35,43],
[5,11,16,25],
[7,8,23,30]]
]
