[[[0,1,2,3,4,5],
[6,7,8,9,10,11],
[12,13,14,15,16,17],
[18,19,20,21,22],
[23,24,25,26,27],
[28,29,30,31,32],
[33,34,35,36,37]],

[[0,7,14,21,27],
[6,13,20,26,32],
[5,12,19,25,31,37],
[4,11,18,24,30,36],
[3,10,17,23,29,35],
[2,9,16,28,34],
[1,8,15,22,33]],

[[0,10,13,25,36],
[3,6,16,19,30],
[9,12,22,24,35],
[2,15,18,27,29],
[5,8,21,23,32,34],
[1,11,14,26,28,37],
[4,7,17,20,31,33]],

[[0,11,15,19,32,35],
[2,6,17,21,24,37],
[4,8,12,26,29],
[10,14,18,31,34],
[1,16,20,23,36],
[3,7,22,25,28],
[5,9,13,27,30,33]],

[[0,8,16,24,31],
[5,6,14,22,29,36],
[3,11,12,20,27,34],
[1,9,17,18,25,32],
[7,15,23,30,37],
[4,13,21,28,35],
[2,10,19,26,33]],

[[0,9,20,29,37],
[4,6,15,25,34],
[1,10,12,21,30],
[5,7,16,18,26,35],
[2,11,13,22,23,31],
[8,17,19,27,28,36],
[3,14,24,32,33]],

[[0,17,22,26,30,34],
[1,6,27,31,35],
[2,7,12,32,36],
[3,8,13,18,37],
[4,9,14,19,23],
[5,10,15,20,24,28],
[11,16,21,25,29,33]]]