[[[0, 1, 2, 3],
[4, 5, 6, 7],
[8, 9, 10, 11, 12],
[13, 14, 15, 16, 17],
[18, 19, 20, 21, 22],
[23, 24, 25, 26, 27]],

[[0, 4, 8, 13, 18],
[5, 10, 16, 27],
[1, 11, 21, 26],
[2, 6, 17, 22, 25],
[3, 12, 15, 20, 24],
[7, 9, 14, 19, 23]],

[[0, 10, 17, 19],
[4, 9, 20, 25],
[1, 6, 8, 15, 27],
[2, 12, 13, 21, 23],
[3, 5, 14, 22, 26],
[7, 11, 16, 18, 24]],

[[0, 5, 15, 21, 25],
[7, 8, 17, 26],
[1, 4, 12, 16, 19],
[2, 11, 14, 20, 27],
[3, 6, 10, 18, 23],
[9, 13, 22, 24]],

[[0, 7, 12, 22, 27],
[6, 14, 21, 24],
[1, 5, 9, 17, 18],
[2, 4, 10, 15, 26],
[3, 11, 13, 19, 25],
[8, 16, 20, 23]],

[[0, 6, 9, 16, 26],
[3, 4, 17, 21, 27],
[2, 5, 8, 19, 24],
[12, 14, 18, 25],
[1, 7, 10, 13, 20],
[11, 15, 22, 23]]]