[[[11,17,28,33,40],
[9,22,24,36,41],
[1,18,26,37,42],
[3,23,29,35,43],
[4,14,25,34,44],
[7,15,31,38,45],
[6,10,20,39,46],
[5,8,19,32,47],
[2,12,21,30,48],
[0,13,16,27,49]],

[[8,18,29,34,40],
[10,23,25,37,41],
[2,19,27,38,42],
[0,20,30,32,43],
[5,15,26,35,44],
[4,12,28,39,45],
[7,11,21,36,46],
[6,9,16,33,47],
[3,13,22,31,48],
[1,14,17,24,49]],

[[9,19,30,35,40],
[11,20,26,38,41],
[3,16,24,39,42],
[1,21,31,33,43],
[6,12,27,32,44],
[5,13,29,36,45],
[4,8,22,37,46],
[7,10,17,34,47],
[0,14,23,28,48],
[2,15,18,25,49]],

[[10,16,31,32,40],
[8,21,27,39,41],
[0,17,25,36,42],
[2,22,28,34,43],
[7,13,24,33,44],
[6,14,30,37,45],
[5,9,23,38,46],
[4,11,18,35,47],
[1,15,20,29,48],
[3,12,19,26,49]],

[[15,21,24,37,40],
[13,18,28,32,41],
[5,22,30,33,42],
[7,19,25,39,43],
[0,10,29,38,44],
[3,11,27,34,45],
[2,14,16,35,46],
[1,12,23,36,47],
[6,8,17,26,48],
[4,9,20,31,49]],

[[12,22,25,38,40],
[14,19,29,33,41],
[6,23,31,34,42],
[4,16,26,36,43],
[1,11,30,39,44],
[0,8,24,35,45],
[3,15,17,32,46],
[2,13,20,37,47],
[7,9,18,27,48],
[5,10,21,28,49]],

[[13,23,26,39,40],
[15,16,30,34,41],
[7,20,28,35,42],
[5,17,27,37,43],
[2,8,31,36,44],
[1,9,25,32,45],
[0,12,18,33,46],
[3,14,21,38,47],
[4,10,19,24,48],
[6,11,22,29,49]],

[[14,20,27,36,40],
[12,17,31,35,41],
[4,21,29,32,42],
[6,18,24,38,43],
[3,9,28,37,44],
[2,10,26,33,45],
[1,13,19,34,46],
[0,15,22,39,47],
[5,11,16,25,48],
[7,8,23,30,49]],

[[0,1,2,3,4],
[5,6,7,40,41],
[8,9,10,11,12],
[13,14,15,42,43],
[16,17,18,19,20],
[21,22,23,44,45],
[24,25,26,27,28],
[29,30,31,46,47],
[32,33,34,35,36],
[37,38,39,48,49]]

]
