[[[11,17,27,31,38],
[9,22,24,34,39],
[1,18,35,40],
[3,23,28,33,41],
[4,14,25,32,42],
[7,15,30,36,43],
[6,10,20,37,44],
[5,8,19,45],
[2,12,21,29,46],
[0,13,16,26,47]],

[[8,18,28,32,38],
[10,23,25,35,39],
[2,19,26,36,40],
[0,20,29,41],
[5,15,33,42],
[4,12,27,37,43],
[7,11,21,34,44],
[6,9,16,31,45],
[3,13,22,30,46],
[1,14,17,24,47]],

[[9,19,29,33,38],
[11,20,36,39],
[3,16,24,37,40],
[1,21,30,31,41],
[6,12,26,42],
[5,13,28,34,43],
[4,8,22,35,44],
[7,10,17,32,45],
[0,14,23,27,46],
[2,15,18,25,47]],

[[10,16,30,38],
[8,21,26,37,39],
[0,17,25,34,40],
[2,22,27,32,41],
[7,13,24,31,42],
[6,14,29,35,43],
[5,9,23,36,44],
[4,11,18,33,45],
[1,15,20,28,46],
[3,12,19,47]],

[[15,21,24,35,38],
[13,18,27,39],
[5,22,29,31,40],
[7,19,25,37,41],
[0,10,28,36,42],
[3,11,26,32,43],
[2,14,16,33,44],
[1,12,23,34,45],
[6,8,17,46],
[4,9,20,30,47]],

[[12,22,25,36,38],
[14,19,28,31,39],
[6,23,30,32,40],
[4,16,34,41],
[1,11,29,37,42],
[0,8,24,33,43],
[3,15,17,44],
[2,13,20,35,45],
[7,9,18,26,46],
[5,10,21,27,47]],

[[13,23,37,38],
[15,16,29,32,39],
[7,20,27,33,40],
[5,17,26,35,41],
[2,8,30,34,42],
[1,9,25,43],
[0,12,18,31,44],
[3,14,21,36,45],
[4,10,19,24,46],
[6,11,22,28,47]],

[[14,20,26,34,38],
[12,17,30,33,39],
[4,21,28,40],
[6,18,24,36,41],
[3,9,27,35,42],
[2,10,31,43],
[1,13,19,32,44],
[0,15,22,37,45],
[5,11,16,25,46],
[7,8,23,29,47]]
]
