[[[11,16,25,29,36],
[9,22,32,37],
[1,17,33,38],
[3,21,26,31,39],
[4,23,30,40],
[7,14,28,34,41],
[6,10,19,35,42],
[5,8,18,43],
[2,12,20,27,44],
[0,13,15,24,45]],

[[8,17,26,30,36],
[10,21,23,33,37],
[2,18,24,34,38],
[0,19,27,39],
[5,14,31,40],
[4,12,25,35,41],
[7,11,20,32,42],
[6,9,15,29,43],
[3,13,28,44],
[1,16,22,45]],

[[9,18,27,31,36],
[11,19,34,37],
[3,15,22,35,38],
[1,20,28,29,39],
[6,12,24,40],
[5,13,26,32,41],
[4,8,33,42],
[7,10,16,30,43],
[0,21,25,44],
[2,14,17,23,45]],

[[10,15,28,36],
[8,20,24,35,37],
[0,16,23,32,38],
[2,25,30,39],
[7,13,22,29,40],
[6,27,33,41],
[5,9,21,34,42],
[4,11,17,31,43],
[1,14,19,26,44],
[3,12,18,45]],

[[14,20,22,33,36],
[13,17,25,37],
[5,27,29,38],
[7,18,23,35,39],
[0,10,26,34,40],
[3,11,24,30,41],
[2,15,31,42],
[1,12,21,32,43],
[6,8,16,44],
[4,9,19,28,45]],

[[12,23,34,36],
[18,26,29,37],
[6,21,28,30,38],
[4,15,32,39],
[1,11,27,35,40],
[0,8,22,31,41],
[3,14,16,42],
[2,13,19,33,43],
[7,9,17,24,44],
[5,10,20,25,45]],

[[13,21,35,36],
[14,15,27,30,37],
[7,19,25,31,38],
[5,16,24,33,39],
[2,8,28,32,40],
[1,9,23,41],
[0,12,17,29,42],
[3,20,34,43],
[4,10,18,22,44],
[6,11,26,45]],

[[19,24,32,36],
[12,16,28,31,37],
[4,20,26,38],
[6,17,22,34,39],
[3,9,25,33,40],
[2,10,29,41],
[1,13,18,30,42],
[0,14,35,43],
[5,11,15,23,44],
[7,8,21,27,45]]
]
