[[[0, 1, 2, 3, 4],
[5, 6, 7, 8, 9],
[10, 11, 12, 13, 14],
[15, 16, 17, 18],
[19, 20, 21, 22],
[23, 24, 25, 26]],

[[0, 5, 10, 15, 19],
[1, 6, 12, 17, 26],
[2, 7, 13, 22, 25],
[3, 8, 18, 24],
[4, 14, 21, 23],
[9, 11, 16, 20]],

[[0, 7, 12, 18, 20],
[1, 5, 11, 21, 24],
[2, 8, 10, 26],
[3, 14, 15, 22],
[4, 6, 16, 25],
[9, 13, 17, 19, 23]],

[[0, 6, 22, 24],
[1, 9, 10, 18, 25],
[2, 5, 14, 17, 20],
[3, 13, 16, 21, 26],
[4, 8, 12, 19],
[7, 11, 15, 23]],

[[0, 9, 14, 26],
[1, 8, 16, 22, 23],
[2, 6, 11, 18, 19],
[3, 5, 12, 25],
[4, 13, 15, 20, 24],
[7, 10, 17, 21]]]