[[[11,17,26,30,37],
[9,23,33,38],
[1,18,34,39],
[3,22,27,32,40],
[4,14,24,31,41],
[7,15,29,35,42],
[6,10,20,36,43],
[5,8,19,44],
[2,12,21,28,45],
[0,13,16,25,46]],

[[8,18,27,31,37],
[10,22,24,34,38],
[2,19,25,35,39],
[0,20,28,40],
[5,15,32,41],
[4,12,26,36,42],
[7,11,21,33,43],
[6,9,16,30,44],
[3,13,29,45],
[1,14,17,23,46]],

[[9,19,28,32,37],
[11,20,35,38],
[3,16,23,36,39],
[1,21,29,30,40],
[6,12,25,41],
[5,13,27,33,42],
[4,8,34,43],
[7,10,17,31,44],
[0,14,22,26,45],
[2,15,18,24,46]],

[[10,16,29,37],
[8,21,25,36,38],
[0,17,24,33,39],
[2,26,31,40],
[7,13,23,30,41],
[6,14,28,34,42],
[5,9,22,35,43],
[4,11,18,32,44],
[1,15,20,27,45],
[3,12,19,46]],

[[15,21,23,34,37],
[13,18,26,38],
[5,28,30,39],
[7,19,24,36,40],
[0,10,27,35,41],
[3,11,25,31,42],
[2,14,16,32,43],
[1,12,22,33,44],
[6,8,17,45],
[4,9,20,29,46]],

[[12,24,35,37],
[14,19,27,30,38],
[6,22,29,31,39],
[4,16,33,40],
[1,11,28,36,41],
[0,8,23,32,42],
[3,15,17,43],
[2,13,20,34,44],
[7,9,18,25,45],
[5,10,21,26,46]],

[[13,22,36,37],
[15,16,28,31,38],
[7,20,26,32,39],
[5,17,25,34,40],
[2,8,29,33,41],
[1,9,24,42],
[0,12,18,30,43],
[3,14,21,35,44],
[4,10,19,23,45],
[6,11,27,46]],

[[14,20,25,33,37],
[12,17,29,32,38],
[4,21,27,39],
[6,18,23,35,40],
[3,9,26,34,41],
[2,10,30,42],
[1,13,19,31,43],
[0,15,36,44],
[5,11,16,24,45],
[7,8,22,28,46]]
]
