[[[0, 8, 16, 24, 32],
[1, 9, 17, 25, 33],
[2, 10, 18, 26, 34],
[3, 11, 19, 27],
[4, 12, 20, 28],
[5, 13, 21, 29],
[6, 14, 22, 30],
[7, 15, 23, 31]],

[[0, 9, 18, 27],
[1, 8, 19, 26],
[2, 11, 16, 25],
[3, 10, 17, 24],
[4, 13, 22, 31, 32],
[5, 12, 23, 30, 33],
[6, 15, 20, 29, 34],
[7, 14, 21, 28]],

[[0, 10, 20, 30],
[1, 11, 21, 31],
[2, 8, 22, 28],
[3, 9, 23, 29],
[4, 14, 16, 26, 33],
[5, 15, 17, 27, 32],
[6, 12, 18, 24],
[7, 13, 19, 25, 34]],

[[0, 11, 22, 29, 33],
[1, 10, 23, 28, 32],
[2, 9, 20, 31],
[3, 8, 21, 30, 34],
[4, 15, 18, 25],
[5, 14, 19, 24],
[6, 13, 16, 27],
[7, 12, 17, 26]],

[[0, 12, 21, 25],
[1, 13, 20, 24],
[2, 14, 23, 27],
[3, 15, 22, 26],
[4, 8, 17, 29],
[5, 9, 16, 28, 34],
[6, 10, 19, 31, 33],
[7, 11, 18, 30, 32]],

[[0, 13, 23, 26],
[1, 12, 22, 27, 34],
[2, 15, 21, 24, 33],
[3, 14, 20, 25, 32],
[4, 9, 19, 30],
[5, 8, 18, 31],
[6, 11, 17, 28],
[7, 10, 16, 29]],

[[0, 14, 17, 31, 34],
[1, 15, 16, 30],
[2, 12, 19, 29, 32],
[3, 13, 18, 28, 33],
[4, 10, 21, 27],
[5, 11, 20, 26],
[6, 8, 23, 25],
[7, 9, 22, 24]],

[[0, 15, 19, 28],
[1, 14, 18, 29],
[2, 13, 17, 30],
[3, 12, 16, 31],
[4, 11, 23, 24, 34],
[5, 10, 22, 25],
[6, 9, 21, 26, 32],
[7, 8, 20, 27, 33]]]