[[[2,14,25,36,48],
[4,16,28,31,42],
[6,12,24,38,47],
[1,18,22,32,45],
[8,13,21,34,41],
[0,15,20,33],
[7,17,29,37,46],
[5,10,23,39,40],
[3,19,27,35,43],
[9,11,26,30,44]],

[[3,15,26,37,48],
[5,17,28,32,43],
[7,13,25,38,44],
[2,18,23,33,46],
[8,10,22,35,42],
[1,16,21,30],
[4,14,29,34,47],
[6,11,20,39,41],
[0,19,24,36,40],
[9,12,27,31,45]],

[[0,16,27,34,48],
[6,14,28,33,40],
[4,10,26,38,45],
[3,18,20,30,47],
[8,11,23,36,43],
[2,17,22,31],
[5,15,29,35,44],
[7,12,21,39,42],
[1,19,25,37,41],
[9,13,24,32,46]],

[[1,17,24,35,48],
[7,15,28,30,41],
[5,11,27,38,46],
[0,18,21,31,44],
[8,12,20,37,40],
[3,14,23,32],
[6,16,29,36,45],
[4,13,22,39,43],
[2,19,26,34,42],
[9,10,25,33,47]],

[[6,10,21,32,48],
[0,12,28,35,46],
[2,16,20,38,43],
[5,18,26,36,41],
[8,17,25,30,45],
[4,11,24,37],
[3,13,29,33,42],
[1,14,27,39,44],
[7,19,23,31,47],
[9,15,22,34,40]],

[[7,11,22,33,48],
[1,13,28,36,47],
[3,17,21,38,40],
[6,18,27,37,42],
[8,14,26,31,46],
[5,12,25,34],
[0,10,29,30,43],
[2,15,24,39,45],
[4,19,20,32,44],
[9,16,23,35,41]],

[[4,12,23,30,48],
[2,10,28,37,44],
[0,14,22,38,41],
[7,18,24,34,43],
[8,15,27,32,47],
[6,13,26,35],
[1,11,29,31,40],
[3,16,25,39,46],
[5,19,21,33,45],
[9,17,20,36,42]],

[[5,13,20,31,48],
[3,11,28,34,45],
[1,15,23,38,42],
[4,18,25,35,40],
[8,16,24,33,44],
[7,10,27,36],
[2,12,29,32,41],
[0,17,26,39,47],
[6,19,22,30,46],
[9,14,21,37,43]],

[[0,1,2,3,4],
[5,6,7,8,9],
[10,11,12,13,14],
[15,16,17,18,19],
[20,21,22,23,24],
[25,26,27,28,29],
[30,31,32,33,34],
[35,36,37,38,39],
[40,41,42,43,44],
[45,46,47,48]]

]
