[[[0,7,14],
[1,2,4],
[8,9,11],
[15,16,18],
[3,13,19],
[6,12,17],
[5,10,20],
[22,29,36],
[23,24,26],
[30,31,33],
[37,38,40],
[25,28,41],
[21,34,39],
[27,32,35]],

[[7,21,35],
[1,23,25],
[9,29,32],
[16,36,39],
[13,24,40],
[6,33,38],
[5,31,41],
[8,15,22],
[2,3,26],
[10,12,30],
[17,19,37],
[4,20,28],
[0,18,34],
[11,14,27]],

[[14,21,28],
[4,22,23],
[8,30,32],
[18,36,37],
[3,34,40],
[17,27,33],
[10,26,41],
[1,15,29],
[2,5,24],
[9,12,31],
[16,19,38],
[7,20,25],
[0,13,39],
[6,11,35]],

[[0,28,35],
[2,22,25],
[11,29,30],
[15,37,39],
[19,24,34],
[12,27,38],
[20,26,31],
[1,8,36],
[3,5,23],
[9,10,33],
[16,17,40],
[4,7,41],
[13,18,21],
[6,14,32]],

[[3,10,17],
[0,4,5],
[7,11,12],
[14,18,19],
[6,9,15],
[2,8,20],
[1,13,16],
[23,30,37],
[24,25,27],
[31,32,34],
[38,39,41],
[26,29,35],
[22,28,40],
[21,33,36]],

[[3,31,38],
[5,21,25],
[11,28,33],
[18,35,40],
[15,27,30],
[2,29,41],
[1,34,37],
[9,16,23],
[4,6,24],
[10,13,32],
[17,20,39],
[8,14,26],
[7,19,22],
[0,12,36]],

[[17,24,31],
[4,21,26],
[12,28,32],
[19,35,39],
[9,27,36],
[8,23,41],
[13,22,37],
[2,16,30],
[3,6,25],
[10,11,34],
[18,20,38],
[5,14,29],
[1,7,40],
[0,15,33]],

[[10,24,38],
[0,25,26],
[7,32,33],
[14,39,40],
[6,30,36],
[20,23,29],
[16,22,34],
[2,9,37],
[3,4,27],
[11,13,31],
[17,18,41],
[5,8,35],
[1,19,28],
[12,15,21]],

[[6,13,20],
[0,1,3],
[7,8,10],
[14,15,17],
[2,12,18],
[5,11,16],
[4,9,19],
[25,32,39],
[22,26,27],
[29,33,34],
[36,40,41],
[21,31,37],
[24,30,35],
[23,28,38]],

[[6,34,41],
[0,22,24],
[8,28,31],
[15,35,38],
[2,33,39],
[11,26,37],
[9,25,40],
[4,18,32],
[1,5,27],
[12,13,29],
[19,20,36],
[10,16,21],
[3,14,30],
[7,17,23]],

[[20,27,34],
[3,21,22],
[10,28,29],
[17,35,36],
[12,23,39],
[5,32,37],
[4,30,40],
[11,18,25],
[1,6,26],
[8,13,33],
[15,19,41],
[0,16,31],
[9,14,24],
[2,7,38]],

[[13,27,41],
[1,21,24],
[7,29,31],
[14,36,38],
[18,23,33],
[16,26,32],
[19,25,30],
[4,11,39],
[5,6,22],
[8,12,34],
[15,20,40],
[0,10,37],
[3,9,35],
[2,17,28]],

[[5,12,19],
[0,2,6],
[7,9,13],
[14,16,20],
[1,11,17],
[4,10,15],
[3,8,18],
[22,30,39],
[23,31,40],
[25,33,35],
[24,32,41],
[21,29,38],
[26,34,36],
[27,28,37]],

[[19,26,33],
[0,23,27],
[7,30,34],
[14,37,41],
[11,22,38],
[15,25,31],
[18,24,29],
[1,9,39],
[2,10,40],
[4,12,35],
[3,20,32],
[8,17,21],
[5,13,36],
[6,16,28]],

[[5,33,40],
[2,21,27],
[9,28,34],
[16,35,41],
[17,22,32],
[4,31,36],
[3,29,39],
[1,18,30],
[10,19,23],
[12,14,25],
[11,20,24],
[0,8,38],
[13,15,26],
[6,7,37]],

[[12,26,40],
[6,21,23],
[13,28,30],
[20,35,37],
[1,32,38],
[10,25,36],
[8,24,39],
[9,18,22],
[2,19,31],
[4,14,33],
[3,11,41],
[0,17,29],
[5,15,34],
[7,16,27]],

[[2,11,15],
[3,12,16],
[5,7,18],
[4,13,17],
[1,10,14],
[6,8,19],
[0,9,20],
[25,29,37],
[26,30,38],
[21,32,40],
[27,31,39],
[24,28,36],
[22,33,41],
[23,34,35]],

[[11,23,36],
[3,33,37],
[5,28,39],
[13,25,38],
[10,22,35],
[8,27,40],
[20,21,30],
[4,16,29],
[9,17,26],
[0,19,32],
[6,18,31],
[7,15,24],
[1,12,41],
[2,14,34]],

[[2,32,36],
[16,24,33],
[7,26,39],
[17,25,34],
[1,31,35],
[6,29,40],
[0,30,41],
[4,8,37],
[5,9,38],
[11,19,21],
[10,18,27],
[3,15,28],
[12,20,22],
[13,14,23]],

[[15,23,32],
[12,24,37],
[18,26,28],
[4,34,38],
[14,22,31],
[19,27,29],
[9,21,41],
[8,16,25],
[5,17,30],
[0,11,40],
[6,10,39],
[3,7,36],
[1,20,33],
[2,13,35]]

]
