[[[10,15,24,28,35],
[8,21,31,36],
[1,16,32,37],
[3,20,25,30,38],
[4,22,29,39],
[13,27,33,40],
[6,9,18,34,41],
[5,7,17,42],
[2,11,19,26,43],
[0,12,14,23,44]],

[[7,16,25,29,35],
[9,20,22,32,36],
[2,17,23,33,37],
[0,18,26,38],
[5,13,30,39],
[4,11,24,34,40],
[10,19,31,41],
[6,8,14,28,42],
[3,12,27,43],
[1,15,21,44]],

[[8,17,26,30,35],
[10,18,33,36],
[3,14,21,34,37],
[1,19,27,28,38],
[6,11,23,39],
[5,12,25,31,40],
[4,7,32,41],
[9,15,29,42],
[0,20,24,43],
[2,13,16,22,44]],

[[9,14,27,35],
[7,19,23,34,36],
[0,15,22,31,37],
[2,24,29,38],
[12,21,28,39],
[6,26,32,40],
[5,8,20,33,41],
[4,10,16,30,42],
[1,13,18,25,43],
[3,11,17,44]],

[[13,19,21,32,35],
[12,16,24,36],
[5,26,28,37],
[17,22,34,38],
[0,9,25,33,39],
[3,10,23,29,40],
[2,14,30,41],
[1,11,20,31,42],
[6,7,15,43],
[4,8,18,27,44]],

[[11,22,33,35],
[17,25,28,36],
[6,20,27,29,37],
[4,14,31,38],
[1,10,26,34,39],
[0,7,21,30,40],
[3,13,15,41],
[2,12,18,32,42],
[8,16,23,43],
[5,9,19,24,44]],

[[12,20,34,35],
[13,14,26,29,36],
[18,24,30,37],
[5,15,23,32,38],
[2,7,27,31,39],
[1,8,22,40],
[0,11,16,28,41],
[3,19,33,42],
[4,9,17,21,43],
[6,10,25,44]],

[[18,23,31,35],
[11,15,27,30,36],
[4,19,25,37],
[6,16,21,33,38],
[3,8,24,32,39],
[2,9,28,40],
[1,12,17,29,41],
[0,13,34,42],
[5,10,14,22,43],
[7,20,26,44]]
]
