[[[11,17,28,34],
[9,22,24,35],
[1,18,26,36],
[3,23,29,37],
[4,14,25,38],
[7,15,31,32,39],
[6,10,20,33,40],
[5,8,19,41],
[2,12,21,30],
[0,13,16,27]],

[[8,18,29,34],
[10,23,25,35],
[2,19,27,32,36],
[0,20,30,37],
[5,15,26,38],
[4,12,28,33,39],
[7,11,21,40],
[6,9,16,41],
[3,13,22,31],
[1,14,17,24]],

[[9,19,30,34],
[11,20,26,32,35],
[3,16,24,33,36],
[1,21,31,37],
[6,12,27,38],
[5,13,29,39],
[4,8,22,40],
[7,10,17,41],
[0,14,23,28],
[2,15,18,25]],

[[10,16,31,34],
[8,21,27,33,35],
[0,17,25,36],
[2,22,28,37],
[7,13,24,38],
[6,14,30,39],
[5,9,23,32,40],
[4,11,18,41],
[1,15,20,29],
[3,12,19,26]],

[[15,21,24,34],
[13,18,28,35],
[5,22,30,36],
[7,19,25,33,37],
[0,10,29,32,38],
[3,11,27,39],
[2,14,16,40],
[1,12,23,41],
[6,8,17,26],
[4,9,20,31]],

[[12,22,25,32,34],
[14,19,29,35],
[6,23,31,36],
[4,16,26,37],
[1,11,30,33,38],
[0,8,24,39],
[3,15,17,40],
[2,13,20,41],
[7,9,18,27],
[5,10,21,28]],

[[13,23,26,33,34],
[15,16,30,35],
[7,20,28,36],
[5,17,27,37],
[2,8,31,38],
[1,9,25,39],
[0,12,18,40],
[3,14,21,32,41],
[4,10,19,24],
[6,11,22,29]],

[[14,20,27,34],
[12,17,31,35],
[4,21,29,36],
[6,18,24,32,37],
[3,9,28,38],
[2,10,26,39],
[1,13,19,40],
[0,15,22,33,41],
[5,11,16,25],
[7,8,23,30]]
]
