[[[0, 1, 2, 3, 4],
[5, 6, 7, 8, 9],
[10, 11, 12, 13],
[14, 15, 16, 17],
[18, 19, 20, 21],
[22, 23, 24, 25]],

[[0, 5, 10, 14, 18],
[1, 6, 12, 16, 25],
[2, 7, 21, 24],
[3, 8, 17, 23],
[4, 13, 20, 22],
[9, 11, 15, 19]],

[[0, 7, 12, 17, 19],
[1, 5, 11, 20, 23],
[2, 8, 10, 25],
[3, 13, 14, 21],
[4, 6, 15, 24],
[9, 16, 18, 22]],

[[0, 6, 21, 23],
[1, 9, 10, 17, 24],
[2, 5, 13, 16, 19],
[3, 15, 20, 25],
[4, 8, 12, 18],
[7, 11, 14, 22]],

[[0, 9, 13, 25],
[1, 8, 15, 21, 22],
[2, 6, 11, 17, 18],
[3, 5, 12, 24],
[4, 14, 19, 23],
[7, 10, 16, 20]]]