[[[11,17,28,35],
[9,22,24,36],
[1,18,26,37],
[3,23,29,38],
[4,14,25,39],
[7,15,31,33,40],
[6,10,20,34,41],
[5,8,19,32,42],
[2,12,21,30],
[0,13,16,27]],

[[8,18,29,35],
[10,23,25,36],
[2,19,27,33,37],
[0,20,30,32,38],
[5,15,26,39],
[4,12,28,34,40],
[7,11,21,41],
[6,9,16,42],
[3,13,22,31],
[1,14,17,24]],

[[9,19,30,35],
[11,20,26,33,36],
[3,16,24,34,37],
[1,21,31,38],
[6,12,27,32,39],
[5,13,29,40],
[4,8,22,41],
[7,10,17,42],
[0,14,23,28],
[2,15,18,25]],

[[10,16,31,32,35],
[8,21,27,34,36],
[0,17,25,37],
[2,22,28,38],
[7,13,24,39],
[6,14,30,40],
[5,9,23,33,41],
[4,11,18,42],
[1,15,20,29],
[3,12,19,26]],

[[15,21,24,35],
[13,18,28,32,36],
[5,22,30,37],
[7,19,25,34,38],
[0,10,29,33,39],
[3,11,27,40],
[2,14,16,41],
[1,12,23,42],
[6,8,17,26],
[4,9,20,31]],

[[12,22,25,33,35],
[14,19,29,36],
[6,23,31,37],
[4,16,26,38],
[1,11,30,34,39],
[0,8,24,40],
[3,15,17,32,41],
[2,13,20,42],
[7,9,18,27],
[5,10,21,28]],

[[13,23,26,34,35],
[15,16,30,36],
[7,20,28,37],
[5,17,27,38],
[2,8,31,39],
[1,9,25,32,40],
[0,12,18,41],
[3,14,21,33,42],
[4,10,19,24],
[6,11,22,29]],

[[14,20,27,35],
[12,17,31,36],
[4,21,29,32,37],
[6,18,24,33,38],
[3,9,28,39],
[2,10,26,40],
[1,13,19,41],
[0,15,22,34,42],
[5,11,16,25],
[7,8,23,30]]
]
